1316876269590519808
1316876271071055872
1316876271549251585
1316876271989608448
1316876277891039232
1316876278037794817
1316876278419517441
1316876278457200641
1316876278532763648
1316876278826332160
1316876278465667072
1316876279350652928
1316876279493214208
1316876279568687105
1316876279581343745
1316876280420155393
1316876280847978497
1316876281296822272
1316876281712050176
1316876282253119489
1316876282437615617
1316876282588614656
1316876280877309952
1316876282316034050
1316876282357972993
1316876282727079936
1316876281368117248
1316876282668302336
1316876283217809408
1316876283821793280
1316876284211859456
1316876284555718656
1316876284987727873
1316876284958400513
1316876284673191939
1316876285423939585
1316876285839249408
1316876286229319681
1316876286770335746
1316876286980055041
1316876287600861184
1316876288032796673
1316876288246779906
1316876288192180225
1316876288234196992
1316876290033475585
1316876289651871744
1316876290050256896
1316876290520092672
1316876290285215744
1316876290884997122
1316876291224727552
1316876291161776131
1316876291224739843
1316876291719585793
1316876292122243073
1316876290973003776
1316876292613009409
1316876293678395395
1316876293665824768
1316876294450081793
1316876294219460608
1316876294403964928
1316876294836027392
1316876294873776130
1316876295435821056
1316876295175716864
1316876296996020225
1316876296916361216
1316876297587453952
1316876297977491458
1316876298283675648
1316876298300485633
1316876299164475392
1316876300380897280
1316876301270085633
1316876301597208577
1316876303685963777
1316876305535655936
1316876306177388544
1316876306089349120
1316876307062353920
1316876307079127045
1316876306940792832
1316876308085833728
1316876310791122945
1316876310656937985
1316876310786895872
1316876311621595136
1316876313660026881
1316876314364661761
1316876318445694976
1316876320735784961
1316876321683697665
1316876321692082176
1316876324699402245
1316876326393929728
1316876327127982080
1316876337844383744
1316876341363372033
1316876350314012672
1316876353963130880
1316876366864769024
1316876375169540096
1316876376884953088
1316876382232743936
1316876384975777792
1316876393729277952
1316876406542921728
1316876407234981890
1316876409076285440
1316876410582044676
1316876412557561856
1316876422854500352
1316876423806689280
1316876427912908801
1316876432073605121
1316876444576825344
1316876447609319425
1316876449526104065
1316876457201659904
1316876464281640960
1316876464688517122
1316876465670037504
1316876468828303361
1316876469218340864
1316876475690151944
1316876480643649537
1316876481075658754
1316876483734904832
1316876490596786177
1316876490936471552
1316876502584029184
1316876503657848832
