1462314836273078275
1462314836512149504
1462314837128581120
1462314837292326915
1462314836889456640
1462314837560610816
1462314837447352323
1462314837992689666
1462314837938106368
1462314838034685954
1462314837833396226
1462314837996883973
1462314838231855104
1462314838382678019
1462314838667919360
1462314838336679936
1462314838739210242
1462314838621925376
1462314839016046596
1462314838495940608
1462314838516854787
1462314839213154312
1462314838873542656
1462314839469137923
1462314839649533952
1462314839083307016
1462314840345645060
1462314840622571522
1462314841348186112
1462314840714665996
1462314841201418241
1462314841020895237
1462314843491516416
1462314844040974336
1462314844229677059
1462314845634805760
1462314845936574468
1462314846020685824
1462314845659971592
1462314846800662528
1462314847048187905
1462314847257993217
1462314848352718853
1462314849019609094
1462314850701488135
1462314851288723458
1462314851280244737
1462314853926727685
1462314855264829443
1462314857139773442
1462314857223569409
1462314858377097216
1462314856355409923
1462314859173982209
1462314859488587779
1462314859702411266
1462314860977717256
1462314861388603396
1462314859845062656
1462314861866545156
1462314862600728577
1462314862881636359
1462314862881685509
1462314863192121345
1462314862185435139
1462314864702021639
1462314865364590594
1462314865306054656
1462314866610520064
1462314866719752192
1462314866845257730
1462314869202554883
1462314870720929793
1462314871035473921
1462314871400239109
1462314871773560838
1462314872184741894
1462314872457342979
1462314872943747074
1462314872880906249
1462314872839016455
1462314873153626116
1462314873459720194
1462314871966642177
1462314873853988867
1462314874889932804
1462314875473084419
1462314875909287937
1462314876974604296
