1465140047024324609
1465140048530190343
1465140048915927046
1465140048630849537
1465140049532665867
1465140049847013377
1465140049750544386
1465140050463625216
1465140050837057537
1465140053563297793
1465140055371096067
1465140055991857154
1465140055962529799
1465140057027796994
1465140057774477320
1465140058114174987
1465140058126643208
1465140058193731586
1465140057795227655
1465140059053735936
1465140059145912321
1465140059535904772
1465140060026720268
1465140059980632066
1465140060744040449
1465140062459351040
1465140063055097858
1465140063289806856
1465140063403130880
1465140063528886279
1465140063726100483
1465140063977758725
1465140064091090951
1465140065206738948
1465140065294712833
1465140066490195976
1465140066536284161
1465140067459084293
1465140068012548097
1465140068138381314
1465140068679573505
1465140068687900673
1465140068981612545
1465140069069512706
1465140069447180293
1465140070084718599
1465140072748093441
1465140072769114112
1465140073645719552
1465140074237116424
1465140074945912832
1465140075138666496
1465140074866036741
1465140075906412553
1465140075323297799
1465140076233601024
1465140076380409859
1465140075981852682
1465140076636094466
1465140076912861192
1465140077550575617
1465140077986734086
1465140078007635970
1465140078221697024
1465140078284402689
1465140079068856327
1465140079047823363
1465140079047823369
1465140079882608643
1465140080117489670
1465140080121724931
1465140080864116754
1465140080948002828
1465140081279311875
1465140081916850180
1465140082139037696
1465140082592169985
1465140082659274761
1465140082965315590
1465140083447660546
1465140083686711301
1465140083749789699
1465140084521553926
1465140083950952452
1465140084492095493
1465140085603459075
1465140086417149957
1465140086442496008
1465140086337585154
1465140086568370176
1465140086966730763
1465140087155564547
1465140087402946562
1465140087784628232
1465140088182960129
1465140088099192843
1465140089239977989
1465140089244299271
1465140089311436802
1465140090523426816
1465140091039453193
1465140091073011719
1465140091920207873
1465140091781849090
1465140092633239552
1465140092746416128
1465140092893290498
1465140093857910791
1465140093979529223
1465140094487207941
1465140094675951621
1465140095447621632
1465140095447711752
1465140096433283073
1465140097653690368
1465140097825841155
1465140098308132870
1465140099046383619
1465140099813892103
1465140100061450240
1465140100493455360
1465140101055320070
1465140102020190208
1465140102582059013
1465140103114739712
1465140103462928384
1465140103572082692
1465140103768985606
1465140103924305926
1465140105597890563
1465140105614614531
1465140106759741446
1465140106944258055
1465140107179134979
1465140107665621001
1465140107560861698
1465140108483518470
1465140108957347843
1465140109003550720
1465140109590728707
1465140110702178305
1465140111847276547
1465140112149434369
1465140112354861056
1465140112552087553
1465140112593932297
1465140112744931338
1465140112992481280
1465140114237972484
1465140114640674821
1465140114649145349
1465140114594701314
1465140114380648450
1465140115647442954
1465140115844612096
1465140116326952967
1465140118562525188
1465140118365171717
1465140118617051144
1465140119107633152
1465140119900459008
1465140119418118152
1465140121225744384
1465140121355702279
1465140121557094408
1465140121657917449
1465140122161008642
1465140122018623494
1465140123117371403
1465140123440496640
1465140123432009728
1465140123356393473
1465140123956355084
1465140123968815107
1465140124723806220
1465140124484878336
1465140125445279745
1465140125868908549
1465140126456053763
1465140126766534660
1465140126812676098
1465140127601029130
1465140127609593867
1465140128108531714
1465140128901320705
1465140129442508806
1465140129912143878
1465140129387876357
1465140130780364804
1465140131397046275
1465140131308789765
1465140133020196865
1465140133661925379
1465140133431177218
1465140133905248265
1465140134102269960
1465140134353915906
1465140134249218052
1465140134446309376
1465140134400208897
1465140135876444164
1465140136518189061
1465140136887341061
1465140137042526213
1465140137059405830
1465140139374559237
1465140139882016771
1465140140657889286
1465140141194895363
1465140141585018882
1465140143002734592
1465140144084635650
1465140144466391042
1465140144432979968
1465140144462176257
1465140144810332160
1465140144558809090
1465140144906854400
1465140144923721730
1465140145301049348
1465140145678659599
1465140146383245323
1465140146714681345
1465140147226386434
1465140147754872832
1465140147918454785
1465140149478637569
1465140149831020551
1465140149642272771
1465140151156449281
1465140151026397185
1465140151600959490
1465140152536342533
1465140152595005440
1465140152515366926
1465140152876113923
1465140153270292482
1465140153907884037
1465140153974988801
1465140153987571717
1465140157728931845
1465140158798483459
1465140157871390727
1465140159804887042
1465140160912244745
1465140162749353987
1465140163374292994
1465140163353403407
1465140163495936004
1465140163693133832
1465140163701583872
1465140164146118658
1465140165014286340
1465140165198770176
1465140165823778817
1465140166398464001
1465140168864649219
1465140169363832833
1465140169716158468
1465140170727071747
1465140170869465090
1465140171125444615
1465140172064841736
1465140171590885377
1465140172379594753
1465140172685643777
1465140173264592899
1465140173398761474
1465140173184897033
1465140173633556487
1465140174355062792
1465140175638573057
1465140175839932429
1465140176372396033
1465140176905293828
1465140176888512517
1465140176997556230
1465140177333067776
1465140178226499588
1465140178280976387
1465140178519937024
1465140178608025601
1465140179090350081
1465140179614662663
1465140180159918083
1465140180193533960
1465140180726140931
1465140181099421697
1465140181699375112
1465140182731030532
1465140183502708737
1465140184316461057
1465140185952395271
1465140186111688706
1465140189463040001
1465140189752279044
1465140190180118545
1465140191350325249
1465140191870525448
1465140192818335744
1465140193120251905
1465140193736855552
1465140194269671432
1465140194424725506
1465140194420609027
1465140194571599876
1465140194785435648
1465140195414609927
1465140194990907399
1465140195754393604
1465140196215717888
1465140197016829960
1465140197952307201
1465140197989957634
1465140198350602245
1465140198342377477
1465140198526767113
1465140198652604420
1465140198660997123
1465140198967156736
1465140200489697281
1465140200661676042
1465140201114771462
1465140201945280512
1465140201966219269
1465140202058354689
1465140201995522049
1465140202117025795
1465140202947575808
1465140203362914308
1465140203526447110
1465140203975106566
1465140203992010763
1465140204113731589
1465140204403109893
1465140204616839169
1465140205627875331
1465140205787090947
1465140206042959878
1465140205405442051
1465140205896146945
1465140207045398533
1465140206944796673
1465140207401984000
1465140207817302016
1465140207892770817
1465140207942967307
1465140209511714823
1465140210153365512
1465140210237247489
1465140210480476160
1465140210421878791
1465140210765742082
1465140211390849031
1465140210958798858
1465140211902468100
1465140212070297601
1465140212540100613
1465140212049137671
1465140213387128839
1465140212904955906
1465140214167265280
1465140214351872006
1465140214418968579
1465140214360330242
1465140215010541570
1465140216067407879
1465140216583307268
1465140216570814472
1465140216239427586
1465140217346773003
1465140217585618954
1465140217258467334
1465140218101739522
1465140218391150594
1465140217925410817
1465140219259367430
1465140219536023556
1465140220513251329
1465140221180264455
1465140221998088194
1465140223445286913
1465140223445188614
1465140224397221889
1465140224871124993
1465140225118818306
1465140225269633024
1465140223562563591
1465140226783731712
1465140227278663690
1465140227610230793
1465140227995885571
1465140227899490312
1465140228159647746
1465140228172226562
1465140228222558209
1465140227933102084
1465140228344135689
1465140228340039685
1465140228243406850
1465140229002698757
1465140229162024960
1465140230462361603
1465140231154266118
1465140231519326216
1465140232559505414
1465140232773414913
1465140232852893697
1465140233071054849
1465140233532493825
1465140233964376064
1465140234639880193
1465140235289964551
1465140236577607682
1465140236611108864
1465140237315686406
1465140237219381255
1465140237290586119
1465140237869490183
1465140239584960515
1465140239995858949
1465140240243249153
1465140240537038852
1465140240545243139
1465140241149435911
1465140241258344456
1465140241292009476
1465140242642468868
1465140243703558148
1465140243795906568
1465140243858804739
1465140244458704896
1465140245821894656
1465140245775663106
1465140246039961605
1465140247101157383
1465140247365308420
1465140248455921665
1465140248590094337
1465140249357701125
1465140249655451656
1465140249873375236
1465140250318020609
1465140250532065285
1465140251836489731
1465140253291790336
1465140253010759680
1465140253316902918
1465140253954555906
1465140254042587139
1465140254248161282
1465140255254728708
1465140256685150211
1465140256836050947
1465140256701829127
1465140256987127812
1465140257314287616
1465140257637208067
1465140257775517696
1465140257943347205
1465140257972752386
1465140257880522758
1465140258467684354
1465140259813871621
1465140259231092738
1465140260451467267
1465140261252521985
1465140261365985290
1465140262058045445
1465140261927985158
1465140262267727873
1465140262355668992
1465140262473195524
1465140263085649925
1465140263228219402
1465140263756746756
1465140264696258562
1465140265207820289
1465140265576923140
1465140265983692800
1465140266248069131
1465140266860482561
1465140267170897924
1465140267250601989
1465140267904765963
1465140268148183044
1465140268273860610
1465140269808959491
1465140270224183300
1465140270144663558
1465140270224134148
1465140270471729153
1465140270534594566
1465140271084044289
1465140271348391939
1465140271725883399
1465140271973158912
1465140272451493888
1465140272023707652
1465140272447164419
1465140272761819140
1465140273680646144
1465140273634320387
1465140272753373190
1465140274154205186
1465140274896809985
1465140275743838212
1465140276037664770
1465140276251537412
1465140278256291840
1465140278864580610
1465140279636160518
1465140280554921995
1465140280710119440
1465140280806498304
1465140281842544645
1465140282400251909
1465140283138625537
1465140284451295234
1465140284484849665
1465140284430241794
1465140284765859843
1465140285118242819
1465140285768355845
1465140285978120196
1465140286158430209
1465140286460514314
1465140286548586496
1465140286779125761
1465140286854602755
1465140287584542722
1465140287655739393
1465140288805036034
1465140288566046721
1465140289190961155
1465140289752895491
1465140289975160833
1465140290063421448
1465140290197475335
1465140289752813573
1465140290465972225
1465140291971817473
1465140292156284930
1465140292835753990
1465140293892722693
1465140293540335618
1465140294467289092
1465140294761000961
1465140294920323075
1465140295612473345
1465140295897649152
1465140296967090181
1465140297076199432
1465140297663500292
1465140297222868992
1465140298271571971
1465140298435096577
1465140298833481728
1465140298808393730
1465140301199073283
1465140301543133186
1465140302684073987
1465140302943899648
1465140303258697739
1465140303396884486
1465140303451639811
1465140303707262985
1465140303996801027
1465140303883608066
1465140304080736259
1465140305456472064
1465140306274304001
1465140308665057283
1465140308694474752
1465140308593856512
1465140308388167682
1465140308857929730
1465140308576923652
1465140309533368332
1465140309784989703
1465140309654863876
1465140310107987969
1465140310980415506
1465140311043182597
1465140311869440005
1465140312272216065
1465140312494407682
1465140312687448070
1465140313530400768
1465140313522151429
1465140314440704003
1465140315048890372
1465140316256800772
1465140316697149448
1465140317250887688
1465140317301067778
1465140317569658885
1465140318353838080
1465140319163461643
1465140319947825152
1465140320992124933
1465140321239588868
1465140321411547138
1465140321738641417
1465140322284228608
1465140322585952260
1465140322799869961
1465140322787332102
1465140323437342725
1465140324741697539
1465140325001818112
1465140324909551622
1465140325077372934
1465140325467496460
1465140325219848192
1465140325941346307
1465140325555580930
1465140326113423365
1465140326109175816
1465140326839037956
1465140327614799878
1465140327745036299
1465140328084611073
1465140328697008128
1465140328625754119
1465140329108156421
1465140328759967748
1465140329472933896
1465140329850548229
1465140330278305795
1465140330416771072
1465140331846901764
1465140331259650053
1465140332002091009
1465140332518162440
1465140332622872579
1465140333789036553
1465140334313328643
1465140334338265094
1465140335106043911
1465140335072399362
1465140336364240902
1465140337542713351
1465140338465677316
1465140338662723590
1465140337987371013
1465140340122390540
1465140340202123266
1465140340487294989
1465140340252307460
1465140340726325255
1465140341904855043
1465140342051721223
1465140342252978176
1465140344299954180
1465140345084297223
1465140345671495683
1465140345868591105
1465140344945840135
1465140346451595268
1465140347076427776
1465140347479097344
1465140349676969991
1465140349362450437
1465140349979013122
1465140350960472068
1465140350901796864
1465140351283441665
1465140351744688130
1465140352382291971
1465140353464512526
1465140353992957953
1465140354907193348
1465140354861211654
1465140354966073353
1465140354966073348
1465140355687407616
1465140355909578753
1465140357436370951
1465140356895412229
1465140357398609922
1465140357574897664
1465140358334095366
1465140358686420992
1465140360036950030
1465140360389165064
1465140361018417153
1465140361509027844
1465140361609633806
1465140361777479686
1465140361953640454
1465140364742959107
1465140365044994061
1465140365695111170
1465140366747881473
1465140366693347347
1465140366940717062
1465140367737561089
1465140368689750017
1465140368660471810
1465140370124288005
1465140370669510656
1465140370556268544
1465140370967248899
1465140372024152068
1465140371105533959
1465140372158529540
1465140372468809733
1465140372624052231
1465140372934254594
1465140372993024004
1465140373043437574
1465140373290770437
1465140374008209409
1465140374385700868
1465140374842847235
1465140374830157824
1465140375308410887
1465140378596696069
1465140378873569281
1465140379775348737
1465140379913699330
1465140380697911296
1465140381121720320
1465140381423927296
1465140381620879367
1465140381754875905
1465140381448871949
1465140381796818945
1465140382006755340
1465140382388211720
1465140383210373122
1465140383638302721
1465140383617216520
1465140385001394176
1465140385886388228
1465140386020696064
1465140386121195523
1465140387098423298
1465140387086049289
1465140388667150338
1465140389518716930
1465140390529585157
1465140390789480449
1465140390932234247
1465140391162884100
1465140391506808835
1465140391527731203
1465140391892586498
1465140392186290180
1465140392387661831
1465140392626737164
1465140392568004608
1465140391955492865
1465140392878391299
1465140393494736900
1465140393956229128
1465140394233057287
1465140394715492353
1465140395013128198
1465140395340275714
1465140395642433545
1465140395852107779
1465140398117072898
1465140399224336392
1465140399551434754
1465140401342488578
1465140401606737926
1465140402189574149
1465140403263451145
1465140405536710660
1465140406535004162
1465140406191022083
1465140406795087876
1465140406841233419
1465140404739887112
1465140408275529728
1465140408527245319
1465140409072422912
1465140409357717508
1465140409974333443
1465140410368593927
1465140410418823170
1465140410943082496
1465140411190575110
1465140411866009605
1465140412490862597
1465140413589721092
1465140413803737091
1465140414533484551
1465140414839758850
1465140415531819010
1465140415867371526
1465140415737339911
1465140416857137152
1465140416810938369
1465140417532514308
1465140418429874181
1465140419122151428
1465140419491246091
1465140419516416001
1465140422397730816
1465140423962152961
1465140424268398593
1465140425312845825
1465140425849774084
1465140426155909128
1465140426843766787
1465140427137323009
1465140427317813248
1465140427422633984
1465140427422670852
1465140427581837318
1465140427359924225
1465140428009791490
1465140427850399751
1465140429351911425
1465140430245404677
1465140430316744707
1465140431197327362
1465140431168102403
1465140431381925890
1465140432548077578
1465140433307283458
1465140433902841859
1465140434355687433
1465140434607304708
1465140434850701318
1465140434779398151
1465140435358158850
1465140436075438090
1465140435949703171
1465140437677756431
1465140437795155975
1465140437874790411
1465140438159937538
1465140437279068166
1465140438193610753
1465140439866961924
1465142385709572096
1465142386212827136
1465142386158444546
1465142387399872512
1465142387567648770
1465142389165727746
1465142389098496006
1465142390738632704
1465142390642126853
1465142391510339587
1465142391736659971
1465142391971762182
1465142394190372867
1465142395129847816
1465142395939471370
1465142396019118083
1465142396321091590
1465142396904161280
1465142397143236609
1465142397172654087
1465142397554376706
1465142398732931076
1465142398833643527
1465142399240339461
1465142400607793152
1465142400997806083
1465142401454927878
1465142401589260288
1465142401694158849
1465142401702379520
1465142401857511425
1465142402075836416
1465142402499457027
1465142402545451010
1465142402100961288
1465142404302917636
1465142405598953481
1465142406173667328
1465142406303596546
1465142406404349956
1465142406878216198
1465142406844588039
1465142407188656135
1465142407427764224
1465142408019161096
1465142408253952002
1465142408748756996
1465142409927483394
1465142410141483009
1465142410652971011
1465142411303133188
1465142411634618368
1465142411898900481
1465142412507066370
1465142415417827334
1465142416600616960
1465142417691058176
1465142418257420290
1465142418190135298
1465142418353885192
1465142418802577410
1465142419171594246
1465142419620601867
1465142420006481922
1465142420379742208
1465142421440933891
1465142421549989892
1465142421906284545
1465142423026388993
1465142423290630152
1465142424603443206
1465142424842301442
1465142424750092289
1465142425316302848
1465142425496686594
1465142425681383426
1465142425995862025
1465142426184658948
1465142427526832134
1465142428172619778
1465142429162655744
1465142429657485317
1465142429850365953
1465142429900759047
1465142430127345665
1465142430911504384
1465142430886289414
1465142431725150211
1465142431977025543
1465142431905685504
1465142432450985991
1465142432933322757
1465142433784602626
1465142433281306624
1465142434367631362
1465142435080806411
1465142434430652416
1465142436318138375
1465142437555359745
1465142440097042433
1465142440168497157
1465142440260554755
1465142440403288068
1465142440403161093
1465142442798235650
1465142442844430342
1465142443838521344
1465142444920500227
1465142445373411330
1465142445390270465
1465142446069854212
1465142446325583872
1465142446824869888
1465142447181217793
1465142447172988932
1465142447063842822
1465142447495794688
1465142448628412418
1465142448925990918
1465142448859103243
1465142449815183363
1465142450830249984
1465142451597946889
1465142452168257539
1465142452155600896
1465142452248092680
1465142453770534916
1465142454198411265
1465142454550601728
1465142454458462214
1465142455007854602
1465142456760950785
1465142456576581633
1465142458019364869
1465142458791043076
1465142459810332672
1465142460351451136
1465142460582019073
1465142462553284610
1465142463421562884
1465142463522394113
1465142463719362561
1465142463870513155
1465142463937531908
1465142464247959557
1465142465502060544
1465142466340958216
1465142467343302663
1465142467792191489
1465142468891004933
1465142469029511168
1465142469167697924
1465142469788585988
1465142469511766027
1465142470128328706
1465142470203768832
1465142470145019908
1465142470451343368
1465142471147630598
1465142471583801344
1465142471818547204
1465142472678457348
1465142472657547267
1465142472473026563
1465142473093791749
1465142474066710530
1465142473903128582
1465142474842816512
1465142475794927617
1465142476222566400
1465142476021374978
1465142476369502210
1465142476721819648
1465142476688265223
1465142476877045771
1465142477690707975
1465142477170651137
1465142478198251522
1465142478474911746
1465142479146008581
1465142479825608709
1465142480119078913
1465142481264201729
1465142481788362756
1465142482178428930
1465142482082009090
1465142483122221058
1465142484237832201
1465142485152321668
1465142485571686400
1465142486058381316
1465142486188371976
1465142486356176899
1465142486473478146
1465142487304085512
1465142488897921027
1465142489069895683
1465142489099165703
1465142489480794113
1465142489891815431
1465142490097504256
1465142490244149250
1465142490609209346
1465142491192217606
1465142491644973057
1465142491745816579
1465142492181979138
1465142492165120004
1465142492249083904
1465142493847109637
1465142494673309700
1465142495633883150
1465142495554244615
1465142495902244868
1465142497315901443
1465142497513033730
1465142497886228480
1465142498611843075
1465142498410393601
1465142498838286340
1465142498930667524
1465142499404619777
1465142500696416257
1465142500222402560
1465142501929414668
1465142502240006145
1465142502365696001
1465142503229861889
1465142503502401539
1465142504249073664
1465142504320385024
1465142503783477248
1465142505205231627
1465142505649881088
1465142506975342598
1465142505238900737
1465142508762112014
1465142508967530500
1465142508489523210
1465142511920312321
1465142513057083395
1465142513270984705
1465142513581309958
1465142513870811137
1465142513816117254
1465142514365743104
1465142515011661825
1465142514873249795
1465142515133210624
1465142516106379264
1465142516550799363
1465142516819189766
1465142516743741445
1465142517578420227
1465142517452574720
1465142517578534914
1465142517817434114
1465142517301710849
1465142518123798531
1465142518459346948
1465142518702612481
1465142519071756291
1465142519230963713
1465142519663054850
1465142519579172865
1465142520049020934
1465142520803848195
1465142520866824198
1465142521189650432
1465142521454022658
1465142522213277696
1465142523169583104
1465142523689533440
1465142523442044933
1465142524117491713
1465142524557737988
1465142524440461320
1465142524620656644
1465142524868132864
1465142525128228869
1465142525635747843
1465142525321101315
1465142526264889347
1465142526696988677
1465142527208476673
1465142528005578761
1465142529045643265
1465142529154764803
1465142529586712577
1465142530371162124
1465142530597605376
1465142531142914049
1465142532040531968
1465142532107489284
1465142532640325632
1465142533307076615
1465142533416226821
1465142533508550656
1465142534796197891
1465142534867283976
1465142535827902465
1465142536213778444
1465142536557805570
1465142537639772165
1465142537899937796
1465142538117865476
1465142538457604101
1465142538470264834
1465142539762077698
1465142539837657092
1465142540223590406
1465142540294889473
1465142542312292354
1465142542966702084
1465142545072238595
1465142545227284480
1465142545269227520
1465142545059561474
1465142545508290566
1465142547207106560
1465142547911622656
1465142548079562755
1465142548192759810
1465142548750548994
1465142548708708355
1465142548968599552
1465142549069189120
1465142550000328711
1465142550520553475
1465142550688370702
1465142550763741188
1465142550851952648
1465142550923259907
1465142550591950854
1465142551153893382
1465142551351074818
1465142552018006016
1465142553053909001
1465142554656083972
1465142557042688001
1465142558045052932
1465142558036660226
1465142559374823424
1465142559211200512
1465142559617941514
1465142560461144069
1465142560633020423
1465142560708456450
1465142560930746375
1465142561002119172
1465142561165635586
1465142561161547779
1465142562294009857
1465142562017226757
1465142562965102600
1465142563212566531
1465142563833139210
1465142564517036038
1465142564726652933
1465142564735135744
1465142565208870915
1465142565431242758
1465142565611708419
1465142565804589067
1465142566018555912
1465142566010208268
1465142565859377153
1465142566362529801
1465142566924423172
1465142567146827783
1465142567394177027
1465142567704608771
1465142568170184715
1465142568044302337
1465142568748941316
1465142569138987013
1465142569860571143
1465142568736288772
1465142570644742147
1465142571684929541
1465142572058173445
1465142572272087042
1465142572301627392
1465142572179857412
1465142572901232645
1465142573232652291
1465142573681500174
1465142574650322945
1465142574889545735
1465142575434637312
1465142575560601606
1465142575464161288
1465142577481535497
1465142577561174025
1465142577624231947
1465142577825554432
1465142577905082372
1465142578244841474
1465142578312056837
1465142578953740289
1465142579348086787
1465142581076054021
1465142581407338496
1465142582153932802
1465142582086930445
1465142583068291077
1465142582938423298
1465142582774841351
1465142584574107652
1465142584846823424
1465142585152913408
1465142585979289601
1465142586126090244
1465142587203874818
1465142587744915459
1465142588441128962
1465142590244671490
1465142590379106312
1465142590953639938
1465142592257986563
1465142592149110785
1465142592153305089
1465142591964389377
1465142593361264644
1465142594070011909
1465142591947612161
1465142595093504000
1465142596012068865
1465142596565565442
1465142597098389505
1465142597933010955
1465142598209871872
1465142598407188481
1465142598708842497
1465142600424435722
1465142600722092043
1465142601913286656
1465142600931819520
1465142602290843648
1465142602576056321
1465142602500616198
1465142603658240003
1465142603704242187
1465142604266418179
1465142604488749057
1465142605617016832
1465142607109976066
1465142607114391555
1465142607084986372
1465142607579738115
1465142607579910145
1465142608687251463
1465142608922087431
1465142610968801283
1465142611321176065
1465142612210294791
1465142613472862225
1465142613640564736
1465142613732855810
1465142615091777536
1465142615251292160
1465142616031440901
1465142617486864387
1465142618380189698
1465142619718172681
1465142620078981121
1465142620515098628
1465142620754046977
1465142621408485380
1465142621404282889
1465142621840543749
1465144419196313604
1465144419485683719
1465144419779325961
1465144420127363080
1465144420131553283
1465144420366491650
1465144420672626688
1465144421394038787
1465144422182494208
1465144422941839365
1465144423512043524
1465144423596003330
1465144423717785601
1465144424145604616
1465144424636190726
1465144425076637697
1465144425479225344
1465144425684738056
1465144426465046528
1465144426897027081
1465144427031273474
1465144427370983431
1465144428440526857
1465144428415406081
1465144427605753861
1465144429270994947
1465144429329661974
1465144430017536001
1465144430579666945
1465144431330443267
1465144431670185987
1465144431053520897
1465144431711977475
1465144432160919560
1465144432441929729
1465144432647417857
1465144433331130373
1465144433188343813
1465144433284816896
1465144432945025024
1465144433935011848
1465144434178277385
1465144434572644356
1465144434614587403
1465144435260329989
1465144435935748096
1465144436220911622
1465144436564770817
1465144436405456902
1465144437168824322
1465144438431391748
1465144438615773185
1465144438682910727
1465144439546994689
1465144441719513092
1465144442252251139
1465144442319523840
1465144442860490763
1465144442994765829
1465144443212902408
1465144444043288577
1465144444580204556
1465144444953370624
1465144445607636992
1465144447075823624
1465144447155507205
1465144447314931712
1465144447403016194
1465144447784689671
1465144447834992645
1465144447860043785
1465144447977472001
1465144449676234755
1465144449764188163
1465144449932029953
1465144450427109383
1465144451064602626
1465144451697807374
1465144451970523144
1465144452410916872
1465144452889071619
1465144453144973313
1465144453384003586
1465144454965252106
1465144455799840772
1465144459121864705
1465144459360976902
1465144459759398912
1465144461172916232
1465144462242299907
1465144462380879878
1465144462816993285
1465144463047766020
1465144463160868866
1465144463697883139
1465144463630626817
1465144462565388288
1465144464322793479
1465144464733782016
1465144465958576130
1465144466247860228
1465144466407235587
1465144465962651648
1465144467153956870
1465144467661414401
1465144469427302400
1465144469842497542
1465144469939003401
1465144470333267969
1465144470526214144
1465144470945492998
1465144471188697094
1465144471264415747
1465144471062925319
1465144471834796045
1465144472015155204
1465144473260896256
1465144474158309377
1465144475240464390
1465144475798364170
1465144475852754947
1465144476574248964
1465144478025535491
1465144478256312324
1465144478558302212
1465144478918926345
1465144479296462850
1465144479673843717
1465144479774564352
1465144481456418817
1465144482651901952
1465144483104772098
1465144485038362628
1465144485025878022
1465144485827035145
1465144485659090948
1465144486481342465
1465144486493884418
1465144487160733699
1465144487240368129
1465144487093542912
1465144487076794375
1465144487970287621
1465144488343470083
1465144488683180037
1465144488595177483
1465144488960180224
1465144488565743617
1465144489463500805
1465144490063273992
1465144490658779137
1465144491103375371
1465144491799564292
1465144491841622022
1465144493292851206
1465144493456297988
1465144494089777153
1465144494244995073
1465144495838748675
1465144495964504066
1465144496493002761
1465144497273294854
1465144498699345921
1465144499202498560
1465144499504664577
1465144499672215557
1465144500074987531
1465144500632838146
1465144501261975555
1465144501614358532
1465144501572362243
1465144501941547016
1465144502138589184
1465144502436483078
1465144502859956225
1465144502801162245
1465144502700675074
1465144504919498752
1465144505011740673
1465144505548615683
1465144506551046147
1465144507251544064
1465144507473743873
1465144507696140297
1465144507834372096
1465144508526514187
1465144508912480261
1465144508933419012
1465144509373759490
1465144509814169602
1465144509533200393
1465144510166409221
1465144510288216075
1465144510313160710
1465144510934130693
1465144510820892672
1465144512104345608
1465144512359985153
1465144512704126982
1465144513425518593
1465144513706528772
1465144515891798016
1465144516072124417
1465144516688728070
1465144517514842112
1465144517833551876
1465144518286708743
1465144518093770757
1465144518685065218
1465144520140636166
1465144521868529672
1465144523277803521
1465144523009724418
1465144523563184135
1465144524112482305
1465144524695613443
1465144525047971840
1465144525165318148
1465144525387538438
1465144525932879877
1465144527547736072
1465144527665070080
1465144528692723713
1465144529296805891
1465144529800122370
1465144530114600963
1465144530781540352
1465144530869444608
1465144530852851713
1465144532077449221
1465144533335822347
1465144534594166784
1465144535596548109
1465144536439603200
1465144536787734530
1465144537022533633
1465144537450434564
1465144539233112064
1465144539321147393
1465144539258265608
1465144540201988098
1465144540617220101
1465144541053440003
1465144541489483777
1465144541430759428
1465144541493747717
1465144541976092674
1465144541988728832
1465144542051463176
1465144542253002754
1465144542533881862
1465144543028953093
1465144543519641600
1465144543792320512
1465144543993544707
1465144544610164736
1465144544647958531
1465144545847300100
1465144546585686016
1465144547231649798
1465144547164393473
1465144547197939712
1465144547659247621
1465144548104024071
1465144548275855363
1465144548691222529
1465144548288389120
1465144549337145345
1465144550276546569
1465144550582718467
1465144551308468227
1465144551383965701
1465144553527472128
1465144553837522950
1465144554265493510
1465144554223386634
1465144554785542147
1465144555385372680
1465144555582410761
1465144555481841670
1465144555913633795
1465144555922022405
1465144555838193671
1465144556844769281
1465144556991750155
1465144557276966917
1465144557348147201
1465144557809463300
1465144558845632519
1465144559189569536
1465144559684440069
1465144560158449668
1465144560896598022
1465144560795881479
1465144562893017091
1465144563044126722
1465144563002232834
1465144563358646282
1465144563392262149
1465144563459317761
1465144565942427649
1465144565946486787
1465144565946413057
1465144566567350274
1465144567024414724
1465144567091585025
1465144567506821120
1465144569314660359
1465144570065399811
1465144570518196225
1465144571025928196
1465144571462045703
1465144571642343427
1465144571919314951
1465144572061753344
1465144572410056706
1465144573307543552
1465144573248823296
1465144572476936197
1465144576050487304
1465144576860045313
1465144577313030151
1465144577438982146
1465144577644535808
1465144578017619976
1465144578122543106
1465144578282074112
1465144578693021698
1465144578609233927
1465144578638548992
1465144579167076357
1465144579313700869
1465144579754115073
1465144579838164993
1465144581582819328
1465144581167583237
1465144581998190604
1465144582065299458
1465144582488956936
1465144582602059779
1465144582597869573
1465144583625457667
1465144583671537664
1465144584737107972
1465144584913051651
1465144584699269125
1465144585051688960
1465144585294856196
1465144585940733956
1465144585911353346
1465144586377080836
1465144586381238275
1465144587161382914
1465144587123507206
1465144587622633474
1465144587870105605
1465144588327395329
1465144588734283785
1465144590021771272
1465144590185476097
1465144590193901580
1465144590822830084
1465144591238279175
1465144592026714115
1465144592324562947
1465144593977069568
1465144594404757505
1465144595868704775
1465144596556656648
1465144599513493504
1465144599668613122
1465144600016924676
1465144599874260996
1465144600100696069
1465144602109829124
1465144603339030528
1465144602781003777
1465144605201027074
1465144605083590656
1465144605876359172
1465144607658807297
1465144607621197827
1465144608552366084
1465144609139474432
1465144609688875008
1465144611362512905
1465144611563843592
1465144613463801860
1465144613711265793
1465144614101274624
1465144615225364488
1465144615502159873
1465144615422595075
1465144615808512001
1465144615573544961
1465144617645400071
1465144618215882753
1465144618736136193
1465144620082515972
1465144620753592323
1465144620820709376
1465144621399379970
1465144622271844354
1465144622070439941
1465144623442149378
1465144623916064768
1465144624251650048
1465144624322781189
1465144624717045760
1465144625140678662
1465144625803542531
1465144626235510786
1465144625673302017
1465144627665666053
1465144628227813386
1465144628966047744
1465144629007892483
1465144629775552516
1465144630320664582
1465144631205765125
1465144632065495041
1465144633076420617
1465144633604722688
1465144633915318279
1465144634070417411
1465144634288578562
1465144635659984899
1465144636813549568
1465144636805029897
1465144638575157252
1465144639099342851
1465144640122851328
1465144640558878723
1465144641502601216
1465144641658003456
1465144642161287169
1465144642601586697
1465144642891100163
1465144643306328064
1465144643440750595
1465144643935477763
1465144646594666497
1465144647257407496
1465144647743795201
1465144649144745993
1465144649425866760
1465144649903976449
1465144649740394507
1465144650465951748
1465144650931396616
1465144652219260935
1465144652923764736
1465144654031036423
1465144655150993408
1465144655645794309
1465144656405147648
1465144656576929796
1465144656648359939
1465144656908505093
1465144657881354241
1465144658481328131
1465144659152302091
1465144659643183108
1465144660586815495
1465144660981006336
1465144665171279872
1465144668899917826
1465144670380457985
1465144671223517184
1465144671802257413
1465144672037208069
1465144672318222340
1465144672112635905
1465144672804814848
1465144673417138180
1465144673538908161
1465144673756872715
1465144673765257218
1465144674268717064
1465144674432303106
1465144674398523396
1465144674507800583
1465144674134282242
1465144675115974659
1465144675174518789
1465144675409350656
1465144675333984263
1465144676084641793
1465144676126654468
1465144676806242309
1465144676982288384
1465144677154361345
1465144677867438081
1465144678324445191
1465144678685290503
1465144678903209985
1465144678630756353
1465144679910060040
1465144680157487105
1465144680920743936
1465144681189109765
1465144681105281024
1465144681684156417
1465144681948336130
1465144682917216259
1465144683147849736
1465144682715832321
1465144683663966217
1465144685039689729
1465144686268477441
1465144686948065291
1465144686939545608
1465144687925370883
1465144688441131008
1465144689087041539
1465144689883897860
1465144690882363393
1465144691377070084
1465144692069343242
1465144692371337221
1465144692790767621
1465144694309019654
1465144694636040192
1465144695470714881
1465144696280334340
1465144697123446793
1465144697278533635
1465144699446960130
1465144699216441348
1465144699652608000
1465144700256542726
1465144700369788930
1465144700545941511
1465144702492037130
1465144702710128646
1465144702789840896
1465144703066779659
1465144704589307913
1465144705419644930
1465144706887680000
1465144707000909831
1465144708003360769
1465144708469075972
1465144709215657985
1465144709479731200
1465144709760831492
1465144711572824064
1465144712176840709
1465144712818483208
1465144714085076993
1465144714542432257
1465144714944937984
1465144714982825991
1465144715632906241
1465144716937338888
1465144717058863104
1465144717339934720
1465144717906264067
1465144718417969153
1465144720775024640
1465144719340675077
1465144720993275913
1465144722037428225
1465144721983127556
1465144722431823879
1465144724763856899
1465144724881383427
1465144725372030978
1465144725875220480
1465144726093398023
1465144726860931072
1465144727041449989
1465144728639336450
1465144729192976390
1465144729390096386
1465144729964793860
1465144731495768067
1465144731772629001
1465144732976238592
1465144732863107073
1465144733617909760
1465144733626474504
1465144734553235462
1465144735283089408
1465144735731908611
1465144737418067969
1465144737082585097
1465144737934020609
1465144739531997188
1465144739481767939
1465144739880214532
1465144741222301707
1465144741524381698
1465144742317117445
1465144742417772547
1465144743298408449
1465144744426807298
1465144745710141445
1465144746557550605
1465144746763030542
1465144746309947393
1465144747492888586
1465144746792427522
1465144747731918851
1465144747908124672
1465144747547410446
1465144748117741571
1465146726323531780
1465146726575181827
1465146727640535040
1465146727858647044
1465146728747835392
1465146728756166659
1465146729565757442
1465146730303811584
1465146730589171729
1465146730547007489
1465146730756771840
1465146730777915397
1465146730899550216
1465146731163697155
1465146731176370181
1465146731637751817
1465146732623261697
1465146733432913926
1465146734720569345
1465146734888296448
1465146735601192960
1465146735743971330
1465146736318447620
1465146736897183744
1465146736779796484
1465146737165836294
1465146737811668994
1465146738583515137
1465146738822557699
1465146738642096129
1465146740017819651
1465146740181540870
1465146740789723137
1465146740923789320
1465146741020184577
1465146741926338560
1465146741997531137
1465146742626783236
1465146742563819527
1465146742383468545
1465146743113322502
1465146743188819971
1465146743960457224
1465146744283480068
1465146744925159424
1465146745395073031
1465146745483145227
1465146745722187777
1465146746070200324
1465146746695294976
1465146749413117953
1465146749304066048
1465146750570799107
1465146750813888514
1465146751371800577
1465146751455797248
1465146751439024136
1465146752097529856
1465146752185610241
1465146752416288772
1465146753578156040
1465146753607344131
1465146753506856965
1465146754068799489
1465146754383462407
1465146755146784783
1465146755624759297
1465146756698542085
1465146758254809090
1465146759525588995
1465146760418893827
1465146760662327303
1465146762583166981
1465146764437118977
1465146764869177348
1465146765150023680
1465146765485789186
1465146765737353223
1465146766609764355
1465146767226204168
1465146769378095111
1465146769180925953
1465146769705082883
1465146769965301763
1465146770154045444
1465146770112098310
1465146771311583233
1465146771651190790
1465146772091662340
1465146772691447810
1465146772788031494
1465146772771295236
1465146773085691910
1465146773135970305
1465146773995991046
1465146774285344776
1465146774692188165
1465146775208005632
1465146775094894595
1465146775774412807
1465146775958953992
1465146776248369153
1465146777003347975
1465146777477074946
1465146777342861313
1465146778802536451
1465146778970324998
1465146779549241351
1465146780153044993
1465146780492963848
1465146780476190721
1465146780866207750
1465146780866203650
1465146781042368516
1465146781528903685
1465146782279684098
1465146782749446145
1465146782997000195
1465146783558877186
1465146783588392961
1465146783860805638
1465146785219895299
1465146785144315906
1465146785303826439
1465146786285342721
1465146787463761926
1465146787421818881
1465146787606544384
1465146788906741762
1465146789909209091
1465146790467022848
1465146791578554376
1465146792362663945
1465146792769507332
1465146793159655427
1465146793516158982
1465146793889611779
1465146793860079617
1465146794019594240
1465146791863762946
1465146795001102339
1465146795105951748
1465146794921414656
1465146795080753154
1465146795122692101
1465146795340623873
1465146795529412609
1465146795475062785
1465146796192112641
1465146797156753414
1465146797551140868
1465146797626589193
1465146798398480388
1465146798868156419
1465146799128199171
1465146799342059522
1465146799539195904
1465146799996354561
1465146800688431107
1465146801439318017
1465146802013761538
1465146801992966150
1465146802793943044
1465146803112710144
1465146803901190154
1465146805822398474
1465146807072272388
1465146807483191306
1465146808296902660
1465146808460587015
1465146808733159431
1465146815041478659
1465146814886289411
1465146814865178624
1465146815167270920
1465146815750148096
1465146815985033220
1465146816035315715
1465146816161144833
1465146816261931011
1465146817515978760
1465146818329821188
1465146817524350979
1465146819667800067
1465146819524972545
1465146819953012737
1465146819961253892
1465146820850421764
1465146821005692935
1465146820993032197
1465146822507200513
1465146822666723335
1465146822813356039
1465146822914023425
1465146823224578048
1465146823576891394
1465146824088510469
1465146825015365639
1465146825128611847
1465146825111916545
1465146825661370368
1465146825497735170
1465146826441601027
1465146827108454406
1465146827309826049
1465146827674640388
1465146829339832322
1465146829989814276
1465146830363136005
1465146830530953218
1465146831009038344
1465146831701102593
1465146831990632448
1465146832149954560
1465146832208547841
1465146833223753735
1465146832942616580
1465146832682639367
1465146833634615296
1465146833987014660
1465146834230337537
1465146834456911872
1465146835836682240
1465146836415655944
1465146837069819908
1465146837132877831
1465146837543923713
1465146837912936452
1465146838432894980
1465146838823186435
1465146840182054914
1465146841272664064
1465146841230577674
1465146841461256196
1465146841649926145
1465146844174946305
1465146844498083845
1465146845009747975
1465146845580120066
1465146845936689156
1465146847094353923
1465146847517831175
1465146848008671243
1465146849443020803
1465146849107578882
1465146850202243076
1465146850437124100
1465146850621673475
1465146851926052866
1465146852584656898
1465146852534145024
1465146852827967490
1465146852907667463
1465146852936880128
1465146853914251264
1465146854769709061
1465146856401342465
1465146857101877253
1465146857198391304
1465146857085186052
1465146858418802693
1465146858364293120
1465146857814822922
1465146859345747972
1465146859916181508
1465146861887623174
1465146862369968138
1465146862726492160
1465146862764052480
1465146863120695302
1465146863766622208
1465146864647426058
1465146866278932486
1465146866312613893
1465146866417422340
1465146866631282688
1465146866606039041
1465146867402960897
1465146867558363136
1465146868241993729
1465146868372066305
1465146868409663493
1465146868585881608
1465146869386924035
1465146869823148035
1465146869860999186
1465146869592440835
1465146870565679105
1465146871022858244
1465146871484014593
1465146871752634374
1465146872453111814
1465146872989892613
1465146874193661955
1465146874755796993
1465146874835312642
1465146874839642112
1465146875041001478
1465146875959398408
1465146875775004682
1465146876072796162
1465146877201072129
1465146876798373888
1465146877331095552
1465146878534823936
1465146863485599751
1465146879377739784
1465146879709040647
1465146879851864066
1465146880904478725
1465146882477408258
1465146883525918724
1465146884092276738
1465146884419371010
1465146885027495939
1465146884775768066
1465146885199450114
1465146886189248521
1465146887128891401
1465146887401525250
1465146887640653833
1465146888026574854
1465146888378851334
1465146888705875972
1465146889620369414
1465146890530344964
1465146890673000448
1465146890962419717
1465146891453095937
1465146892019326978
1465146892841623555
1465146892728377353
1465146893239930888
1465146892103438339
1465146893630066689
1465146893781147648
1465146894695297029
1465146892644503554
1465146895328755723
1465146895320313856
1465146895366438915
1465146896779907072
1465146897178443787
1465146897245425668
1465146899112079369
1465146900072517634
1465146900496195586
1465146900957450243
1465146901251047431
1465146901406179330
1465146901389619207
1465146902895202309
1465146903352467461
1465146903591632905
1465146903784353793
1465146903981699077
1465146904749264897
1465146905143431172
1465146904874946560
1465146907458740224
1465146908134060047
1465146908297641991
1465146908897284101
1465146910105382914
1465146911179132929
1465146912227708928
1465146912521216000
1465146913003474946
1465146913133670403
1465146913276055562
1465146914035453963
1465146914106757120
1465146914530373640
1465146915675328519
1465146915738329092
1465146915885129731
1465146915973177347
1465146914882527236
1465146915599925248
1465146916711407620
1465146917030187012
1465146917273358342
1465146917554298882
1465146918296715264
1465146918653284354
1465146919227850755
1465146920213508098
1465146920104386561
1465146920347840517
1465146919941029888
1465146921576767488
1465146921992003590
1465146922365247493
1465146922356785156
1465146923380359173
1465146923501842440
1465146923573207046
1465146923787030534
1465146924223418368
1465146927222304768
1465146927868256258
1465146929210445826
1465146929432580100
1465146929533255681
1465146930850406407
1465146931412275208
1465146931433328647
1465146930988654594
1465146931596996611
1465146932016336896
1465146931966005250
1465146932129640457
1465146932242825221
1465146934155309056
1465146933979320326
1465146935065530368
1465146935216640002
1465146936021774338
1465146935711387649
1465146936361582594
1465146936613343234
1465146936856657920
1465146936906899460
1465146937271717888
1465146937691226119
1465146937913577480
1465146937703735302
1465146938106384386
1465146938328813569
1465146938752335878
1465146941210345473
1465146941826863104
1465146941814284288
1465146942615437315
1465146943089393673
1465146944263761920
1465146944410423297
1465146944641282051
1465146944863576066
1465146945933041664
1465146947157823490
1465146947346604034
1465146947535360000
1465146949355683840
1465146949804314631
1465146949854711810
1465146950156574722
1465146950173573121
1465146950693576704
1465146951423303680
1465146952413237252
1465146952379768835
1465146953063223297
1465146953868529668
1465146954464124934
1465146955722412036
1465146956926398470
1465146957958193152
1465146958088048640
1465146958419423234
1465146958654455809
1465146958922850308
1465146959547744257
1465146960059510784
1465146960080302084
1465146961724596225
1465146963075215361
1465146963133812737
1465146963393982467
1465146963607756806
1465146963884756998
1465146967252627459
1465146967194021888
1465146967504293894
1465146967722442760
1465146967961456645
1465146967596675072
1465146968611508225
1465146968674607104
1465146968880074763
1465146969106665473
1465146970012622848
1465146970360606721
1465146970780090372
1465146971161870338
1465146974043348994
1465146974995243013
1465146975267999748
1465146975310036998
1465146975851098126
1465146976417181703
1465146977369444359
1465146977692254215
1465146977822273540
1465146977545437186
1465146978837274636
1465146979214934018
1465146980519268356
1465146980582125572
1465146980930359297
1465146981811109888
1465146983920726016
1465146984369733637
1465146984524697605
1465146984520585222
1465146985510367232
1465146986391392261
1465146987154653190
1465146987733475332
1465146988266065920
1465146988610076672
1465146988752740365
1465146989218258950
1465146990866534400
1465146991248248842
1465146991713812482
1465146991445487617
1465146992133296138
1465146992296927241
1465146992984682497
1465146993018236929
1465146993546862600
1465146993437671426
1465146994012291074
1465146993987129344
1465146994192695301
1465146994515750921
1465146995144810497
1465146996243763203
1465146996931678208
1465146997300764677
1465146996948226050
1465146998399586304
1465146998819115008
1465146999058087936
1465146998873640960
1465146998978273283
1465146999800573955
1465146999880269830
1465147000844959744
1465147000970752001
1465147000815599621
1465147003101397000
1465147003369836546
1465147003990691841
1465147003428818944
1465147003801944067
1465147004439388163
1465147004577742848
1465147005706149889
1465147006066769921
1465147006200913924
1465147006633099267
1465147007534698501
1465147007601762305
1465147007757012995
1465147008063180803
1465147008537313287
1465147008797212672
1465147009208258562
1465147009531211776
1465147009678118916
1465147010236010503
1465147011297165312
1465147011481718790
1465147012169576454
1465147012265824268
1465147012626661388
1465147013398286336
1465147013616570371
1465147014296055813
1465147014576951307
1465147015483035650
1465147015894122500
1465147015956938753
1465147016124637192
1465147015994748928
1465147016200310788
1465147016179290115
1465147016384757771
1465147016774889474
1465147018293100550
1465147019484438528
1465147019543162883
1465147019580690438
1465147019723370498
1465147020314697732
1465147020847587332
1465147020063170562
1465147021841485824
1465147021883584519
1465147022227300355
1465147023091372032
1465147023158611973
1465147023259230208
1465147022999269382
1465147023791906817
1465147024181919746
1465147025637490697
1465147026014760963
1465147026602090497
1465147026446893057
1465147026535063552
1465147026858024967
1465147028330229761
1465147029013680133
1465147029831630849
1465147030699974665
1465147031396274177
1465147031593398272
1465147031941439491
1465147032398888961
1465147032679563265
1465147032755048448
1465147033895903235
1465147032918765570
1465147034667601920
1465147035305353217
1465147036131495937
1465147036509081607
1465147036827897856
1465147037066973186
1465147037200969733
1465147037285076998
1465147038413123585
1465147039600177154
1465147039541604359
1465147039700951045
1465147039935729664
1465147040128770053
1465147040535506945
1465147041768738819
1465147042288832524
1465147041940713475
1465147043270180867
1465147044264390665
1465147044381831168
1465147045170200579
1465147045568815106
1465147048194453512
1465147048873717760
1465147048911646723
1465147049112838147
1465147049591119875
1465147049817612292
1465147050329182211
1465147048861175810
1465147050505515009
1465147050031562759
1465147050522255360
1465147051163852800
1465147051600142336
1465147052862709766
1465147052917145601
1465147053244301318
1465147053764452352
1465147054137745410
1465147054296952834
1465147055282610177
1465147055702040583
1465147055769153537
1465147055886774275
1465147056121647105
1465147056213868545
1465147056683581440
1465147056935215108
1465147057438560257
1465147057832873984
1465147058382258179
1465147058898223107
1465147059045117955
1465147059766370309
1465147061251108866
1465147062006083585
1465147062241083393
1465147062194880513
1465147062358585349
1465147063130275843
1465147063663013891
1465147063541317632
1465147064002695171
1465147064430518275
1465147065881833476
1465147066431254528
1465147066351595524
1465147066951380992
1465147067081408516
1465147067215585283
1465147067978768386
1465147068251623427
1465147067286769668
1465147068377452547
1465147068696072192
1465147069279215618
1465147069539176451
1465147070302588931
1465147071640608769
1465147071816769545
1465147071804018690
1465147071724281858
1465147072034664452
1465147072269664260
1465147072705880068
1465147072861122563
1465147073389420552
1465147073456578563
1465147074354237440
1465147074341740548
1465149161800622086
1465149163620814848
1465149164170403846
1465149164405227524
1465149165130846209
1465149166481403906
1465149166368092162
1465149167173525508
1465149167962140675
1465149168326828033
1465149168637386752
1465149168758898690
1465149168813416449
1465149169820004354
1465149169677611010
1465149170356994049
1465149170931535874
1465149170973564929
1465149171250307078
1465149171300814850
1465149173406355472
1465149173548916740
1465149174991699973
1465149176061255685
1465149176245858307
1465149175947952129
1465149176820350984
1465149177055301634
1465149177789251585
1465149178829410312
1465149178972372993
1465149179282395139
1465149180100288515
1465149180985307142
1465149182377873412
1465149182738587648
1465149183078264835
1465149183640231938
1465149183128576000
1465149184835604483
1465149184592416768
1465149184537817089
1465149185347530753
1465149185842454536
1465149186806980618
1465149186878410752
1465149187004276739
1465149188942045189
1465149189562634240
1465149189541662720
1465149189608771584
1465149189730361348
1465149190544273418
1465149191102078983
1465149190972002308
1465149191332708355
1465149191651532800
1465149191697494020
1465149191659925510
1465149191974539269
1465149192129630212
1465149192448487431
1465149193538973696
1465149194990080002
1465149195157975049
1465149195489316868
1465149196500029446
1465149197166989319
1465149197343084544
1465149197468897286
1465149197611462660
1465149199691956232
1465149199935164416
1465149199956258830
1465149200233082886
1465149200530907136
1465149200698683394
1465149200988000263
1465149201180889089
1465149201474629641
1465149203194204169
1465149203668156428
1465149204486307840
1465149203957440521
1465149204725223427
1465149204565684229
1465149204838318082
1465149205085925377
1465149205723369480
1465149206696370181
1465149207753408516
1465149208055488514
1465149208525082625
1465149208990830592
1465149209066180618
1465149209863204865
1465149210215567364
1465149210479587328
1465149210525777921
1465149210765021189
1465149211222024200
1465149211050192905
1465149211201224706
1465149211306078213
1465149211729698821
1465149211951857666
1465149212727955467
1465149213348708355
1465149213734412289
1465149213554077696
1465149214195798026
1465149214439075842
1465149215366127618
1465149215282057220
1465149215672348673
1465149216737710080
1465149216741900291
1465149217320550410
1465149217463312387
1465149218138509312
1465149218662715392
1465149218893488129
1465149220864753669
1465149222420992001
1465149222634856453
1465149223142318082
1465149224606056449
1465149226011222020
1465149226329980929
1465149226627649537
1465149227177234433
1465149228020224007
1465149228007636996
1465149229140254721
1465149229467271169
1465149231988035584
1465149232176795649
1465149232919240704
1465149233401679876
1465149233464586249
1465149234177523714
1465149233875468290
1465149234999660548
1465149236312522752
1465149236417236998
1465149236346073089
1465149237667278849
1465149237818269698
1465149238304657412
1465149238518722562
1465149238963163138
1465149239005175809
1465149238942314504
1465149239281995781
1465149241580347393
1465149241236545546
1465149241400176648
1465149242515808260
1465149243115520000
1465149243060985859
1465149243283308551
1465149243635777536
1465149244256534529
1465149245699330053
1465149246475227138
1465149246559031300
1465149246890561538
1465149247016226830
1465149248970891268
1465149249885290499
1465149250208030722
1465149250547847169
1465149252351315977
1465149252674461697
1465149253303431171
1465149253479800835
1465149254142418956
1465149254255595531
1465149254654214144
1465149255862173703
1465149255623053318
1465149255702568965
1465149257518829568
1465149258370142210
1465149258584182788
1465149260937441280
1465149261507559427
1465149261528674320
1465149261809553413
1465149262052876301
1465149263156031488
1465149263172694020
1465149264858796032
1465149264737280001
1465149264720326657
1465149265550974981
1465149266511511558
1465149266398167043
1465149268394758145
1465149268763848710
1465149269241860107
1465149269321650179
1465149269636169731
1465149270944890880
1465149271322337284
1465149271229960192
1465149272425259011
1465149272962306048
1465149273616625670
1465149273658564610
1465149275810119681
1465149276032577541
1465149276112101376
1465149276422553602
1465149275998990339
1465149277030830081
1465149277626421252
1465149278104416257
1465149278540615684
1465149279056666627
1465149279572430850
1465149279735926786
1465149281585745922
1465149281552289792
1465149281606594560
1465149281954787328
1465149282672066563
1465149282726649865
1465149283171291137
1465149283473281033
1465149283087400962
1465149284500881412
1465149284475494411
1465149285645881350
1465149285494935552
1465149285914365960
1465149286677508099
1465149287122149381
1465149288183382023
1465149288267329538
1465149289273835520
1465149289441734659
1465149289550725120
1465149290305753093
1465149290368712708
1465149290985185285
1465149289919774724
1465149290502934530
1465149291320672258
1465149291379441669
1465149291782033411
1465149292574908416
1465149292730105870
1465149292620955653
1465149293384376329
1465149293325660162
1465149294298554373
1465149294743326724
1465149295552831490
1465149296609693699
1465149297662509061
1465149297758924804
1465149297826177031
1465149298056867848
1465149299520520202
1465149299772182538
1465149300065845248
1465149300028022791
1465149300057456641
1465149300883824640
1465149301185646594
1465149302465089539
1465149303673049088
1465149304604184576
1465149305019408388
1465149305329569793
1465149305514196996
1465149305149214721
1465149307317858306
1465149308093796356
1465149308613758976
1465149309070897157
1465149309373067264
1465149310077575172
1465149310060797954
1465149310400618503
1465149311109505025
1465149311730262019
1465149311768047620
1465149312372023304
1465149313500299266
1465149314007719940
1465149314116853761
1465149314678755328
1465149313823215621
1465149315190784001
1465149315060404226
1465149315584827399
1465149315731509251
1465149314980851715
1465149316486635526
1465149318327898114
1465149318067802115
1465149318537650177
1465149319024103425
1465149319904841734
1465149320261521415
1465149321280696320
1465149321893007362
1465149322027319308
1465149322287222786
1465149322996027393
1465149323046490120
1465149323264630790
1465149324434685952
1465149324422258690
1465149325177081862
1465149325869142018
1465149326036922368
1465149326057824259
1465149327291166721
1465149328796889091
1465149330302533633
1465149331640832001
1465149331804147716
1465149332164775940
1465149332462743555
1465149334035468289
1465149334555541507
1465149333406314498
1465149335054819330
1465149335419686912
1465149335339995151
1465149335864328198
1465149335952244736
1465149336938065922
1465149337273610241
1465149337722400770
1465149338510929931
1465149339647373319
1465149340008128514
1465149340075319303
1465149340792492034
1465149341505667075
1465149341811625984
1465149342759604226
1465149343053369345
1465149344500310022
1465149345016147969
1465149345192300555
1465149345372819462
1465149345758597127
1465149345955786760
1465149346173779971
1465149346928812032
1465149347537031169
1465149347771781122
1465149348346572801
1465149348333768705
1465149348975632389
1465149349730533383
1465149350414360580
1465149351446069253
1465149351353675779
1465149351676690439
1465149352356294668
1465149352545079297
1465149351957696512
1465149353400537091
1465149353794940928
1465149354256125957
1465149353539035137
1465149354629644292
1465149354768056325
1465149355162324995
1465149355086671877
1465149355464167440
1465149355648770050
1465149355996897288
1465149356206526469
1465149356210798595
1465149356248502279
1465149357028610048
1465149357519429639
1465149357678759942
1465149357670518791
1465149358693883905
1465149358832300032
1465149359369113604
1465149361516695552
1465149361856339971
1465149361763930124
1465149362368040960
1465149362556657670
1465149363127296004
1465149363819327488
1465149364217651202
1465149364649836544
1465149365857755142
1465149366302388228
1465149367174770692
1465149367229181959
1465149368718274563
1465149368848330756
1465149369460531203
1465149369255178245
1465149373109653507
1465149374200172554
1465149374225395721
1465149374086869000
1465149374267215874
1465149375722651652
1465149376355917830
1465149376725061633
1465149377199153155
1465149377480204288
1465149377941434371
1465149378381762563
1465149378516054018
1465149378784477188
1465149378927149062
1465149378855944194
1465149379396845578
1465149379300499459
1465149379422023682
1465149379459760134
1465149379656957969
1465149379866546176
1465149380785098756
1465149380952944644
1465149381276012544
1465149381389209603
1465149382030995466
1465149382399983624
1465149382421094401
1465149383238991873
1465149383398285312
1465149384610439173
1465149385210216450
1465149385495384064
1465149386116136967
1465149386187591681
1465149387479343111
1465149388037054464
1465149388037103624
1465149388079173633
1465149388209065984
1465149388439928834
1465149388867702789
1465149389190565892
1465149389098393607
1465149389782016001
1465149389609988101
1465149390369136640
1465149390583123976
1465149391132635137
1465149392554541061
1465149393443561476
1465149394106281984
1465149395515678730
1465149395360522246
1465149395763085323
1465149395838676992
1465149397004550147
1465149398955008013
1465149399277912064
1465149399403839490
1465149400326582272
1465149400150327306
1465149400909443076
1465149401664569345
1465149401630978058
1465149402281127940
1465149403241623555
1465149404529180672
1465149404533329920
1465149404722176000
1465149405439344641
1465149405829476352
1465149406248947715
1465149406445977601
1465149407016357888
1465149407112974339
1465149408392192004
1465149408475901957
1465149408387940358
1465149409143009286
1465149409428221957
1465149409818288130
1465149410627633157
1465149410933944321
1465149411051327488
1465149410988412929
1465149410183192578
1465149411072249857
1465149412921987074
1465149414968807424
1465149414872285190
1465149415212027907
1465149415648370695
1465149415790841859
1465149418244648961
1465149419582464002
1465149419922202626
1465149420412960773
1465149420408815621
1465149420601679874
1465149420530511876
1465149421830561792
1465149423722319873
1465149423902773256
1465149424221540354
1465149424925958149
1465149425853116417
1465149426968801280
1465149427795038209
1465149427262263305
1465149427547455491
1465149429233553410
1465149429636292614
1465149431183855625
1465149431234240514
1465149431292915715
1465149434757537800
1465149435739004928
1465149435927830529
1465149436036743170
1465149436523384833
1465149436963786762
1465149436837994501
1465149437714575363
1465149438129704960
1465149438423449603
1465149439547359235
1465149439488757761
1465149439304081416
1465149440369381378
1465149440897929222
1465149441917300736
1465149442261061633
1465149442340769792
1465149441891987457
1465149442684715011
1465149442806337541
1465149442944815107
1465149443519434754
1465149444530352128
1465149444580593665
1465149445004095494
1465149444966559754
1465149445926834178
1465149446770020353
1465149448053346308
1465149449446035460
1465149449697738756
1465149449567498245
1465149449752092674
1465149449685110793
1465149450435936265
1465149450695819264
1465149451580882944
1465149452075864066
1465149452121874433
1465149452549689344
1465149452616826884
1465149452600025089
1465149453749219337
1465149453816451073
1465149454856732675
1465149455267622914
1465149455749959681
1465149455770992641
1465149456861609984
1465149456928542726
1465149457654235140
1465149458086256643
1465149459030024208
1465149459524771841
1465149459969413121
1465149460342882306
1465149460602884096
1465149462876020737
1465149463450697734
1465149464658776070
1465149464864342022
1465149465157795846
1465149465183113226
1465149468399968258
1465149468630609931
1465149468970389513
1465149469004124160
1465149469658271746
1465149469675171843
1465149469746466824
1465149470488678406
1465149470455132164
1465149470149120003
1465149471377936387
1465149471617163266
1465149471684059138
1465149471520559105
1465149472124465154
1465149472137166849
1465149472439160838
1465149473068306435
1465149473353392130
1465149474712567813
1465149475760979973
1465149475912130572
1465149476302065664
1465149476461420552
1465149476352319495
1465149478223196161
1465149478856503298
1465149478944444428
1465149479410184196
1465149480580362241
1465149480852938759
1465149480924180484
1465149482195169285
1465149483126190081
1465149483251953668
1465149485517053953
1465149485689057282
1465149485630251013
1465149486049677317
1465149486120910854
1465149487123517442
1465149488780226568
1465149490235641860
1465149490487173120
1465149490529193987
1465149490546020354
1465149490873131014
1465149490621472774
1465149491359535104
1465149491569467397
1465149491569438720
1465149491871367168
1465149492106182661
1465149492806787086
1465149491460423683
1465149494148878347
1465149494043951108
1465149494228627457
1465149494216073216
1465149494102831106
1465149494648090625
1465149495008710664
1465149495172382721
1465149495356895234
1465149495692255233
1465149495566503942
1465149496447451140
1465149496434692098
1465149497114169345
1465149498284519429
1465149498527817733
1465149498619879426
1465149498817134592
1465149498678603782
1465149499047759872
1465149499714773003
1465149499219660801
1465149500222226434
1465149501283311621
1465149501333663745
1465149501832761344
1465149501396639746
1465149502269100033
1465149502130696193
1465149503611322369
1465149503938478085
1465149504693235713
1465149504907190278
1465149505989484547
1465149506408923138
1465149507499397121
1465149507360993288
1465149507583107079
1465149507662974979
1465149507910262787
1465149507750940677
1465149508015243269
1465149508208128007
1465149508212477960
1465149509336510466
1465149510288658435
1465149510414340096
1465149510863130625
1465149510737403904
1465149511135760388
1465149511957839880
1465149512998133773
1465149513438425092
1465149513698578433
1465149513992081412
1465149514063368192
1465149514767998979
1465149514637922306
1465149515762122755
1465149518232502276
1465149518672969735
1465149520006639616
1465149520262561793
1465149520518565888
1465149521059618819
1465149520984088576
1465149522510761991
1465149522225598471
1465149522624004105
1465149523185995776
1465149523186098181
1465149523492233218
1465149523764776961
1465149523576033281
1465149524293259269
1465149524570255364
1465151546732146691
1465151547482980357
1465151547684401160
1465151548414119937
1465151549664079877
1465151550020415488
1465151550259662853
1465151550364475397
1465151550209277961
1465151551039750146
1465151551169867779
1465151551681486854
1465151552495276035
1465151552688209925
1465151552830812163
1465151552989978624
1465151554160312323
1465151554697187334
1465151555473063942
1465151556077203457
1465151557167505408
1465151557154922496
1465151557696208898
1465151557893337091
1465151558233071620
1465151558249709576
1465151558266638337
1465151558316965894
1465151559055065090
1465151559289950211
1465151559826743309
1465151560904687617
1465151561349283846
1465151561634619399
1465151561848528899
1465151562117009409
1465151562414755842
1465151563853438977
1465151564373446657
1465151564524318728
1465151564545466369
1465151564570677254
1465151565212225536
1465151565568909324
1465151565719916556
1465151567682625539
1465151567988813832
1465151568408297476
1465151568244846592
1465151568458698759
1465151569821851653
1465151570165837831
1465151570870472705
1465151570719305729
1465151572632084491
1465151572787269633
1465151572493496322
1465151573202546693
1465151573592625154
1465151574053998593
1465151573600911365
1465151574154510339
1465151574716694528
1465151576557989888
1465151577220534276
1465151577786699777
1465151577795276806
1465151577501667328
1465151578382508036
1465151579745628167
1465151580806676481
1465151580894679042
1465151581373050881
1465151583214260226
1465151583302430720
1465151583906263041
1465151583973523461
1465151584162107397
1465151583935684609
1465151585718177800
1465151585810624515
1465151586171113472
1465151587387641863
1465151587781955585
1465151587895156736
1465151588167790593
1465151588222357505
1465151589304479747
1465151589577023491
1465151589514108929
1465151590256443395
1465151590596329480
1465151590663344129
1465151592131440641
1465151593427263491
1465151593515347971
1465151593825792002
1465151593729433615
1465151593993711617
1465151595553820674
1465151595662884873
1465151595880976385
1465151597546147844
1465151597705678848
1465151597718220808
1465151597797732352
1465151598653440003
1465151598691188737
1465151598674464775
1465151599010009088
1465151600880721921
1465151601727852545
1465151604118761479
1465151606060687362
1465151606312288260
1465151606710751234
1465151607373500416
1465151607226519560
1465151607281045506
1465151607939600384
1465151609562877952
1465151609915129858
1465151610078720002
1465151610305327109
1465151609982242818
1465151610519183366
1465151610682699779
1465151610934284289
1465151610980605958
1465151611563655170
1465151611538272258
1465151611936849920
1465151612205375491
1465151612616335363
1465151612901412864
1465151612951805956
1465151613153075202
1465151613341888515
1465151614352777216
1465151615107846153
1465151615153942533
1465151615518789635
1465151615338487810
1465151616034557953
1465151618266157067
1465151618714853377
1465151619444711424
1465151619901706242
1465151620086386697
1465151620581371906
1465151620858011650
1465151620925251584
1465151621122465802
1465151621348929540
1465151621084684291
1465151622162436106
1465151621810118657
1465151622351364101
1465151624020586498
1465151624851111936
1465151624947679234
1465151624985329671
1465151625463357445
1465151625505513473
1465151625643937793
1465151626486988800
1465151626902183938
1465151628026257413
1465151628978229251
1465151630962266119
1465151631016611844
1465151631486504964
1465151631578652673
1465151631599800326
1465151631700336642
1465151632153346050
1465151632044281861
1465151633227198465
1465151633889939460
1465151633676025861
1465151633927512065
1465151634086903808
1465151634070200323
1465151635089408008
1465151635756228612
1465151636649787394
1465151636804833283
1465151637362720772
1465151638323314691
1465151638847561734
1465151638956650500
1465151639074000901
1465151639384473602
1465151639657062402
1465151640177160192
1465151640348987396
1465151640525152260
1465151640617603079
1465151641167048704
1465151641783570433
1465151642425245704
1465151642366619649
1465151643167641606
1465151643670904836
1465151643599523844
1465151644052738053
1465151644027478018
1465151643834458114
1465151645050761217
1465151645138833417
1465151645302595598
1465151645889839107
1465151645944365067
1465151646720139264
1465151647143936002
1465151647781429256
1465151647705874434
1465151647903105025
1465151647705747461
1465151648305664001
1465151648716804096
1465151649324883969
1465151648859361282
1465151650981683204
1465151651552055298
1465151652009107456
1465151653774979077
1465151654005809155
1465151654119059457
1465151654550982661
1465151654672621569
1465151655465439236
1465151655473598467
1465151656006328324
1465151657478479872
1465151658216894471
1465151658531430403
1465151658804006918
1465151660372766726
1465151661303734273
1465151663136591872
1465151663417663490
1465151664340365313
1465151664634036226
1465151664411885571
1465151664776572929
1465151664588210176
1465151664646721537
1465151665489780737
1465151666131402758
1465151666085367816
1465151666404016133
1465151666861314057
1465151667142205441
1465151667121254402
1465151667335274499
1465151668350341122
1465151669054816257
1465151669847707650
1465151670149693441
1465151670766096389
1465151670829010949
1465151671105818629
1465151671433052160
1465151672376827918
1465151672427204609
1465151671999234048
1465151673341333504
1465151673974890502
1465151674859859970
1465151675526692864
1465151675690323968
1465151676583710721
1465151677288402947
1465151677535764484
1465151678890471428
1465151680991825923
1465151681918767107
1465151682006953988
1465151682732597255
1465151683638534150
1465151683843944451
1465151684036890624
1465151683961442310
1465151684959604740
1465151685068615682
1465151685328875523
1465151685668622338
1465151685609889796
1465151686595407875
1465151688231297024
1465151688277250057
1465151688747237380
1465151688893874176
1465151689191837701
1465151689258901505
1465151688696815618
1465151689401323522
1465151689556566022
1465151690659696641
1465151690957463552
1465151692270305283
1465151692211642375
1465151693738414087
1465151693709000711
1465151694052880395
1465151693918724101
1465151695697158148
1465151696309415942
1465151696582098947
1465151696456278021
1465151696590491648
1465151696527495178
1465151696657649668
1465151698150690821
1465151698633035781
1465151699392159747
1465151699509776389
1465151699493007361
1465151700134555651
1465151700138958849
1465151700562591750
1465151700927270913
1465151700717617157
1465151701502119936
1465151701518888960
1465151701829111813
1465151702462435332
1465151703112556550
1465151703523733514
1465151703955558402
1465151704374988800
1465151705209884675
1465151705721544708
1465151705654378499
1465151705729757188
1465151706237313025
1465151706782580743
1465151707537678342
1465151707898277888
1465151708053520392
1465151708473049091
1465151709173403651
1465151709135605769
1465151709978578944
1465151711274803201
1465151711400665088
1465151713078218752
1465151713975971843
1465151714198278148
1465151714366046210
1465151714420527105
1465151714739245056
1465151715053867012
1465151716374953987
1465151717146828801
1465151717880647682
1465151718472175622
1465151718812012554
1465151719105564676
1465151719680081925
1465151719810248710
1465151720158371844
1465151720225267720
1465151721173225477
1465151721643069443
1465151722498576387
1465151722582540290
1465151722649792515
1465151723110952963
1465151723698221062
1465151724352520192
1465151725409644545
1465151725338255366
1465151726005149701
1465151728102244358
1465151728022609927
1465151728521605120
1465151728953827334
1465151729343815693
1465151730803527684
1465151731726225413
1465151731810156559
1465151732359573509
1465151734037155840
1465151734599270403
1465151735777820674
1465151736092446729
1465151736427991045
1465151738596380672
1465151738575527940
1465151739854659588
1465151740198674436
1465151739955318786
1465151741243105282
1465151741662359555
1465151741855477761
1465151742153269251
1465151742367072265
1465151742920871945
1465151742933356550
1465151743017295878
1465151743298347014
1465151743554113541
1465151743717785600
1465151744653107208
1465151745055723525
1465151746209161221
1465151747249299456
1465151747312140297
1465151747803037704
1465151748503322626
1465151748633419782
1465151749187117056
1465151749233254400
1465151749367341057
1465151749459640322
1465151749774213126
1465151749967302656
1465151750223155200
1465151750302838793
1465151750533484552
1465151750567075844
1465151752328597505
1465151753679220738
1465151753335320578
1465151753813315584
1465151753951789062
1465151754572640271
1465151754576687107
1465151755285630978
1465151755188981761
1465151755717648384
1465151755600101378
1465151756157992969
1465151755260420100
1465151756732547074
1465151757479124999
1465151757898727429
1465151757609156608
1465151759148630019
1465151760197165058
1465151760125685764
1465151759802777608
1465151760180330500
1465151761149313031
1465151761463844864
1465151763217100802
1465151763321872385
1465151764378918913
1465151765297303556
1465151765691645960
1465151766341701634
1465151768044523521
1465151768367484931
1465151769218981889
1465151769093328897
1465151770305306627
1465151771018510340
1465151771408576514
1465151771752513541
1465151772926873603
1465151773274898435
1465151774004846592
1465151774340583424
1465151776437374976
1465151776953454596
1465151778832334852
1465151779537145861
1465151779742666756
1465151779889299460
1465151779738423301
1465151780136931331
1465151781026078721
1465151781135134720
1465151781395120136
1465151781793579010
1465151781915217923
1465151781931941889
1465151782053728263
1465151781940432912
1465151782170943496
1465151782334590979
1465151782439440387
1465151783253151753
1465151783848845316
1465151784180199427
1465151784608047107
1465151784863731712
1465151785157357577
1465151786793279490
1465151787577479169
1465151788068257800
1465151789238345729
1465151790169612302
1465151791025344517
1465151791587340292
1465151791851610117
1465151792128401411
1465151793185243136
1465151794376593408
1465151794632282119
1465151794632224768
1465151795945250819
1465151796368842753
1465151797400682497
1465151798453280770
1465151799636246531
1465151800047063044
1465151799904538629
1465151800420438023
1465151800617668610
1465151800621867013
1465151801175461892
1465151801942937607
1465151802505154565
1465151802509344778
1465151802677018629
1465151803633377283
1465151803700527110
1465151803998097420
1465151804019286022
1465151804321120256
1465151804870574092
1465151805604745217
1465151805860589568
1465151807001227270
1465151806733012993
1465151807131291651
1465151807831752706
1465151808167313410
1465151808272224260
1465151808628609024
1465151808398049285
1465151809039785986
1465151810126053378
1465151810868555782
1465151811921272835
1465151811896160260
1465151812097298434
1465151812521140225
1465151812617474054
1465151813846548480
1465151813750083590
1465151813624156169
1465151814580400131
1465151814827868163
1465151815150977024
1465151815687700482
1465151816451051528
1465151816375676930
1465151817180921859
1465151818032427011
1465151819060068352
1465151819651428358
1465151819668197379
1465151820381229080
1465151822528610311
1465151822994321408
1465151823338106884
1465151824261009408
1465151824726577160
1465151825280004099
1465151825527586822
1465151825808560129
1465151826278367235
1465151827503161346
1465151827968679936
1465151828220207106
1465151829709185027
1465151829633900545
1465151830367907840
1465151831932350470
1465151832527888384
1465151832909570059
1465151833542955017
1465151834088263682
1465151834855813134
1465151835405275140
1465151835929382913
1465151836193705987
1465151836961361925
1465151837791731712
1465151838022340616
1465151840576811009
1465151842535497732
1465151842632056836
1465151842921369602
1465151842787102723
1465151843462365186
1465151844599037959
1465151844716474369
1465151846503399424
1465151847698624515
1465151848864747526
1465151849485553668
1465151849632518144
1465151850005606401
1465151850718638085
1465151851398144008
1465151852224421895
1465151853042155521
1465151853142835201
1465151853717377025
1465151854170415105
1465151855030378501
1465151856200626177
1465151856418512896
1465151856473223171
1465151857895038979
1465151858549432328
1465151859253989379
1465151859287461890
1465151859363041289
1465151859598008323
1465151859644006401
1465151859715461125
1465151859983716354
1465151860164202501
1465151860256522240
1465151861913112577
1465151862189953036
1465151862299152391
1465151864027111424
1465151864471699458
1465151864442347526
1465151864979087362
1465151865058848771
1465151865033736193
1465151865285345282
1465151865230868487
1465151865121914887
1465151866824794114
1465151867361501187
1465151867625877504
1465151868338847755
1465151868846284803
1465151869039390729
1465151870012375043
1465151870121299977
1465151870457069568
1465151870557696000
1465151870729547776
1465151871925039104
1465151872172441605
1465151872260612102
1465151872495407112
1465151873065762821
1465151873778917377
1465151873862750215
1465151874135379972
1465151875972415493
1465151876052226052
1465151876601503745
1465151876836605956
1465151877641908227
1465151878275211268
1465151878644187139
1465151878900105221
1465151880015880201
1465151881467019268
1465151881387327489
1465151882515685381
1465151882763153411
1465151882632970240
1465151882859405313
1465151888244940802
1465151887985070086
1465151888555454469
1465151889364955138
1465151889784274946
1465151890065268746
1465151890367340547
1465151890564386816
1465151890686054401
1465151892930109447
1465151893005430788
1465151893815103492
1465151893940969476
1465151893936611332
1465151894267969537
1465151895752769538
1465151896910548993
1465151898013609989
1465151898592456712
1465151899078782978
1465151899536134149
1465151900198703107
1465151900580519940
1465151901167542274
1465151901792620550
1465151901679243267
1465151902069379080
1465151903516397572
1465151905114386437
1465151905131376641
1465151905433223170
1465151905659703297
1465151906737700869
1465151907031236617
1465151907127832581
1465151907396210692
1465151907341606919
1465151908008583171
1465151908348239879
1465151909334036485
1465151909300482049
1465151909745020930
1465151909732532228
1465151909933694979
1465151910290370567
1465151911586320385
1465151911980584960
1465151913528225796
1465151913910050816
1465151914409005058
1465151914513887232
1465151915323502593
1465151917827379201
1465151918846758918
1465151919039467523
1465151919282954241
1465151919786061828
1465151919584780288
1465151920578854916
1465151920964788229
1465151921333936132
1465151922134990854
1465151922407567360
1465151922869084169
1465151923347202053
1465151924026679303
1465151924202840073
1465151924584525829
1465151925339443200
1465151925637292038
1465151925985234948
1465151925314367488
1465151925935132675
1465151926836858881
1465151927449128973
1465151927138742274
1465151928011165699
1465151928837492741
1465151928921382920
1465151930028761090
1465151932851535875
1465151932893478920
1465151933375672326
1465151934155821060
1465151934042628098
1465151934877347843
1465151936575979524
1465151938530480131
1465151939365064709
1465151940338221056
1465151940426448907
1465151942234185728
1465151942297112579
1465151943110643717
1465151943706222593
1465151944708829191
1465151945480491008
1465151945551884301
1465151946914865155
1465151947208474625
1465151948760436740
1465151948869578753
1465151949175762947
1465151949813075971
1465151949716824064
1465151949871857664
1465151950396264449
1465151952984158218
1465151954015846405
1465151954586247172
1465151954905145345
1465151954926321664
1465151955739701249
1465151955895046145
1465151956243009537
1465151956629045250
1465151956654067712
1465151957241372676
1465151957602033674
1465151958189326341
1465151958378070016
1465151959950893058
1465151960055644166
1465151961116905472
1465151961402167296
1465151961917886471
1465151962723278859
1465151962303930370
1465151963469950978
1465151963033604097
1465151963608190977
1465151963885031428
1465151964027621380
1465151964187181057
1465151965562867716
1465151966078767107
1465151966535954436
1465151966540185604
1465151966531645446
1465151967609696257
1465151968008101891
1465151969308205057
1465151969711075329
1465151971787096069
1465151972064088068
1465151972370169857
1465151972563058695
1465151972797988871
1465151973213282305
1465151973905219586
1465151974412853248
1465151975721480192
1465151976027607050
1465151976447123458
1465151977789218816
1465151978091081730
1465151978162597891
1465151978997170182
1465151979282472961
1465151980024827910
1465151979982835714
1465151980112793601
1465151980842590208
1465151981274771460
1465151981798916096
1465151982746750981
1465151982788698117
1465151982763589636
1465151983631753218
1465151983904595970
1465151985984978944
1465151986496593921
1465151987666886666
1465151988161646597
1465151988182630404
1465151988220370947
1465151989680062464
1465151990334296066
1465151990506340353
1465151992355979268
1465151992658120709
1465151992607633408
1465151992653701125
1465151993245093894
1465151993505222656
1465151993677332481
1465151993366958081
1465151993945722881
1465151994260299779
1465151994239279109
1465151994398527489
1465151994771955713
1465151994931208201
1465151995174694912
1465151995707277315
1465151995908612098
1465151996906942469
1465151997758300160
1465151998341300224
1465151999112933380
1465151999956115456
1465152000295936003
1465152000258052101
1465152000769757187
1465152001159925766
1465152001902358766
1465152002065895425
1465152002132885507
1465152002615349256
1465152003294724098
1465152003365949441
1465152003122688003
1465152004783706113
1465152004867645440
1465152005396074498
1465152005559799812
1465152006486732804
1465152007518494720
1465152007736467463
1465152007900057601
1465152008239857669
1465152009401737217
1465152010156601351
1465152010232205312
1465152010337107976
1465152011150807048
1465152011880386560
1465152012207542275
1465152013512200192
1465152014212554757
1465152016406040579
1465152017165291520
1465152017072984064
1465152018029318146
1465152019086327812
1465152019287658496
1465152019526664192
1465152019245813766
1465152020042731521
1465152020122243073
1465152020029972484
1465152020436848641
1465152020881424385
1465152021703446539
1465152022404116481
1465152023091986436
1465152023632900097
1465152024618614790
1465152024702455810
1465152024618708994
1465152024975192068
