1422194541222793217
1422194541323554816
1422194541835264002
1422194543206731778
1422194543928172544
1422194544255307779
1422194544569839617
1422194544578375700
1422194545136185349
1422194545425625089
1422194545505222667
1422194545564000268
1422194545941532672
1422194546042195990
1422194546004332553
1422194546239213572
1422194546255941637
1422194546574770182
1422194546591494146
1422194547145203715
1422194547157766145
1422194547321229322
1422194547073896452
1422194547430416384
1422194547837358082
1422194547988250628
1422194548118376454
1422194547908567044
1422194547996741633
1422194548307111936
1422194548793647110
1422194548944474112
1422194548944551942
1422194549129154573
1422194549103812609
1422194549372424192
1422194549439434754
1422194550894903297
1422194548789420033
1422194551503077376
1422194551947767817
1422194552077701120
1422194552195018757
1422194552874676227
1422194552887255045
1422194553159880710
1422194553558159363
1422194555256901634
1422194555613483015
1422194555735191555
1422194556855070726
1422194557039661057
1422194557903589390
1422194558713188354
1422194559136718860
1422194559266734081
1422194559132442626
1422194560059510787
1422194559921106945
1422194559728115715
1422194560411873281
1422194560701194243
1422194560550285318
1422194560843849733
1422194560726298636
1422194561590472706
1422194561682604037
1422194562240483328
1422194562756268032
1422194562974502916
1422194563448512523
1422194563297562624
1422194563242885123
1422194563528237056
1422194563767099407
1422194563599507456
1422194563893153792
1422194563888807942
1422194563830124547
1422194564123795458
1422194564832501765
1422194564853551108
1422194565004599306
1422194565000450052
1422194566216683524
1422194566376136707
1422194566246117376
1422194566258642951
1422194566258597889
1422194566107594760
1422194567777067010
1422194568242544650
1422194569031061512
1422194569702219777
1422194570469773312
1422194570671034368
1422194570864041986
1422194570637500416
1422194572365639682
1422194572365606924
1422194572734738439
1422194573246353415
1422194573388877827
1422194573493686276
1422194573661573120
1422194573766381568
1422194573892374531
1422194574030774273
1422194574437584897
1422194574492110853
1422194574525612040
1422194575121076227
1422194575402209286
1422194576282963971
1422194576303996928
1422194576563970048
1422194576492797956
1422194576790523910
1422194576719290369
1422194577427947521
1422194577751031809
1422194577012842501
1422194578187296776
1422194578359144448
1422194578455683079
1422194578417930241
1422194578715815941
1422194578627743749
1422194578703233028
1422194579000893441
1422194579332345864
1422194580775215107
1422194580703694848
1422194581777616902
1422194582066970626
1422194582150918145
1422194582264193027
1422194582733955077
1422194582620618756
1422194583123996672
1422194583451078662
1422194584625557515
1422194584654958594
1422194585023954945
1422194584965115913
1422194584990502913
1422194586064232448
1422194586638819329
1422194587997663238
1422194588832391179
1422194588886913025
1422194589062942727
1422194589557874688
1422194589545467905
1422194589281181696
1422194589755224075
1422194590484938756
1422194590451388423
1422194590686265351
1422194590707326980
1422194590631833601
1422194590866681866
1422194591420358657
1422194591508443142
1422194591848177664
1422194591609012226
1422194591785263104
1422194592385019905
1422194592863170560
1422194594410815494
1422194594616336388
1422194594901528577
1422194594809368576
1422194595182616582
1422194595320848389
1422194595505508352
1422194595396558852
1422194595811692551
1422194596352831489
1422194596487045123
1422194596247851013
1422194596373831681
1422194596524617732
1422194597984362499
1422194598324097030
1422194598466658307
1422194598668079106
1422194598407905286
1422194598441594887
1422194598965747713
1422194599104323585
1422194599494361097
1422194599892701189
1422194599951482888
1422194600635158529
1422194600337367040
1422194600849117185
1422194601050398731
1422194601163587586
1422194601138393088
1422194601218166790
1422194601629208577
1422194602329534466
1422194602157686784
1422194602233135112
1422194603000799232
1422194603294347265
1422194603793465345
1422194603961290753
1422194604837949441
1422194605559148549
1422194605592821762
1422194606259671045
1422194606003736578
1422194606339502083
1422194606360387591
1422194606515625986
1422194606561628163
1422194606356172801
1422194606570098691
1422194606817562632
1422194607354306561
1422194607274827776
1422194607664812039
1422194606939148290
1422194607778156544
1422194608096694272
1422194608478560257
1422194607731793923
1422194609229283333
1422194609162162178
1422194610521137161
1422194610802200577
1422194611087360003
1422194611313942532
1422194611368378369
1422194610667937796
1422194611934547973
1422194611796254721
1422194612123308034
1422194612895207435
1422194613289242624
1422194613536706569
1422194613511593984
1422194614065262594
1422194614057021446
1422194614279147528
1422194614312841216
1422194614698655749
1422194615629799424
1422194616003072002
1422194615940177926
1422194617424953345
1422194617555070983
1422194617479532545
1422194618184179713
1422194618318340100
1422194618859462666
1422194618817400832
1422194619098419200
1422194619429838850
1422194619643727876
1422194619954176004
1422194620721602560
1422194620855881737
1422194621174714370
1422194620356718597
1422194621417877505
1422194621476638722
1422194622151860228
1422194622265057289
1422194622814621707
1422194622932082690
1422194623225556992
1422194623087218688
1422194623322021892
1422194623481618436
1422194623703916549
1422194623825465350
1422194626493046784
1422194626715291650
1422194627386519555
1422194627650756616
1422194627889799172
1422194627860381697
1422194628074295310
1422194628493725697
1422194628732743682
1422194628720308229
1422194629152284674
1422194629282344966
1422194629999529984
1422194631014600710
1422194631043915783
1422194631312302080
1422194630309801987
1422194631740166147
1422194631710707715
1422194632126091269
1422194632218324993
1422194632344096768
1422194632377606144
1422194632406966277
1422194632750993413
1422194632805474304
1422194633149349890
1422194633728270337
1422194633950568449
1422194634734845956
1422194634747482116
1422194634676072451
1422194635296763907
1422194635154337796
1422194635783479298
1422194635800186896
1422194636555227140
1422194636588789764
1422194636982996994
1422194637142478849
1422194637347999746
1422194637595414537
1422194635963867138
1422194637893079043
1422194639025709061
1422194639235256324
1422194639466029058
1422194639617077257
1422194639981928449
1422194639969390596
1422194640229437446
1422194640271286277
1422194640313225232
1422194640367857664
1422194640535576582
1422194640527241222
1422194640799731717
1422194641005207556
1422194641454182408
1422194641672314881
1422194642016104458
1422194642125299713
1422194642188218368
1422194643282931713
1422194643589021696
1422194643790401542
1422194643635261446
1422194644386033673
1422194644494995461
1422194645325553666
1422194645224747017
1422194645136719873
1422194645430280198
1422194645195366414
1422194644813713410
1422194646340493317
1422194646718066689
1422194647808479233
1422194647829557258
1422194648580247566
1422194649121411080
1422194649180082181
1422194649158934531
1422194649452761093
1422194649603579910
1422194649440034818
1422194649855250432
1422194649964457988
1422194651025403904
1422194651113525258
1422194651264651275
1422194651973423104
1422194652216651778
1422194652304666628
1422194652330008580
1422194652468465664
1422194652472545285
1422194652531216386
1422194652917141506
1422194652942307334
1422194653239992327
1422194654062288897
1422194654234267648
1422194654800384008
1422194655928766470
1422194656054448133
1422194655983198208
1422194656557768708
1422194657014988802
1422194657400918016
1422194657673596929
1422194657686179846
1422194657182855179
1422194657820348422
1422194657958797312
1422194658474557452
1422194658764013570
1422194659007287297
1422194659007209478
1422194659263135752
1422194659300941832
1422194659200167937
1422194659896422418
1422194660341129222
1422194660332691456
1422194660294873096
1422194660525711361
1422194660722757634
1422194660701872144
1422194659703525380
1422194660697681923
1422194660697534472
1422194661473488897
1422194661758746625
1422194661930803202
1422194662069178368
1422194662165549057
1422194662832582656
1422194663310700553
1422194663382003715
1422194663776309249
1422194663868534785
1422194664170409986
1422194664300482562
1422194664556408832
1422194664841560070
1422194664996749312
1422194665823031302
1422194665735036928
1422194666049519622
1422194666141896712
1422194666288685059
1422194666267574275
1422194666674475010
1422194666733244424
1422194666905260035
1422194667227996160
1422194667270012934
1422194667379167233
1422194667941244928
1422194667731390467
1422194668524216321
1422194668498980869
1422194668939321361
1422194669291655168
1422194669321064453
1422194669279121412
1422194669379784705
1422194669879013378
1422194670055141378
1422194670390685700
1422194670625607695
1422194670717870094
1422194671023837190
1422194671267241986
1422194671267295239
1422194672580104195
1422194672521334788
1422194672814993412
1422194674131951617
1422194674731823111
1422194674748493824
1422194675084144641
1422194674933145602
1422194675188895752
1422194675520212996
1422194675444813827
1422194675792887814
1422194676229197827
1422194676736544770
1422194677260996611
1422194677571362817
1422194677990625289
1422194677994991618
1422194678036893697
1422194678225534983
1422194678535966722
1422194678640693253
1422194678972043270
1422194679420968968
1422194679446179842
1422194679697879047
1422194679832055811
1422194679827759109
1422194680041598979
1422194679962087424
1422194680469639173
1422194680494690310
1422194681316737029
1422194681903996928
1422194681966776327
1422194682302373890
1422194682352783360
1422194682398969858
1422194682369613824
1422194682449338373
1422194682864578562
1422194682982014983
1422194683648757764
1422194683871117312
1422194684026408966
1422194683447443460
1422194684261113856
1422194684558987267
1422194684726743042
1422194685125095426
1422194685259304966
1422194685716488192
1422194686018560004
1422194686282768384
1422194686387793925
1422194686207344640
1422194686370979845
1422194686194716675
1422194686492610561
1422194687079854087
1422194687050461191
1422194686991683596
1422194687465725956
1422194687444672519
1422194687599861764
1422194689852145668
1422194690091331585
1422194690322051073
1422194690942767104
1422194691097849860
1422194691475484674
1422194691429310467
1422194691542593539
1422194691899019265
1422194691827666949
1422194692104593412
1422194692112850946
1422194692402319371
1422194692146540550
1422194693060759555
1422194693123674114
1422194694604345351
1422194694499360769
1422194695703253004
1422194695854297089
1422194696022016005
1422194696068104196
1422194696038801412
1422194696827326467
1422194697251000320
1422194697691451400
1422194697850679298
1422194698110660611
1422194698236665861
1422194699205582855
1422194699306258432
1422194699327066115
1422194699952132107
1422194700119945217
1422194700048642051
1422194700182822918
1422194700551852040
1422194701084487682
1422194701331992576
1422194701231403010
1422194702070296581
1422194702149947394
1422194702074396675
1422194702007345161
1422194702741213186
1422194703026442243
1422194703500554240
1422194703546585091
1422194703693488133
1422194703668113411
1422194703898980363
1422194703907364866
1422194703408058378
1422194704712667136
1422194704985296896
1422194705102737408
1422194705354432516
1422194706277146627
1422194706298122243
1422194706532896771
1422194706985984000
1422194706902040578
1422194707145297921
1422194707417939969
1422194707602542593
1422194707803815939
1422194707665408004
1422194707824877570
1422194708403691521
1422194707459940357
1422194708676235266
1422194710316298241
1422194709997445125
1422194710446235656
1422194710454616069
1422194711113121796
1422194711197102083
1422194711159263241
1422194710966378498
1422194711696076801
1422194712363126793
1422194712446898179
1422194712958615553
1422194713084502020
1422194713478762496
1422194713088733184
1422194713755480070
1422194714053382144
1422194714074394625
1422194714149888006
1422194714628050945
1422194714506321921
1422194715605209093
1422194715949076483
1422194716150538240
1422194716553093126
1422194716649603076
1422194716771328002
1422194716813185031
1422194716842545155
1422194716393689096
1422194716993626112
1422194716750360577
1422194717102678016
1422194717341671426
1422194717559824384
1422194717920571394
1422194718067367942
1422194718541336585
1422194718516121603
1422194719279431682
1422194719396810755
1422194719589871620
1422194719526903808
1422194719837224963
1422194719996719105
1422194720705421318
1422194720923688972
1422194719585615872
1422194721078890506
1422194721124847625
1422194721280122881
1422194721267453952
1422194721254871043
1422194721783525380
1422194722794311686
1422194722710429697
1422194722957897730
1422194723226144773
1422194723951988737
1422194723972947970
1422194724027265031
1422194724295872512
1422194724430041091
1422194724576714752
1422194724744712194
1422194725654761477
1422194726002851847
1422194726124589066
1422194726267068421
1422194726648823810
1422194726762016775
1422194726896287749
1422194727407992834
1422194727940657158
1422194727953305604
1422194728423104518
1422194727978405890
1422194728360189955
1422194727877763072
1422194728955785223
1422194729966571528
1422194729945608196
1422194729798750209
1422194730188906500
1422194731082293252
1422194731531046915
1422194731803717638
1422194732403359749
1422194732558606341
1422194733213003783
1422194733628203015
1422194734139912193
1422194734127325184
1422194734349627392
1422194734362148864
1422194734613733381
1422194735352008709
1422194735968555014
1422194736765489153
1422194736484425733
1422194736794935296
1422194737444962307
1422194737184919555
1422194737742761984
1422194738153902086
1422194737545678856
1422194738636247042
1422194738854187009
1422194738384486403
1422194739584045056
1422194739944648707
1422194740078862336
1422194739848388611
1422194739969986560
1422194740326408196
1422194740280373251
1422194741031153671
1422194741140131841
1422194741882593282
1422194742113275906
1422194742088044550
1422194742062985217
1422194742197202945
1422194741807099905
1422194742264143872
1422194742746619907
1422194742805377028
1422194743539343362
1422194743983976450
1422194743602290693
1422194744512421892
1422194744684318730
1422194744843653124
1422194745200332801
1422194744977858561
1422194745703424005
1422194746340962313
1422194746571714564
1422194746517299203
1422194746542415872
1422194746529927168
1422194747070947336
1422194747284803584
1422194747351912451
1422194746844491778
1422194747997925377
1422194748626976769
1422194748551532545
1422194748652130307
1422194748752896000
1422194748987748353
1422194749021294595
1422194749415567361
1422194749260369936
1422194749428097025
1422194749612691460
1422194749616820225
1422194749839183874
1422194749658877954
1422194750032121863
1422194750489350154
1422194750531252225
1422194750694825984
1422194750816329735
1422194750988464149
1422194750933843969
1422194751915401217
1422194752171044868
1422194752431267842
1422194752808800257
1422194752905048068
1422194753043673089
1422194753769295874
1422194753622380545
1422194753743974404
1422194754574422021
1422194754649944065
1422194755132223491
1422194755304296449
1422194755702718464
1422194755769937924
1422194756529004547
1422194756671713286
1422194756784959489
1422194757099560961
1422194757195948032
1422194757435117574
1422194757539794946
1422194757648928769
1422194758148149254
1422194758118674434
1422194758378737667
1422194758370304011
1422194758395613191
1422194758894723075
1422194758827532288
1422194758735237122
1422194759343480832
1422194758529716230
1422194759486132226
1422194761239302150
1422194761566457856
1422194761453215747
1422194761679523849
1422194761801388033
1422194762082242562
1422194761692295174
1422194762501824513
1422194762476625921
1422194762489245702
1422194762770178052
1422194762724032516
1422194762925367299
1422194762845589508
1422194763139321858
1422194763101519878
1422194763248410624
1422194763248377859
1422194763516764165
1422194763185508352
1422194763885842432
1422194764506714117
1422194765328703492
1422194765689499652
1422194765924343810
1422194766205251590
1422194766171750404
1422194766343774213
1422194766641602561
1422194766976995334
1422194767044222980
1422194767090229253
1422194767195217923
1422194767434223620
1422194768235221000
1422194768667348992
1422194768851849216
1422194769107857408
1422194769179160577
1422194769539657731
1422194770546409481
1422194771347615744
1422194771347468290
1422194771846647810
1422194772169486337
1422194772761059334
1422194773100740611
1422194773360664584
1422194773662834693
1422194773763444741
1422194773427818506
1422194773792681994
1422194774736527365
1422194774811889670
1422194774547828752
1422194774820392960
1422194775101296641
1422194775474704386
1422194775441219584
1422194775550304260
1422194775734820864
1422194775986483203
1422194776183656452
1422194776191950851
1422194776368156678
1422194776498216961
1422194776364011520
1422194777559244805
1422194777546584072
1422194777815142402
1422194777915740162
1422194778146545671
1422194778276605965
1422194778368786439
1422194778343579651
1422194778440146947
1422194778339516417
1422194778645598208
1422194778846810112
1422194778792366080
1422194779933364233
1422194779941707776
1422194779945799680
1422194779916492812
1422194780088332297
1422194780272955397
1422194780583481346
1422194780566528004
1422194781518585857
1422194781887807489
1422194782000930827
1422194782147858437
1422194782147862537
1422194782189891587
1422194782416343047
1422194782793781251
1422194783271854084
1422194783544619008
1422194783703998466
1422194783854817282
1422194784010182656
1422194784160997376
1422194784307978243
1422194784152719366
1422194784559456257
1422194784953720833
1422194784999968769
1422194784471502848
1422194786715451393
1422194786681905155
1422194786878967809
1422194786921066497
1422194787155853320
1422194787130777603
1422194787625619457
1422194787789295621
1422194787340410883
1422194788065976321
1422194787944255491
1422194788330352647
1422194788330135554
1422194789928345604
1422194789924032515
1422194790238720006
1422194790901469189
1422194791136301061
1422194791299776520
1422194791421550601
1422194791278862340
1422194792163913728
1422194792285495300
1422194792319094791
1422194792675614720
1422194793107570696
1422194794336555018
1422194794726531077
1422194794995011588
1422194796811067393
1422194796832100355
1422194797998182402
1422194798484541444
1422194798849581056
1422194798870601735
1422194799080353796
1422194798790914052
1422194799252180996
1422194799738753033
1422194799780708355
1422194800355430401
1422194800753795076
1422194800699318277
1422194800917368832
1422194801219362822
1422194801466871809
1422194801219448833
1422194801588453379
1422194802515402753
1422194802620260352
1422194802221850626
1422194802762911744
1422194802892886018
1422194803559833603
1422194803928801285
1422194803966627843
1422194804096593923
1422194804109230083
1422194804113514497
1422194804092456970
1422194803740184578
1422194804444762112
1422194804541337610
1422194804973137922
1422194805153619971
1422194805136924678
1422194805606596610
1422194805510217729
1422194805703053316
1422194806630006786
1422194807481438211
1422194807997358082
1422194808391495681
1422194808307830786
1422194808316116993
1422194808836218885
1422194809020764161
1422194808513236992
1422194809406582786
1422194809658388488
1422194810136383489
1422194810614648832
1422194810765594632
1422194810941632516
1422194810954428417
1422194811109474306
1422194811306717184
1422194811243831298
1422194811738759171
1422194811784744960
1422194812158201856
1422194812720082944
1422194813332451332
1422194813311488004
1422194813147942917
1422194813823225858
1422194814116900872
1422194814158884865
1422194813907185668
1422194815400300545
1422194815664537602
1422194815656206336
1422194816247603207
1422194817375870986
1422194816969023490
1422194817229074432
1422194816566300679
1422194817459576837
1422194817812111360
1422194817874882560
1422194818239893519
1422194818214678535
1422194818223124481
1422194818378125315
1422194818483200008
1422194818508283906
1422194818608992259
1422194819116453899
1422194818864799747
1422194819896528901
1422194819863044104
1422194820081127425
1422194820689403904
1422194820823592960
1422194820995502084
1422194820991229957
1422194821591044100
1422194821997924358
1422194822656495625
1422194822648041476
1422194823059148807
1422194823214387200
1422194823927377933
1422194823851745280
1422194824300609542
1422194824342642697
1422194824824954887
1422194824778706944
1422194824980148236
1422194825667952645
1422194825697316865
1422194826364309511
1422194826515202048
1422194826624131073
1422194826812944393
1422194826917908480
1422194827039592449
1422194827886739461
1422194827911782401
1422194828176248833
1422194828268474368
1422194828306231300
1422194828478083079
1422194828331429892
1422194828662558733
1422194828847181824
1422194828964769793
1422194829161795586
1422194828952186883
1422194829111533576
1422194829233164297
1422194828218028038
1422194829715410945
1422194829644247041
1422194829807656962
1422194830265012236
1422194830248189952
1422194830499880963
1422194830365634562
1422194832446009344
1422194832739651589
1422194833905504262
1422194834249498632
1422194834027188232
1422194834379526147
1422194834912153601
1422194835117723656
1422194834475917316
1422194835465834498
1422194835767926784
1422194835650273286
1422194835771990021
1422194836308905988
1422194837441286151
1422194836908691461
1422194837684690949
1422194837697093633
1422194837994971141
1422194838091481093
1422194838066302980
1422194838431145989
1422194838481539072
1422194838670295041
1422194839022571523
1422194839429341187
1422194840104800258
1422194840444579842
1422194841136640001
1422194841228877831
1422194841237196808
1422194841144885252
1422194841639862272
1422194841908391936
1422194841505648640
1422194842105352196
1422194842168434696
1422194842675949573
1422194842973655042
1422194843699359747
1422194843875434496
1422194844508774405
1422194844907282435
1422194844814950404
1422194844986904579
1422194845020471296
1422194845746180103
1422194845674782726
1422194845964140544
1422194846169649160
1422194846069108746
1422194846513700870
1422194846605877258
1422194847193108482
1422194847331586049
1422194848187179014
1422194848300519430
1422194848531165192
1422194847700570127
1422194849114202114
1422194848405151748
1422194849466421253
1422194849588056068
1422194849839607815
1422194849915285505
1422194850477350916
1422194850112409614
1422194850103840769
1422194850884161538
1422194851131572225
1422194851467177985
1422194851928489990
1422194852213649412
1422194853165903873
1422194853522419715
1422194853895671809
1422194853501456384
1422194853912453121
1422194853992177677
1422194854390648834
1422194854541529094
1422194854658969605
1422194854881370113
1422194855753785349
1422194855871082501
1422194856206741507
1422194856982679556
1422194856927977472
1422194857125285897
1422194857477656581
1422194857561444355
1422194857855098883
1422194858303832068
1422194858521813002
1422194858773651456
1422194858693992452
1422194859738337281
1422194859922894854
1422194859532689414
1422194860023558145
1422194860774227969
1422194860736589834
1422194860988243973
1422194861420261379
1422194861508202498
1422194862049353728
1422194862275719177
1422194862535872513
1422194862879805443
1422194863999705092
1422194864494563336
1422194865157263363
1422194865329291266
1422194866466050049
1422194866474430464
1422194866868654086
1422194867338416131
1422194867468480520
1422194867640455168
1422194867963314179
1422194868089245704
1422194868206592014
1422194868890128394
1422194869028675590
1422194869628379138
1422194869611732994
1422194869846564873
1422194869875974147
1422194870354071554
1422194870597283845
1422194871239065601
1422194872056963077
1422194872224600075
1422194872883232775
1422194873470496772
1422194873835442186
1422194874145820672
1422194874607181825
1422194874468683790
1422194874573631496
1422194875194167297
1422194875362119687
1422194875546673157
1422194875794038785
1422194875999604738
1422194876158984192
1422194876293292033
1422194877224345608
1422194877186682880
1422194877497020416
1422194877429813249
1422194877442441216
1422194877736099845
1422194877773668360
1422194877895520275
1422194878180593669
1422194878092517379
1422194878897954816
1422194879355097091
1422194879392882690
1422194880009355265
1422194881057992707
1422194881200599043
1422194881020121092
1422194881452204036
1422194881972342789
1422194881871716358
1422194882387578880
1422194882102194178
1422194882412752903
1422194882572013579
1422194882727251973
1422194882966327306
1422194883150950405
1422194883482333190
1422194884547518474
1422194884648259586
1422194885646503937
1422194885801746436
1422194886275567618
1422194886682415115
1422194886787440640
1422194886829166596
1422194886510530561
1422194887219351552
1422194887039098885
1422194887215259653
1422194887907319813
1422194888238641152
1422194889895317507
1422194890138656781
1422194890423914499
1422194890864201729
1422194890935525377
1422194890356797442
1422194891174645762
1422194891774439428
1422194891820572673
1422194891942240260
1422194892785213440
1422194892877582343
1422194893003313165
1422194893175234570
1422194893351538688
1422194893292773377
1422194893552701452
1422194893766660097
1422194894089736199
1422194894144032771
1422194894219644928
1422194894139953153
1422194894622371843
1422194895226290178
1422194894848802818
1422194895117340672
1422194896740372491
1422194897755557896
1422194898053132294
1422194898585886721
1422194897755516928
1422194898850263041
1422194899320020992
1422194899437428741
1422194899374403585
1422194899408015360
1422194899558993927
1422194899928113152
1422194901266190338
1422194901425561606
1422194901769506816
1422194902390222849
1422194902457327620
1422194902658469889
1422194902906163205
1422194903103295494
1422194903203856389
1422194903447130112
1422194903279411204
1422194902897725441
1422194903518375939
1422194904030142464
1422194904172843009
1422194904256716803
1422194904869003266
1422194904730591234
1422194905330327554
1422194905573584897
1422194906295062530
1422194906479595522
1422194906538336256
1422194906437758982
1422194906785800192
1422194908102864898
1422194908786356228
1422194908966932485
1422194908933283842
1422194909025640451
1422194909306671108
1422194909314883593
1422194909331660803
1422194909608513538
1422194909553954820
1422194909654642691
1422194909583339520
1422194909692325889
1422194909738459140
1422194909742714883
1422194909713367043
1422194909713338372
1422194909746917381
1422194911714156547
1422194911189868544
1422194912162992136
1422194912339107842
1422194911399526401
1422194912527781892
1422194912838160394
1422194913140088838
1422194913228247040
1422194913349836802
1422194913483976704
1422194913706397696
1422194913702080513
1422194914385965061
1422194914490785792
1422194914725666816
1422194914679533575
1422194914658439168
1422194914658373639
1422194915660865547
1422194915652489219
1422194916315258881
1422194916399239172
1422194916671860738
1422194916730441729
1422194915971190785
1422194916508250112
1422194917460398083
1422194917649096705
1422194917749760006
1422194918013894662
1422194918492049411
1422194918529830917
1422194918542528519
1422194918496276484
1422194919322447879
1422194920023023621
1422194921516240897
1422194921541361674
1422194921390317569
1422194922401243138
1422194922149580807
1422194922594123781
1422194923126808583
1422194923218948102
1422194923328135173
1422194920266293251
1422194923336523779
1422194923928006657
1422194923881775109
1422194923814592518
1422194924590493699
1422194924846338049
1422194925148459008
1422194923063885825
1422194926297784321
1422194926343819270
1422194926503309315
1422194926826278912
1422194926830252037
1422194926855630850
1422194927149146114
1422194927828705287
1422194929208528899
1422194929330270211
1422194929456107523
1422194929065934848
1422194929804222467
1422194929816809475
1422194930504536074
1422194931339235333
1422194931494531074
1422194931381194757
1422194931926437891
1422194932014592001
1422194931968397312
1422194933079883781
1422194933256052744
1422194933855891468
1422194933486686220
1422194934375870470
1422194933692309509
1422194934350757890
1422194934598144000
1422194934724050957
1422194936691240962
1422194936594812928
1422194937060159491
1422194937345544202
1422194936988852226
1422194938314313728
1422194938360500224
1422194938872205318
1422194939006435333
1422194939308519425
1422194939824279557
1422194940222791682
1422194940914933761
1422194941137235970
1422194941665632256
1422194941657337856
1422194942256971785
1422194942781181955
1422194943108464654
1422194943393681413
1422194943435546631
1422194943586488324
1422194944161337349
1422194944362663939
1422194945239261192
1422194945323110406
1422194945440559110
1422194945729908736
1422194946077954049
1422194946430410752
1422194946694582273
1422194947076284416
1422194946467983365
1422194948066226181
1422194948464652295
1422194948636659723
1422194949190258688
1422194949047701505
1422194949185892353
1422194949894848512
1422194951140560902
1422194951010635777
1422194951039950851
1422194951568433163
1422194952419700738
1422194952860278788
1422194953657200643
1422194953778868231
1422194953967620097
1422194954324021256
1422194954630307842
1422194954915491840
1422194955129401344
1422194955167088649
1422194955955707907
1422194956173783041
1422194957004075013
1422194956903632906
1422194957637537792
1422194957608095747
1422194957838921733
1422194957973078024
1422194958132555776
1422194958686212097
1422194959034224646
1422194959633969156
1422194959973822477
1422194959969624064
1422194960191959043
1422194960489598982
1422194961458491394
1422194960389054469
1422194961861251078
1422194961924206597
1422194963148853252
1422194963027218434
1422194963123773440
1422194963576762370
1422194963677433862
1422194963715137538
1422194964088250371
1422194964310675458
1422194963413078019
1422194964235096066
1422194964457529348
1422194964595945479
1422194964767801347
1422194965149519876
1422194965292138496
1422194966407884807
1422194966424608768
1422194966734938118
1422194966890123268
1422194966626017280
1422194967083028488
1422194967275970570
1422194967469035522
1422194967330660356
1422194967552815107
1422194968651837446
1422194968660111363
1422194969117331456
1422194968983183360
1422194969058713600
1422194969809358848
1422194969679335432
1422194970035949571
1422194969729634305
1422194970270736393
1422194970274979840
1422194970161819649
1422194970409283587
1422194970728058880
1422194970979565568
1422194970950316042
1422194971025854465
1422194971248103424
1422194971894063104
1422194971927527428
1422194972183388161
1422194972376412160
1422194971554295812
1422194972711915525
1422194972837699588
1422194974561476610
1422194975278829570
1422194975370932238
1422194975224131585
1422194975069155342
1422194975350169607
1422194975702388739
1422194975702454287
1422194976100864002
1422194976436412416
1422194976868364295
1422194976847323140
1422194976843173893
1422194976830677001
1422194977182990336
1422194979615748108
1422194980156854277
1422194980765020160
1422194981134024708
1422194980202979331
1422194981209522176
1422194981461106689
1422194981645832194
1422194981754839040
1422194981926801411
1422194982102896648
1422194982828474369
1422194982899834887
1422194982526537731
1422194983701028865
1422194984577548288
1422194985017950211
1422194985718280194
1422194986687287303
1422194986922041347
1422194987433746433
1422194987886862336
1422194988209819654
1422194988339892228
1422194988239134728
1422194988906172419
1422194989291896834
1422194989120073729
1422194989505916931
1422194990063697927
1422194990302646280
1422194991653285895
1422194991141687303
1422194992047607809
1422194992181776384
1422194992265768964
1422194992412561409
1422194992483815424
1422194992999772164
1422194993360302082
1422194993494732802
1422194993452756999
1422194993834364928
1422194993775644682
1422194994845265922
1422194994979479556
1422194994664906757
1422194995226976262
1422194995176648704
1422194995818344449
1422194996074192897
1422194996061642759
1422194996132737024
1422194996070035461
1422194996267167745
1422194996401172486
1422194996388696064
1422194996640366596
1422194996585902081
1422194996728508423
1422194997110185989
1422194997302939649
1422194997856673793
1422194998188072965
1422194998137794563
1422194998515314689
1422194998993473542
1422194996749406214
1422194999165337600
1422194999224045574
1422194999429668874
1422194999635050503
1422195000109117440
1422195000096395267
1422195000327114755
1422195000595697666
1422195000717238275
1422195000641732609
1422195000603971585
1422195000444555265
1422195001795223562
1422195001702850561
1422195001451237382
1422195002084675589
1422195002080432131
1422195001916751873
1422195002407637000
1422195002948657156
1422195003095461889
1422195003888062467
1422195003216916487
1422195004202647557
1422195003921551366
1422195004781514757
1422195004802584578
1422195005305753605
1422195005339443203
1422195005452599303
1422195005503021064
1422195005385551880
1422195005628850183
1422195006262161410
1422195006195093505
1422195006366965762
1422195006950055938
1422195006949965826
1422195006987816960
1422195007306469381
1422195007411220481
1422195007662985217
1422195008053157892
1422195008115970054
1422195008204070914
1422195008418029568
1422195008535470082
1422195008686415881
1422195008980070401
1422195009403633664
1422195009466499073
1422195010443808780
1422195010674458632
1422195010825564168
1422195010414448646
1422195011030978563
1422195010816991235
1422195011060383748
1422195011274293255
1422195012281020416
1422195012364865539
1422195012092190722
1422195013044211712
1422195013518249985
1422195014629830657
1422195014264791045
1422195014780825600
1422195014893977604
1422195014881333251
1422195014663213060
1422195015162470401
1422195013421871104
1422195015871303680
1422195016131252234
1422195016496304132
1422195016768925706
1422195017070911488
1422195017255358465
1422195017255370756
1422195017615962112
1422195018580832262
1422195018736050179
1422195018886832132
1422195020489269248
1422195020816392201
1422195021109891078
1422195021776891904
1422195021726588930
1422195022158512129
1422195022464618498
1422195022674501637
1422195022858969091
1422195023450365954
1422195023274299392
1422195023181795329
1422195023756541957
1422195024398270471
1422195024498880513
1422195024696168450
1422195024293421061
1422195025090433030
1422195025266548745
1422195024817639426
1422195025547517957
1422195025543266306
1422195025803370496
1422195025992105986
1422195026310819842
1422195026520682498
1422195026549936137
1422195027372122122
1422195027745419270
1422195028592664579
1422195028756242436
1422195029024587779
1422195029662224384
1422195030308102146
1422195030572388357
1422195030618411009
1422195030702362627
1422195031042150403
1422195031000092674
1422195031071510531
1422195031281123328
1422195030089945091
1422195030941446148
1422195031394426884
1422195031482331138
1422195031335706626
1422195031658561537
1422195032166068233
1422195032409493505
1422195033218891776
1422195033621606408
1422195033587994627
1422195033818599426
1422195034057752577
1422195034141577218
1422195034208841728
1422195034225614851
1422195034804396036
1422195035521503242
1422195035626422276
1422195035643260935
1422195035869700100
1422195035907391493
1422195035865554944
1422195036087746563
1422195037446737921
1422195037442609154
1422195037589278720
1422195037664735236
1422195037480177667
1422195039325798400
1422195039535517698
1422195039850143750
1422195040231862274
1422195040588337156
1422195040718307331
1422195040475131908
1422195041800531968
1422195041896964096
1422195041750208515
1422195042324783106
1422195042471616525
1422195042786189321
1422195042421252096
1422195042987380744
1422195043155288064
1422195043222229002
1422195043520057347
1422195043788595203
1422195043830419460
1422195043960508423
1422195043851505664
1422195044547584002
1422195044384223233
1422195044610711553
1422195044979646464
1422195045613060099
1422195045793517572
1422195045751398404
1422195045688545295
1422195045999038465
1422195046007332865
1422195046162501632
1422195046103732225
1422195046254669825
1422195046552645634
1422195045835366400
1422195046745579524
1422195047429283844
1422195047936704515
1422195047932571657
1422195050352611328
1422195050440761346
1422195050331525122
1422195050444779522
1422195050860134400
1422195051267039237
1422195051409588230
1422195051464118282
1422195051443232773
1422195051858468867
1422195052164616200
1422195052210790402
1422195052676362242
1422195052856684548
1422195052777021447
1422195052995137541
1422195054362365952
1422195054563692544
1422195054974693376
1422195055645773826
1422195056023379969
1422195056472072193
1422195056388317187
1422195056421789698
1422195055759081473
1422195057164046339
1422195057176858627
1422195057839456256
1422195057868767239
1422195057965289476
1422195057948561415
1422195058326003716
1422195058519027716
1422195058946752522
1422195059726950400
1422195060112715782
1422195060876087299
1422195062218256385
1422195062608388098
1422195063594049538
1422195063753428999
1422195063828975622
1422195064030306310
1422195064231583749
1422195063845789703
1422195064713879554
1422195064822894595
1422195064923516932
1422195065032740864
1422195065338830848
1422195066001674249
1422195065955422209
1422195066320343040
1422195066517479426
1422195066894966784
1422195067142512647
1422195067889070081
1422195067998060553
1422195068266586114
1422195069826785281
1422195069814075396
1422195069721866240
1422195070007132168
1422195070506254342
1422195070665515008
1422195070946660357
1422195070585905155
1422195071869460482
1422195072171347974
1422195072246890500
1422195071571566592
1422195072809017350
1422195072867749888
1422195073031151629
1422195073433968641
1422195073937285126
1422195074050531329
1422195073949880320
1422195075891843073
1422195076005044232
1422195076457971719
1422195076625743878
1422195076869115905
1422195077498261509
1422195077649248271
1422195077154320385
1422195078630629376
1422195079083659267
1422195079373012994
1422195079456907268
1422195079758893058
1422195080245383171
1422195080362872833
1422195080602005509
1422195080513916945
1422195080937578496
1422195080790777864
1422195081038139394
1422195081323417604
1422195081965146116
1422195082111848457
1422195082468397056
1422195083487612931
1422195083689013251
1422195083898589184
1422195083538059275
1422195084116832258
1422195084150382593
1422195084573954051
1422195084859162626
1422195085203054593
1422195085370961920
1422195085484118019
1422195085618434049
1422195086545281025
1422195086755090445
1422195086771859458
1422195087107403778
1422195087333863432
1422195087719780352
1422195087870681094
1422195088206221325
1422195088223002629
1422195088399216646
1422195088566865926
1422195088592195587
1422195088810254341
1422195089602797568
1422195089854586884
1422195091918278657
1422195091742105601
1422195092190793732
1422195092501192705
1422195092761239556
1422195093038010373
1422195093524652032
1422195093390434306
1422195093595856900
1422195094170570762
1422195093725929482
1422195094283857925
1422195094849994755
1422195095437250566
1422195096108158980
1422195096322134020
1422195096288698380
1422195096435441671
1422195096729042945
1422195095688855554
1422195097345560584
1422195097735729156
1422195097953841160
1422195098570444802
1422195098742362116
1422195098733907978
1422195099266691077
1422195099405066243
1422195099493142530
1422195099656589320
1422195099308544001
1422195100478853121
1422195100935991301
1422195100898185221
1422195100944318472
1422195100881330181
1422195101011480576
1422195101141450759
1422195101317488645
1422195101615394817
1422195102777331714
1422195102731182080
1422195102890356736
1422195104459132936
1422195104790589440
1422195105755066378
1422195105931268100
1422195106099077123
1422195105209913346
1422195106107596804
1422195106363281409
1422195106279460868
1422195106619199491
1422195107084738569
1422195107340685313
1422195107563024388
1422195107634192388
1422195107919548417
1422195107881799683
1422195108410273795
1422195108829532169
1422195109320396807
1422195108829536258
1422195109387505669
1422195109827907585
1422195110129848325
1422195109886455808
1422195110280941570
1422195110419259401
1422195111040065548
1422195110335418373
1422195111346180097
1422195111006453761
1422195111639855115
1422195112818483208
1422195112843616264
1422195113988706313
1422195114248744965
1422195114395439105
1422195115074887682
1422195115217629186
1422195115385311233
1422195115582427136
1422195115745968133
1422195115490041861
1422195117813809156
1422195118199742466
1422195118132498439
1422195118442958851
1422195118518509571
1422195118468108289
1422195118531022853
1422195118589763586
1422195118996590594
1422195119306940419
1422195119634194437
1422195119378165764
1422195119814553603
1422195119961346050
1422195119550124039
1422195120099762180
1422195120347107338
1422195120238055426
1422195121429360642
1422195121957789700
1422195122205347841
1422195122255585293
1422195122465292288
1422195122926759941
1422195122188472322
1422195121550934017
1422195123321024525
1422195123362820097
1422195123337715713
1422195123438473216
1422195123539087363
1422195123643981829
1422195124201689091
1422195124302401538
1422195124231147520
1422195124876890117
1422195125183152130
1422195125376065541
1422195125665603592
1422195125644562436
1422195125896237057
1422195126047289352
1422195126521274370
1422195126533640199
1422195126810644486
1422195126923931651
1422195127318106114
1422195127364161539
1422195127641067521
1422195127955558403
1422195128752607234
1422195128932966409
1422195129612386313
1422195129666916357
1422195129989926917
1422195130241470469
1422195130585554952
1422195130296147973
1422195130417745920
1422195131495682049
1422195131600359431
1422195131910922242
1422195132250603527
1422195132636569607
1422195132980514817
1422195133064392707
1422195133215244305
1422195133529870341
1422195133718618120
1422195133735448582
1422195134381400068
1422195134809219072
1422195134653894657
1422195134431744000
1422195135165706240
1422195135417262085
1422195135299813378
1422195136449196032
1422195137044787203
1422195137044787202
1422195137334161412
1422195137409523713
1422195137485152257
1422195137837518852
1422195137837342725
1422195138126880768
1422195138068107278
1422195138315620353
1422195138210709506
1422195138374340608
1422195141352345600
1422195141796933634
1422195142019084288
1422195142996414471
1422195143008952321
1422195143105413131
1422195143256444931
1422195143487246342
1422195143759876098
1422195143755673601
1422195143961153539
1422195143919161349
1422195144137363459
1422195144615415808
1422195144405798915
1422195144770662402
1422195145143947264
1422195145089458182
1422195144854446080
1422195146377027584
1422195146397929472
1422195146695847939
1422195147471826947
1422195147593240577
1422195147857608710
1422195148293873667
1422195148478423046
1422195149023719432
1422195149195649040
1422195149250207746
1422195149589843968
1422195149543591939
1422195149971640326
1422195150143606787
1422195150655299590
1422195150613217288
1422195151976361992
1422195152387444741
1422195152429346817
1422195152572100609
1422195152773320705
1422195152773279744
1422195152915927045
1422195152924250113
1422195152945287170
1422195153771581443
1422195154765615113
1422195154857992198
1422195154937655300
1422195154962767872
1422195153780068355
1422195155440914437
1422195155445108737
1422195155868655621
1422195156145557508
1422195156497879040
1422195156615372801
1422195156929982466
1422195157055705090
1422195157731008512
1422195157764558849
1422195158100099074
1422195159333314563
1422195159517782020
1422195159287087116
1422195160100704257
1422195159937298450
1422195160964812800
1422195160620978185
1422195161111486465
1422195161468063748
1422195162214813699
1422195162197811205
1422195163364012041
1422195163812691975
1422195165016494086
1422195164898938896
1422195165838528512
1422195166140669957
1422195166803374086
1422195167440801796
1422195167646429184
1422195168833196033
1422195168652967939
1422195169022156804
1422195169080774657
1422195169164767234
1422195169290555396
1422195169328254976
1422195169747738627
1422195168996954119
1422195169970081795
1422195169877762053
1422195170574053379
1422195170720821254
1422195170271969280
1422195171203166213
1422195171505147907
1422195172180480008
1422195172717350915
1422195172771696645
1422195172981448704
1422195173157650432
1422195173191204866
1422195173635891205
1422195173883322370
1422195174655074307
1422195174994759682
1422195175179407361
1422195176127205383
1422195177137983496
1422195177544982529
1422195177557356552
1422195178203320322
1422195178740219907
1422195178694234116
1422195178769588226
1422195179075817476
1422195179235291139
1422195181093199879
1422195181130944517
1422195181542068225
1422195181374169090
1422195181793722372
1422195181726715912
1422195182540312589
1422195182678720515
1422195182762594306
1422195183215517702
1422195184062779393
1422195184301903874
1422195184406724608
1422195184771768332
1422195184054407170
1422195185224585220
1422195185329614849
1422195186294263820
1422195186201944069
1422195186478718978
1422195186948612100
1422195187154132992
1422195187435048961
1422195187829420033
1422195186948530178
1422195189385506820
1422195189708378116
1422195189322592265
1422195190111084544
1422195189972623361
1422195186080309249
1422195186877308933
1422195190618415108
1422195190828355586
1422195191109361665
1422195191193030656
1422195191478358021
1422195189150625794
1422195192963162112
1422195193177014276
1422195193126719493
1422195193059680256
1422195193206411269
1422195193223262211
1422195192573136898
1422195193571274757
1422195193961402372
1422195194863226887
1422195194796126208
1422195195081281538
1422195195072892943
1422195196431847424
1422195197300068352
1422195197690228743
1422195197555970054
1422195198310891522
1422195198700969984
1422195198789144583
1422195199460134912
1422195199606992896
1422195199351066627
1422195199841738757
1422195199900622848
1422195199980318723
1422195200043229192
1422195200865169408
1422195200982540291
1422195202702315520
1422195203591622665
1422195203847376897
1422195204023541764
1422195204749148161
1422195205147701253
1422195205084794882
1422195205374087174
1422195205562789890
1422195205432913922
1422195205911031815
1422195205835395075
1422195205864894465
1422195205831225349
1422195206011727875
1422195206279991296
1422195206431158283
1422195206833676293
1422195207047614476
1422195206959648771
1422195207030849536
1422195207458725891
1422195204753403905
1422195208129818627
1422195209354584067
1422195209522139140
1422195209606107137
1422195209610354688
1422195210142978051
1422195210503786496
1422195210705113091
1422195211069964290
1422195211762118664
1422195211921367040
1422195211422158850
1422195212076654595
1422195212110213122
1422195212458381316
1422195213947138055
1422195214056312832
1422195214186332165
1422195214521753600
1422195214685507584
1422195215109169152
1422195215188865029
1422195215297826820
1422195214748323843
1422195215402553347
1422195216413601796
1422195217030057985
1422195217281736704
1422195217948725251
1422195217936097288
1422195218493870085
1422195218850385922
1422195219005591557
1422195219324448770
1422195219831865349
1422195220226183171
1422195220603707399
1422195221283196931
1422195222532984836
1422195222541438980
1422195223287975946
1422195223376105475
1422195223556366340
1422195224265334796
1422195224432898050
1422195224479100930
1422195224504414210
1422195224709828609
1422195225167073281
1422195225414443014
1422195225510825991
1422195226005970945
1422195226081259532
1422195225917739012
1422195226374983684
1422195226379096068
1422195226446290944
1422195226857381889
1422195227880722434
1422195227926872070
1422195228233007111
1422195228136587268
1422195228526665731
1422195228396638213
1422195228665126921
1422195228581191680
1422195230808367104
1422195230565093376
1422195231253008389
1422195231483736064
1422195231823437826
1422195231752167428
1422195231387172868
1422195231924105219
1422195231718531076
1422195232666492933
1422195233014550537
1422195232976814081
1422195233144639496
1422195233438191616
1422195233761210371
1422195234054840320
1422195234201432065
1422195230888140803
1422195234235207684
1422195234595823617
1422195234566455300
1422195234704957449
1422195234843279361
1422195235233349640
1422195235602448384
1422195235631869957
1422195236118355974
1422195236885999619
1422195236982312961
1422195237443620865
1422195237447950339
1422195238530162688
1422195239775739908
1422195239930978304
1422195240312709126
1422195241453506561
1422195241105379336
1422195241290018817
1422195241721819141
1422195242397274117
1422195242346848256
1422195242334359562
1422195242619609089
1422195242594406402
1422195242699218946
1422195243303149577
1422195243689156610
1422195243844243457
1422195244695756803
1422195244595126280
1422195244603375618
1422195245056499721
1422195245169713152
1422195241239687169
1422195245723312133
1422195245924638723
1422195247656882181
1422195247807930369
1422195248567095298
1422195248210526217
1422195249259089921
1422195249422688256
1422195249741549573
1422195250194436096
1422195250345414660
1422195250475450377
1422195250521640965
1422195250542440448
1422195250995634178
1422195251637231631
1422195251977015297
1422195252165713922
1422195252157468674
1422195252321034240
1422195252803293184
1422195252098654212
1422195252874579974
1422195252924846082
1422195253658800131
1422195253835010054
1422195254556561409
1422195254539788292
1422195254959165440
1422195255160475652
1422195253692534785
1422195255701553154
1422195255990886403
1422195256624250885
1422195257148645378
1422195256653537280
1422195257475620864
1422195257610063875
1422195257421312002
1422195258163671042
1422195257861709825
1422195258457301001
1422195259677810690
1422195258922659848
1422195259967254529
1422195260030177282
1422195260013174787
1422195260424327176
1422195261045157896
1422195261149954048
1422195261078712323
1422195262517399561
1422195262924197896
1422195264018919425
1422195264459206663
1422195264362844162
1422195264304123904
1422195264362885121
1422195265558220808
1422195265528815617
1422195265029689349
1422195263435902979
1422195265973391381
1422195265902059528
1422195265881137156
1422195266145316864
1422195266292178948
1422195266493501450
1422195266770415626
1422195266707496962
1422195268699701248
1422195268573974532
1422195269215539209
1422195269622456320
1422195269706391555
1422195269773365253
1422195270083878916
1422195270218129408
1422195270109040640
1422195270343876608
1422195270981464070
1422195271329624067
1422195272273129479
1422195272176766977
1422195273011449856
1422195273447604225
1422195273451851779
1422195273560993794
1422195273779003392
1422195273670041610
1422195273095385098
1422195273682587652
1422195273938345993
1422195274026561542
1422195273548324865
1422195274621984773
1422195274768912395
1422195274844356610
1422195276392116227
1422195276815773696
1422195276736049152
1422195276710821895
1422195276899487749
1422195277432242176
1422195277696536576
1422195277147033604
1422195277834985472
1422195277855961088
1422195277902094336
1422195278363377667
1422195278359183365
1422195278459793412
1422195279735005184
1422195279680393225
1422195280649363464
1422195280599031809
1422195281274327040
1422195282251558913
1422195282301931525
1422195282155130882
1422195282704572419
1422195283203592200
1422195283505655811
1422195283883134977
1422195283790753792
1422195283904057345
1422195283367276552
1422195283824312322
1422195284185059334
1422195284566806533
1422195284923256832
1422195284868698117
1422195285229555712
1422195285879570439
1422195286030491660
1422195285304889352
1422195286374592515
1422195286395572224
1422195286537957381
1422195287376924675
1422195288262025218
1422195288316448770
1422195288249274370
1422195288308072454
1422195288543047685
1422195288966533124
1422195289331535872
1422195289486671873
1422195290040320000
1422195289901895683
1422195290036219905
1422195290153504768
1422195290115817479
1422195290099040256
1422195290388549637
1422195290484903947
1422195290631639045
1422195290665230336
1422195291076403202
1422195290719858688
1422195291273404419
1422195291357433863
1422195291407757317
1422195292359696392
1422195291822772226
1422195292435148809
1422195293517459459
1422195293706100738
1422195294138155012
1422195294708670465
1422195294746431491
1422195294721171460
1422195294645760005
1422195294859575298
1422195295904047106
1422195296080125957
1422195296814182400
1422195296977653761
1422195297061507079
1422195297057493002
1422195297443266560
1422195298076663820
1422195298986651654
1422195299506954242
1422195299884441601
1422195299863441409
1422195300505198596
1422195300563755009
1422195301167869958
1422195301511741441
1422195302178623488
1422195302862295049
1422195303197908996
1422195303248191496
1422195303474683910
1422195303638306816
1422195303789248519
1422195303873236993
1422195304045109251
1422195305114603521
1422195305609580544
1422195306465214464
1422195306771345409
1422195306968530950
1422195307048280071
1422195307023118346
1422195307404791810
1422195307610353670
1422195308285644804
1422195309107625984
1422195309048905729
1422195309883559939
1422195310194053124
1422195310558863368
1422195310617636871
1422195310965764103
1422195311062122498
1422195311712276483
1422195311888453643
1422195312073052168
1422195312060416002
1422195312450473989
1422195312370847749
1422195312429514771
1422195312588779525
1422195312911859719
1422195314354802689
1422195314690248705
1422195315122360321
1422195315168354304
1422195315541745670
1422195315998969858
1422195316141531139
1422195316246269956
1422195315881435139
1422195316485468163
1422195317433278473
1422195318515404807
1422195318624428038
1422195318452625411
1422195319039684614
1422195318901415939
1422195319496904710
1422195319794769925
1422195320058953733
1422195320373628940
1422195320465858563
1422195320880992256
1422195320839032844
1422195321547919362
1422195321753411584
1422195321896067077
1422195322093195267
1422195322550370306
1422195324047695880
1422195324148457474
1422195324756676609
1422195325159215105
1422195325352255498
1422195325469696003
1422195325398253576
1422195325742182403
1422195325557739523
1422195326937673734
1422195327025795073
1422195327503896582
1422195326316810246
1422195327587831814
1422195327763980296
1422195327772282880
1422195327491215363
1422195328514551814
1422195328577646598
1422195328611147784
1422195328653176848
1422195330297257985
1422195330343395333
1422195330389524484
1422195331589156871
1422195331991805958
1422195332025307138
1422195332440465413
1422195333153574915
1422195333249916934
1422195333392633858
1422195334403534850
1422195334340661257
1422195334659325960
1422195334646837250
1422195335892439040
1422195335900897280
1422195336290967552
1422195336639127553
1422195336496488448
1422195336567787520
1422195336920113158
1422195336911757315
1422195337356144641
1422195338325147651
1422195338237067272
1422195338744680450
1422195339730247681
1422195340032323596
1422195339495419912
1422195340237758466
1422195340221030407
1422195340703191043
1422195340871045124
1422195341747707906
1422195341345103878
1422195342297243650
1422195342301401093
1422195342817251335
1422195343526092801
1422195343983144963
1422195344356614154
1422195344142606347
1422195345484832770
1422195345878970368
1422195346059370504
1422195346336321541
1422195346625683458
1422195347191996423
1422195348047646722
1422195348034912256
1422195348093562882
1422195348932603908
1422195349171712002
1422195349100187651
1422195349209321478
1422195349146554370
1422195349276463104
1422195349788270595
1422195349842800640
1422195349939236873
1422195350153084928
1422195350111014921
1422195350832652291
1422195351193333761
1422195351159721984
1422195350853488640
1422195352665534468
1422195353126936580
1422195353164582914
1422195353424568322
1422195353647042565
1422195353605058569
1422195353521065987
1422195353630162945
1422195353735122944
1422195354028568585
1422195354011901955
1422195354553012232
1422195354389385218
1422195355165278218
1422195355152654341
1422195355278450693
1422195355706400768
1422195356331220999
1422195356595593216
1422195357916835856
1422195358034243589
1422195358210342918
1422195358218784771
1422195358172520451
1422195358491463691
1422195358822764546
1422195359141568516
1422195359510564864
1422195361674825734
1422195361070952451
1422195361821626368
1422195362064961537
1422195362807357444
1422195363084214272
1422195363633631233
1422195364015353859
1422195364577386501
1422195364753559556
1422195364850016258
1422195364959035398
1422195365009371136
1422195365135126530
1422195365231529985
1422195365281927172
1422195365537882121
1422195366091378690
1422195366292766725
1422195366947172354
1422195367416942592
1422195367538356227
1422195367236411407
1422195367622283265
1422195369107197963
1422195369270784002
1422195370105270272
1422195370453618699
1422195370436800514
1422195371279798278
1422195371657289735
1422195371850321922
1422195372001275905
1422195372013887495
1422195372990947329
1422195373007900672
1422195373729329158
1422195374102499337
1422195374287163396
1422195374501076993
1422195374714937348
1422195375272824844
1422195375499366411
1422195375574863877
1422195375801307139
1422195376002531328
1422195376409415686
1422195376489209860
1422195376753422341
1422195377147727875
1422195377453867008
1422195377881731076
1422195376312967174
1422195378347257857
1422195378938470401
1422195379282628610
1422195379433623556
1422195379781701634
1422195379240542218
1422195380029214720
1422195380008128525
1422195380167462917
1422195379299397641
1422195380238827520
1422195380481970177
1422195382143135751
1422195382063349761
1422195382512140298
1422195382763724807
1422195382805794816
1422195382956617732
1422195383061688321
1422195383078379523
1422195382944112652
1422195383397195788
1422195383405527043
1422195383447531524
1422195384605159425
1422195384617680903
1422195384953315339
1422195385448214530
1422195386471653388
1422195386593255425
1422195386811224065
1422195386949775364
1422195388283564035
1422195388367347717
1422195388363194375
1422195388807843845
1422195389009104900
1422195389042774017
1422195390695321602
1422195391051796481
1422195391227891716
1422195391831887882
1422195392339275776
1422195392746295299
1422195392603508741
1422195394172178432
1422195394327433220
1422195394545655818
1422195394822377472
1422195394994339851
1422195395095142402
1422195395141279750
1422195395506196480
1422195396147879950
1422195396806332420
1422195396940472320
1422195397343301633
1422195397515227137
1422195397997461513
1422195398748295169
1422195399323000835
1422195399402479619
1422195400220418054
1422195400111394822
1422195399583047684
1422195400371548160
1422195400421822467
1422195400509902858
1422195400803590144
1422195400384172034
1422195402619736065
1422195402808471553
1422195403252854793
1422195403718414338
1422195403810689025
1422195404087644162
1422195404490346498
1422195403760406531
1422195404955869187
1422195405656403972
1422195405664624644
1422195406134460421
1422195406260391947
1422195406243520515
1422195406499241986
1422195406419730432
1422195406230982656
1422195406658801667
1422195406876954629
1422195407388610560
1422195407560511490
1422195407833243649
1422195407958970371
1422195408198057992
1422195408613351441
1422195408634146818
1422195407946452996
1422195408860815363
1422195409166868485
1422195408734990336
1422195409318039556
1422195409187971077
1422195409846427648
1422195409842286593
1422195410274295809
1422195411037655041
1422195411079602180
1422195411104710659
1422195411352268800
1422195411549315074
1422195411591254022
1422195411977084929
1422195412014882820
1422195412132405254
1422195412216209409
1422195412178456580
1422195412639813636
1422195412727996416
1422195413046661121
1422195413369638917
1422195413160022017
1422195414271418373
1422195414351089664
1422195415663976450
1422195415361982464
1422195416033107969
1422195416238542851
1422195416100184067
1422195416318234627
1422195416276226050
1422195416318185474
1422195416540590080
1422195416972644357
1422195416980877313
1422195417559732231
1422195417194930176
1422195417723310080
1422195418654466050
1422195418801131523
1422195418809651203
1422195419107364864
1422195419598180355
1422195419728203780
1422195420055302144
1422195420382449664
1422195420453818372
1422195420898504706
1422195421053607936
1422195421271707649
1422195421393399813
1422195421573750784
1422195421632466946
1422195421737373701
1422195421955477511
1422195422211330050
1422195423196839937
1422195423314329605
1422195423821828098
1422195423926788105
1422195424350384131
1422195424631431169
1422195424769814529
1422195424904024069
1422195425596133386
1422195425742831619
1422195426556616710
1422195426590142466
1422195426581696518
1422195426883670026
1422195427684798475
1422195427542290433
1422195427600855043
1422195427579883524
1422195428330774532
1422195428439756804
1422195428699910144
1422195428834095104
1422195428838178816
1422195429328961538
1422195429668687877
1422195429979078657
1422195430423552001
1422195430734110729
1422195430847401991
1422195430859833350
1422195431984017408
1422195432113967104
1422195432130809861
1422195431916806148
1422195432122470400
1422195432571162629
1422195432847982594
1422195432902602756
1422195433061818370
1422195433368166404
1422195433854672897
1422195434047561740
1422195434160861190
1422195433577791494
1422195434190114825
1422195434777423877
1422195434597109766
1422195436065107971
1422195435934998531
1422195436115406853
1422195436341841921
1422195436450983946
1422195436761272327
1422195437033820166
1422195437344280578
1422195437482745856
1422195437612773382
1422195437650464774
1422195437868568576
1422195437872717835
1422195438069981197
1422195438241910785
1422195438220939264
1422195439177175042
1422195440464896000
1422195440783659013
1422195441450455042
1422195441517613062
1422195440263512068
1422195441723232259
1422195441790300163
1422195441844768769
1422195442033610757
1422195442293559304
1422195441987375110
1422195442905800704
1422195443061170178
1422195443207913474
1422195442696265733
1422195443413495808
1422195443220553741
1422195444390801410
1422195444441092099
1422195444797644805
1422195444793364481
1422195444973768709
1422195445305016327
1422195445254787076
1422195444835184640
1422195445854572552
1422195446156496899
1422195446542389257
1422195446739525641
1422195446890573825
1422195447259598848
1422195447725166595
1422195447838384130
1422195447960117251
1422195448698208265
1422195448811606018
1422195449306431488
1422195449520340999
1422195448815624192
1422195450128617472
1422195451030163460
1422195451156123648
1422195451231543296
1422195451562967048
1422195452171063302
1422195452422901760
1422195452842323969
1422195452989038595
1422195453274296321
1422195453505032193
1422195453634912256
1422195453798481923
1422195453907640320
1422195454146617345
1422195454670827526
1422195454586998785
1422195454046052354
1422195452246691844
1422195455572721668
1422195455912419334
1422195457002934283
1422195457590054917
1422195457720160257
1422195457674076168
1422195457795710985
1422195458210820099
1422195457632051204
1422195457950900230
1422195458647023620
1422195458659688457
1422195458663981058
1422195459158941696
1422195459351666698
1422195460089995267
1422195460068937735
1422195457615335431
1422195460018634754
1422195460425621505
1422195461126041601
1422195461256105992
1422195461298008070
1422195461411201024
1422195461436411911
1422195461658664960
1422195461725765636
1422195462153510913
1422195462069792772
1422195461851697157
1422195462510190597
1422195462761848837
1422195462807957514
1422195462774280202
1422195462812184585
1422195463315468289
1422195463499956225
1422195463629983747
1422195464259227649
1422195464217063434
1422195464644878339
1422195465307705349
1422195465441923072
1422195465748164611
1422195465639141382
1422195466654175232
1422195467241328646
1422195467316830209
1422195467627204610
1422195468709335042
1422195468671520769
1422195468772069383
1422195469611147266
1422195470177341446
1422195470244278273
1422195470315757570
1422195469233631240
1422195469313269770
1422195470613557252
1422195471003570176
1422195470915440644
1422195471255281667
1422195471439867916
1422195471464898568
1422195470806310917
1422195471695552512
1422195471876034564
1422195472073117697
1422195472115159045
1422195472706510848
1422195472874315784
1422195473620914178
1422195473805422600
1422195474057072643
1422195474338045955
1422195474300391429
1422195474426073095
1422195474585509893
1422195474509955078
1422195474581233666
1422195475902570496
1422195475923574789
1422195475705339913
1422195475252404224
1422195476040929280
1422195476284256261
1422195476217040899
1422195477156671489
1422195477123149830
1422195479027372035
