1422572222875541504
1422572223089549317
1422572222980440066
1422572223123148801
1422572223756476425
1422572223689285634
1422572223982817282
1422572224104603650
1422572224406605825
1422572224364617730
1422572223756374019
1422572224385519628
1422572224616157184
1422572225010470912
1422572225031413764
1422572225132212230
1422572225471913987
1422572225593552899
1422572225476038665
1422572225677258762
1422572225954263049
1422572225882845190
1422572225954148352
1422572226176589826
1422572226629537794
1422572226948341769
1422572226490945540
1422572227199963139
1422572227388526595
1422572227451445254
1422572227430535171
1422572227808071688
1422572227858415619
1422572227632025610
1422572227296481280
1422572227954806790
1422572228173090818
1422572228709810177
1422572228265250822
1422572228730933250
1422572228500246532
1422572229028503564
1422572229695467521
1422572229951311881
1422572230312005633
1422572231150903301
1422572231511642116
1422572232472154114
1422572232631533573
1422572232413523974
1422572231763402754
1422572232556138497
1422572232820371457
1422572233088765958
1422572233055219726
1422572233352953858
1422572233013153792
1422572233273364486
1422572233541619716
1422572234581811201
1422572234703577088
1422572234787414029
1422572235278147590
1422572235336736782
1422572235521503236
1422572234816765952
1422572235441725444
1422572235781558280
1422572235743666184
1422572235949281292
1422572235957489667
1422572236037361665
1422572236607741955
1422572236502970369
1422572236565778440
1422572236687384576
1422572237115346948
1422572237236879371
1422572237622763522
1422572237199138819
1422572237488484355
1422572237887057924
1422572239514259460
1422572239803801600
1422572239992414211
1422572240030212100
1422572240508436482
1422572240135233545
1422572240483373060
1422572240940511232
1422572241238122498
1422572240034467844
1422572241678737410
1422572242064625665
1422572242815361025
1422572242999955456
1422572242953670660
1422572243469496324
1422572243486445574
1422572243880660992
1422572243859562497
1422572244312723456
1422572244987940865
1422572245419921414
1422572244962795520
1422572245906558978
1422572245822541826
1422572246019751938
1422572245948502018
1422572246200209409
1422572246443335691
1422572247454085120
1422572247819108354
1422572247986888710
1422572248569946116
1422572248595116032
1422572248477573124
1422572248808837122
1422572249018736643
1422572249375289347
1422572249413033984
1422572249505206274
1422572249500897280
1422572250159632403
1422572249631006721
1422572250251808771
1422572250247712769
1422572250516004872
1422572251816267776
1422572252025872384
1422572251795365892
1422572252281937921
1422572251107389442
1422572252306952192
1422572252567068679
1422572252860719108
1422572252554571781
1422572252952862720
1422572253057781763
1422572253124907010
1422572253355470851
1422572253699461125
1422572253506461698
1422572253783330816
1422572253946994695
1422572254538436611
1422572254026629131
1422572254739767296
1422572253267603469
1422572256232833025
1422572256539160578
1422572256937533450
1422572257273126915
1422572257172467717
1422572257600319494
1422572257658949633
1422572257587646466
1422572257612681224
1422572257734316035
1422572257927303168
1422572257583398915
1422572257990397956
1422572258279796739
1422572258707611657
1422572259001225218
1422572260506972166
1422572260779569152
1422572260779601930
1422572261018591232
1422572260930506758
1422572260859252738
1422572261215662080
1422572261379395585
1422572261685399552
1422572261958111235
1422572262079692809
1422572262310531073
1422572258602651653
1422572262679535616
1422572262851493890
1422572263275171841
1422572262822191112
1422572263375835148
1422572263363256323
1422572263606562816
1422572263853936641
1422572263757553668
1422572264709672964
1422572264713859087
1422572264915148802
1422572264885735429
1422572265238061067
1422572265414303744
1422572265523367936
1422572265347158020
1422572265246531584
1422572265716207617
1422572265854709763
1422572265829507077
1422572266211221508
1422572266156605441
1422572265636519941
1422572266475462656
1422572266446073861
1422572266500632577
1422572266659868674
1422572266907373568
1422572266932559874
1422572266970308608
1422572268769611778
1422572269122031626
1422572268836753413
1422572269298196490
1422572268669087751
1422572269587554304
1422572269654749186
1422572269772095492
1422572269918896133
1422572270191534089
1422572270317355008
1422572270493523969
1422572270447480845
1422572270535409667
1422572270522970117
1422572270921342986
1422572270837387273
1422572271139495941
1422572271147778049
1422572271152009225
1422572271395385350
1422572271265271811
1422572271366021128
1422572271185526793
1422572272947245058
1422572272770981889
1422572272984883205
1422572273496731648
1422572273765060609
1422572273911934981
1422572273920319492
1422572273270071297
1422572274222211075
1422572274515726338
1422572274587250692
1422572274633383937
1422572274691969027
1422572275010834438
1422572275052777474
1422572275119837184
1422572274637426861
1422572275409121288
1422572275497381897
1422572275988058120
1422572276164308993
1422572277258981376
1422572277430902788
1422572276961005573
1422572277317599237
1422572277271449601
1422572277695123477
1422572277749649414
1422572278022295558
1422572277569359873
1422572277871390723
1422572277003137027
1422572278366326786
1422572278567424006
1422572278668304387
1422572278982668292
1422572278508781569
1422572278852702213
1422572279205187589
1422572279305809931
1422572279368724485
1422572279301505027
1422572279502934018
1422572279544918023
1422572279775567872
1422572281763704837
1422572281767759876
1422572281885253633
1422572282136891396
1422572281969221639
1422572282296213514
1422572282493509643
1422572282749325315
1422572283365892100
1422572283831463936
1422572283718258688
1422572283604848640
1422572283755909120
1422572284024430597
1422572284317929475
1422572283759972357
1422572284489969665
1422572284678656004
1422572284842233856
1422572284733177858
1422572285014204421
1422572285253324808
1422572285211275264
1422572285781753856
1422572285597261833
1422572285714583555
1422572285689581572
1422572285836230659
1422572286037659648
1422572285928656897
1422572286230544396
1422572286037667843
1422572286067023878
1422572287027564546
1422572287308480514
1422572287417454592
1422572287321120775
1422572287690215424
1422572287883153414
1422572287975329805
1422572288168312837
1422572288088494084
1422572290110283779
1422572290169004045
1422572290366185483
1422572290605297664
1422572290907295753
1422572290970107915
1422572291100233728
1422572291611844610
1422572291603435523
1422572291683139594
1422572292069003264
1422572291943243777
1422572292094271489
1422572292090077189
1422572292194783239
1422572292345933826
1422572294141091840
1422572294136807426
1422572294451482628
1422572294585692165
1422572294992445452
1422572294681948163
1422572294916956169
1422572294988353539
1422572295902670854
1422572296020140032
1422572296087158785
1422572296108056579
1422572296196136960
1422572296326160393
1422572296582139906
1422572296783421443
1422572298486358020
1422572298700300302
1422572298771603456
1422572298574307330
1422572298842775558
1422572299157397505
1422572299073556481
1422572299618856975
1422572299757264900
1422572299983757322
1422572300138946565
1422572299971141633
1422572300021366793
1422572300189126661
1422572300218642437
1422572300948459526
1422572301246160901
1422572301216849926
1422572301321605124
1422572302823264257
1422572302894616580
1422572303003668490
1422572302991036420
1422572303158702086
1422572303301419014
1422572303699693571
1422572303997562884
1422572304484163588
1422572304484106243
1422572304522006529
1422572304949723145
1422572305302048780
1422572305536876544
1422572305599893504
1422572305247469576
1422572305641873416
1422572306866507777
1422572307374088192
1422572307520819204
1422572307554324486
1422572307223126026
1422572307705335808
1422572308024029185
1422572308091265030
1422572308061851648
1422572308657590273
1422572308816961544
1422572309185970179
1422572309274103808
1422572309160857610
1422572309097836544
1422572309370527749
1422572309500604416
1422572309274112005
1422572310750322690
1422572310720966657
1422572310897246208
1422572310737817608
1422572310779760644
1422572311446700034
1422572311249448963
1422572312029798414
1422572311555846149
1422572312675721221
1422572313015291916
1422572313094987778
1422572313208307712
1422572313288060930
1422572313556496386
1422572313757769732
1422572313829072900
1422572313757814791
1422572313992642562
1422572313946599429
1422572314084876289
1422572313963384834
1422572314269528070
1422572315359993864
1422572315561185280
1422572315666108417
1422572315360047107
1422572315917815810
1422572316316344326
1422572316312096769
1422572316525948929
1422572316882395140
1422572317222313988
1422572315833901065
1422572317247479809
1422572317440450560
1422572317650079759
1422572317331312642
1422572319277518854
1422572319332048897
1422572319654940675
1422572319692754946
1422572318946205696
1422572319801761793
1422572320191823873
1422572320598761474
1422572320770740230
1422572320791597064
1422572321064198148
1422572321940774922
1422572321563316227
1422572322276401153
1422572322259705856
1422572322372820993
1422572322444173312
1422572322435731456
1422572322578485255
1422572323232796673
1422572323442499591
1422572323861848071
1422572324209967115
1422572323345928196
1422572324126019586
1422572324725927937
1422572325241856004
1422572324998553600
1422572324847505417
1422572325162082309
1422572325405343750
1422572325422075918
1422572325602537481
1422572326378475520
1422572326378344453
1422572326512701448
1422572327720550409
1422572327137685505
1422572328236589059
1422572328433618945
1422572328542683136
1422572328714739715
1422572328861507586
1422572329150865408
1422572329339478018
1422572329398325259
1422572329415053315
1422572329775861761
1422572330207924224
1422572330459467778
1422572330795028480
1422572329851367428
1422572330723602437
1422572331017322501
1422572332661551114
1422572332858712064
1422572333022072833
1422572333164867585
1422572333307473924
1422572333374582785
1422572333554835457
1422572333672407042
1422572333684961284
1422572333798203392
1422572334368579586
1422572334532071426
1422572334972497931
1422572334884474880
1422572335094140930
1422572335081705486
1422572335157157900
1422572335077396481
1422572335140425728
1422572335454896130
1422572336239321090
1422572336381841412
1422572336679694336
1422572336553897985
1422572336742608907
1422572337606635533
1422572337736691713
1422572338315468811
1422572338441342977
1422572338755874820
1422572338671800322
1422572338730708994
1422572340123246592
1422572340416765954
1422572340802572290
1422572340932583429
1422572340802572293
1422572340186058752
1422572341167628294
1422572341180223489
1422572341410795521
1422572341217824769
1422572341150769158
1422572341629005831
1422572342610382850
1422572342593654789
1422572342681739267
1422572343256301574
1422572342933434369
1422572342916665347
1422572343776456709
1422572343889592325
1422572344099311617
1422572344183242756
1422572344506298368
1422572344854253569
1422572344808194048
1422572344934076424
1422572345030496261
1422572345160568835
1422572345538105351
1422572345445785606
1422572345600856070
1422572345839943682
1422572346297159683
1422572346548891655
1422572346460676097
1422572346695688194
1422572346787893255
1422572346804604940
1422572347110866945
1422572346234351623
1422572347261870081
1422572349023526915
1422572349145042949
1422572349140971521
1422572349346439173
1422572349317009410
1422572349459767296
1422572350093017089
1422572350134968325
1422572348851490817
1422572350860529666
1422572351191982085
1422572351141597195
1422572349568831492
1422572351544299528
1422572352018206724
1422572352567746562
1422572351498096642
1422572353230417921
1422572353377083392
1422572353708433414
1422572353599508484
1422572354039865346
1422572354119471115
1422572354274725891
1422572354333384711
1422572353960091649
1422572354580848641
1422572355205963793
1422572355210162180
1422572355478593538
1422572355495219211
1422572355990208513
1422572353712758788
1422572356996845570
1422572356929732613
1422572357072326661
1422572357386899457
1422572357672132610
1422572357940617221
1422572357844090880
1422572358037016577
1422572357907107840
1422572355688177667
1422572358028701696
1422572358171308038
1422572358418636800
1422572358389338122
1422572359471489024
1422572359484067844
1422572359580540937
1422572357651210240
1422572361287704576
1422572361665204230
1422572361694523398
1422572362294247427
1422572362407493632
1422572362684243968
1422572362810200066
1422572363003138062
1422572363003006978
1422572363313467393
1422572363049177091
1422572363409809412
1422572363661680642
1422572362873114629
1422572364068360192
1422572364018028544
1422572365448454148
1422572365507072004
1422572365762998279
1422572365960024068
1422572366631157767
1422572366459068426
1422572366727688199
1422572366777962503
1422572366320783364
1422572366316679169
1422572366941626369
1422572367616880642
1422572367981662211
1422572368308981765
1422572368640237569
1422572368921341957
1422572368317321223
1422572368883421190
1422572369961443329
1422572370238312448
1422572370410319872
1422572370594713603
1422572370708078594
1422572371169398784
1422572371370811392
1422572371412668416
1422572371651829773
1422572371454558215
1422572371626512386
1422572371882430465
1422572371806867459
1422572371945345025
1422572372415193090
1422572372431933444
1422572372515770369
1422572373698498567
1422572374101274625
1422572374243880963
1422572374323511299
1422572374524932100
1422572374487035912
1422572374789132289
1422572375179206659
1422572375296651265
1422572375254749186
1422572375053197324
1422572374986219524
1422572375334297602
1422572375170818052
1422572374021521414
1422572375757901824
1422572375648837638
1422572375724396547
1422572375694970880
1422572375703494660
1422572375950958597
1422572375992897541
1422572376714366979
1422572377917952006
1422572378085904385
1422572378165440513
1422572379000164353
1422572379029577732
1422572379104940036
1422572379725721607
1422572380044603395
1422572379302023173
1422572380270972929
1422572380409540617
1422572380598284290
1422572380766023680
1422572380858339328
1422572381390921728
1422572380384374787
1422572382070493194
1422572382254997507
1422572382414323718
1422572381936226306
1422572382401830914
1422572383072882694
1422572383077023755
1422572383131496452
1422572383836246022
1422572383408435205
1422572383924367366
1422572384117170181
1422572384247296009
1422572384373166082
1422572384578572294
1422572384666669061
1422572386289860609
1422572386298175500
1422572386529030145
1422572386596139013
1422572386667347973
1422572386935771140
1422572386952560654
1422572387065868290
1422572387137212416
1422572387825078279
1422572387405500422
1422572388001198086
1422572387887849476
1422572388718452736
1422572388584247306
1422572388571435010
1422572388668035072
1422572388751839238
1422572388944859138
1422572389058203658
1422572389129498636
1422572390551326721
1422572390521966603
1422572391339905034
1422572391419588611
1422572391683829766
1422572391755026439
1422572391985725448
1422572392044539907
1422572392031965190
1422572391922905091
1422572392195428360
1422572392266665988
1422572392333856774
1422572392891695104
1422572393109798912
1422572394661752832
1422572394602909698
1422572394669961221
1422572394871459841
1422572394833760261
1422572394993041415
1422572395173347329
1422572395324329986
1422572395416719368
1422572396150771717
1422572396238802953
1422572396393938946
1422572396309999624
1422572396553424897
1422572396830208008
1422572396758724609
1422572397270507522
1422572397044006914
1422572397580931078
1422572398935789568
1422572399120109576
1422572400143740935
1422572400844042252
1422572400776863752
1422572400714166275
1422572401108344833
1422572401196474373
1422572401544646657
1422572402219929601
1422572402006020100
1422572403150950403
1422572403612389378
1422572403788374020
1422572403884953604
1422572403838828547
1422572404946219010
1422572404879118338
1422572405067747330
1422572404434513925
1422572405319372803
1422572405340377094
1422572405747290115
1422572406124662784
1422572407345324032
1422572407550660614
1422572408037335043
1422572408150675461
1422572408284712965
1422572408423211010
1422572409094352905
1422572409505435653
1422572409622700040
1422572409702346757
1422572409685782528
1422572410272829441
1422572410704994307
1422572411526991880
1422572411677941761
1422572411866820612
1422572412005199880
1422572412290404354
1422572412504260610
1422572412428636160
1422572412613300224
1422572412483289100
1422572413003476996
1422572413120925699
1422572413145976840
1422572413183832069
1422572413154467841
1422572413074644995
1422572414051835905
1422572414295236612
1422572414576254978
1422572414647607296
1422572414798483461
1422572415196925955
1422572415809466369
1422572415964663810
1422572415675256834
1422572417524797443
1422572417776558087
1422572417919209473
1422572418137161738
1422572418292355076
1422572418510491651
1422572419043061766
1422572419508842499
1422572419492061187
1422572419986956291
1422572420024700939
1422572420389605388
1422572420435783681
1422572420930617345
1422572420892921859
1422572421018701827
1422572421358530560
1422572421773725701
1422572421819871234
1422572421924728838
1422572422067331077
1422572421798940682
1422572422344105997
1422572422482604033
1422572422847508489
1422572424382631937
1422572424470491137
1422572424432816132
1422572424416174086
1422572424097325059
1422572424869130241
1422572425208864774
1422572425422819332
1422572425590546438
1422572425628237827
1422572425695404032
1422572425984630808
1422572426563661827
1422572428111253505
1422572428467834885
1422572428476043264
1422572429050789901
1422572428891463682
1422572429143072771
1422572429327675401
1422572429361262597
1422572430397169673
1422572430413811713
1422572431252893707
1422572431454187525
1422572430875365382
1422572431550541826
1422572432309764100
1422572432611807237
1422572432573886467
1422572432557228038
1422572433035333636
1422572433073135616
1422572433173663753
1422572433530253318
1422572433698082819
1422572433630924803
1422572433954033669
1422572434075553794
1422572434578939907
1422572436592209926
1422572436445450241
1422572437003292685
1422572437099712513
1422572437317750785
1422572437363957760
1422572437212958721
1422572437523292162
1422572437921832965
1422572437724491777
1422572437909106688
1422572438441889798
1422572438437695489
1422572438567723008
1422572438710272007
1422572439171584002
1422572439335325699
1422572439335174144
1422572439410597889
1422572439721201667
1422572439893155840
1422572440052510720
1422572440127934476
1422572441247879173
1422572441319010306
1422572441692512262
1422572442090819589
1422572442078351360
1422572442535534599
1422572442321629188
1422572442724175876
1422572442392973317
1422572443147792392
1422572443625984009
1422572445068775426
1422572445622489098
1422572446134284289
1422572445781745675
1422572446016696327
1422572445433696256
1422572446339715074
1422572446377512961
1422572446394327041
1422572446591463432
1422572446671118339
1422572446650048519
1422572446788382728
1422572446922596360
1422572446910193665
1422572446973104135
1422572447186968578
1422572447228903429
1422572447178559492
1422572447551959042
1422572447652589576
1422572449204510722
1422572449481297922
1422572449707831307
1422572449875603458
1422572450429165573
1422572450408243200
1422572451003723778
1422572450907308032
1422572451175743497
1422572451469352964
1422572451725070337
1422572451725123585
1422572451628789764
1422572451817426954
1422572453403013126
1422572453432156165
1422572453545615360
1422572453990223874
1422572454183047171
1422572454346731526
1422572452635320321
1422572454715658244
1422572454698905600
1422572454871019522
1422572454942228485
1422572455265280003
1422572455416172544
1422572455441412101
1422572455441227778
1422572457358069763
1422572457869856769
1422572457798549505
1422572457781727232
1422572458108874763
1422572458314543111
1422572458855567370
1422572459216183296
1422572459690233869
1422572459597914116
1422572460004847618
1422572459996368902
1422572459186786306
1422572460503863306
1422572461233692673
1422572461485436928
1422572460881313793
1422572461909061633
1422572462001250312
1422572462588497921
1422572462764609545
1422572462982590472
1422572462101856258
1422572463276400640
1422572463305629701
1422572463381258241
1422572463548940294
1422572463637020674
1422572463762903040
1422572463880384513
1422572463897169921
1422572464144625666
1422572464010416129
1422572464077295616
1422572464140283908
1422572464765378567
1422572464765341708
1422572465172140034
1422572465306230785
1422572465306406912
1422572466107523076
1422572465247641610
1422572466421915651
1422572466522791942
1422572466682146817
1422572466757685253
1422572466715697155
1422572466803814402
1422572466795257863
1422572467357429763
1422572467479105540
1422572468011782149
1422572468053680128
1422572468129124355
1422572468280102917
1422572468624105475
1422572470335246338
1422572470658158593
1422572470679261187
1422572471404933123
1422572471270641668
1422572470842822658
1422572472076021764
1422572472142991364
1422572472130494466
1422572472084287494
1422572472445046791
1422572471429992451
1422572472759734275
1422572472902295558
1422572473502031874
1422572473174872069
1422572474215014401
1422572474605113347
1422572474894536704
1422572474840109065
1422572475087474692
1422572475787927558
1422572475355967495
1422572475922141188
1422572476677173249
1422572476899414021
1422572476723200003
1422572476429574145
1422572477297872899
1422572477629308934
1422572477507678214
1422572477696389122
1422572478598111233
1422572478719791105
1422572479059476483
1422572479143419908
1422572479843905540
1422572479697063940
1422572479868854279
1422572479902621701
1422572479579570183
1422572480233885700
1422572480292524040
1422572480456179721
1422572480502276100
1422572480296673283
1422572480632397841
1422572480103731210
1422572480368099330
1422572481328656387
1422572481420922880
1422572481370415109
1422572482809192458
1422572482825965572
1422572483371315202
1422572483123814401
1422572483757154308
1422572483643858951
1422572483706642437
1422572483945791488
1422572484755398659
1422572484918980613
1422572484797231105
1422572484931563526
1422572485392883724
1422572485669703683
1422572486043086850
1422572486244413444
1422572486424633346
1422572487330598916
1422572487519440898
1422572487674585088
1422572487708184577
1422572487859183619
1422572488119226372
1422572488169508865
1422572488261718017
1422572488278564870
1422572488655994884
1422572489532592133
1422572489289392130
1422572489729794049
1422572489952010240
1422572492078583814
1422572492011487232
1422572492279910401
1422572493110353923
1422572493731160072
1422572494280663040
1422572495295721474
1422572495551574018
1422572495803228160
1422572496125976578
1422572496138735616
1422572496398680069
1422572496352579590
1422572496620900357
1422572496809779201
1422572497162043396
1422572497250234368
1422572497652748288
1422572497573236739
1422572497971593221
1422572498047094788
1422572498953150467
1422572499238367232
1422572499435499521
1422572499489918981
1422572499527774214
1422572499686985728
1422572499909455875
1422572500278554629
1422572500718850062
1422572501062897666
1422572501079666691
1422572501020856321
1422572500710526978
1422572501511680009
1422572501423558658
1422572501494816768
1422572501981437952
1422572502077698052
1422572502027542538
1422572503478702080
1422572503747022863
1422572503688417281
1422572504141475845
1422572504309194753
1422572504749596675
1422572504724422657
1422572504741257218
1422572504883728390
1422572504841789441
1422572505827586052
1422572505815031811
1422572505991090183
1422572505085140999
1422572506079244298
1422572506146385920
1422572506242768900
1422572506569969665
1422572506553233409
1422572506582589440
1422572506746138631
1422572508004425733
1422572508453158912
1422572508654538756
1422572508348362761
1422572508448968706
1422572508973355012
1422572508541296640
1422572509170372609
1422572509258518538
1422572509640204291
1422572510105808900
1422572509581479947
1422572510697119745
1422572510751514626
1422572511250862081
1422572512379121670
1422572512278372355
1422572512731402246
1422572512991490050
1422572513079476226
1422572513398120456
1422572513436094464
1422572513461252097
1422572513591242755
1422572513696096260
1422572513645633538
1422572513553489921
1422572513960337409
1422572514203557891
1422572514342064130
1422572514388201474
1422572514547359752
1422572514576850947
1422572514732122112
1422572514799063059
1422572516443308036
1422572517059964938
1422572517043183620
1422572516841861131
1422572517580017664
1422572517491888128
1422572517596614656
1422572517869424643
1422572517630300160
1422572518179749892
1422572518368374789
1422572518490222594
1422572518532079626
1422572519031193604
1422572519026958338
1422572520604061701
1422572521371619333
1422572521518424081
1422572521589641232
1422572521698779140
1422572521589645318
1422572522298556421
1422572522445361157
1422572522814414849
1422572523154116616
1422572523380674561
1422572523628158983
1422572523980398596
1422572524412473347
1422572524433338371
1422572524978655243
1422572524731207687
1422572525356130306
1422572525440180226
1422572525607866369
1422572525452726281
1422572527075958789
1422572527050584074
1422572527314931714
1422572527549829127
1422572527684100102
1422572527709212673
1422572527835131913
1422572528032272386
1422572527604404228
1422572528464285705
1422572529068257286
1422572529022115847
1422572529378603016
1422572529802153991
1422572530200686592
1422572530095648772
1422572530297040898
1422572530523467790
1422572530452156418
1422572530565410816
1422572531718967299
1422572533266714631
1422572533442809859
1422572534181081088
1422572534097133574
1422572534210473985
1422572534294327299
1422572534289997830
1422572534608715776
1422572535040851968
1422572535091130370
1422572535284211714
1422572535355371526
1422572535519059970
1422572535569338369
1422572535976275970
1422572537100357632
1422572536869568516
1422572537632870404
1422572537741983745
1422572538455023617
1422572538522128386
1422572538765398018
1422572538941554688
1422572538966642693
1422572538912296964
1422572539226722314
1422572539310641156
1422572539495264257
1422572539822235661
1422572539423961088
1422572539931361281
1422572539780341763
1422572539889414145
1422572540556365825
1422572541709897730
1422572542053715969
1422572542330540034
1422572542246674438
1422572542284341249
1422572542498332674
1422572542938734592
1422572543081394185
1422572543073046530
1422572543265943559
1422572543144235013
1422572543274151942
1422572543676862469
1422572544117329924
1422572544180248582
1422572544381554688
1422572544582950915
1422572546604548101
1422572546885627907
1422572547372195842
1422572547464380419
1422572547871322113
1422572548076838916
1422572548261392385
1422572547543949315
1422572548609486848
1422572548626292746
1422572549477519363
1422572549620207623
1422572550052368387
1422572549800697859
1422572549964058635
1422572550379421710
1422572550719107073
1422572550622699520
1422572550832332800
1422572550937268235
1422572551620886528
1422572551600017420
1422572551340019719
1422572551927181316
1422572552203997190
1422572552656928769
1422572554028412935
1422572554028527616
1422572554451968008
1422572554292797442
1422572554481508356
1422572554653519880
1422572554712092675
1422572555114729478
1422572555639005190
1422572555748003843
1422572556096348165
1422572556519821316
1422572556234625027
1422572556402503680
1422572557136392195
1422572558025592838
1422572557992034312
1422572558206001157
1422572558277390341
1422572558340218883
1422572558407323656
1422572558562459651
1422572558415654916
1422572559380455426
1422572559640506369
1422572557027340293
1422572559778783233
1422572559858638852
1422572560278081540
1422572560567488512
1422572560932294658
1422572561196589059
1422572562643574786
1422572562102562818
1422572563146842118
1422572563205607434
1422572563381751815
1422572563553787917
1422572563583148035
1422572563641749511
1422572563948089346
1422572563981651977
1422572564711239682
1422572564631539712
1422572564875026447
1422572564942102528
1422572565189599232
1422572565248233473
1422572565386694661
1422572565646778373
1422572566674345985
1422572566812692481
1422572567144108035
1422572567328665606
1422572567689314310
1422572567966142466
1422572568033255424
1422572568117010437
1422572568498876416
1422572568733790212
1422572569270575107
1422572569367097348
1422572569786425347
1422572570851880960
1422572570591830018
1422572570671386629
1422572570872778753
1422572570998710276
1422572571166318602
1422572571409764354
1422572571858456577
1422572572265308165
1422572572340858885
1422572572550574082
1422572572835827717
1422572572189753344
1422572572986773510
1422572573120925699
1422572573074862080
1422572573242523649
1422572572558888969
1422572574983208969
1422572575385952260
1422572575415226368
1422572575188680709
1422572575415316483
1422572575775932422
1422572576208007168
1422572576161910792
1422572575872495619
1422572576337969152
1422572576648441860
1422572576627249152
1422572576682004484
1422572577055182848
1422572577931808770
1422572578078666757
1422572579194351626
1422572579366309897
1422572579189968900
1422572579085238273
1422572580003893251
1422572580062388225
1422572580117139464
1422572580267986958
1422572580599382017
1422572580272185353
1422572580532232197
1422572580901249033
1422572581018906630
1422572581392109568
1422572581316608003
1422572581434036225
1422572581350088704
1422572581308227585
1422572583245991949
1422572583917080577
1422572584139362306
1422572584101715975
1422572584269398027
1422572584240099329
1422572584193888260
1422572584604946432
1422572584726630400
1422572584802025473
1422572584906805248
1422572584961466373
1422572585162842112
1422572585267646473
1422572585309589504
1422572585695399941
1422572585544519695
1422572586035138563
1422572586161119233
1422572586303643658
1422572587545088002
1422572587566223361
1422572588165906436
1422572588149231626
1422572588912549890
1422572588698464262
1422572589214572548
1422572589344432145
1422572589705310209
1422572589868851204
1422572589659017216
1422572589948575748
1422572589617188871
1422572590422368262
1422572590560858112
1422572590678347777
1422572590649024513
1422572593161416710
1422572593178202117
1422572593161416709
1422572593278771204
1422572593953996802
1422572594063155207
1422572594432286725
1422572594629431299
1422572594738475013
1422572595044618240
1422572594964754437
1422572594952294403
1422572595061395456
1422572595292086272
1422572595417919489
1422572596009259010
1422572596135174146
1422572596399378434
1422572596248387584
1422572595988205570
1422572596550377476
1422572596546129924
1422572596609048579
1422572596802072576
1422572596630065163
1422572597062127622
1422572597137616900
1422572597242384388
1422572597200384005
1422572597263339522
1422572597460574212
1422572597452046338
1422572597586374657
1422572598190239750
1422572598429319174
1422572598706294784
1422572600534970368
1422572600706936833
1422572600761339908
1422572600878829570
1422572601008918528
1422572601243623425
1422572601193369601
1422572600820211716
1422572601310945285
1422572601419997184
1422572601700913154
1422572601910517764
1422572602023948291
1422572601893810183
1422572602078466057
1422572601948344322
1422572602468585472
1422572604389535751
1422572604532137988
1422572604649394179
1422572604750131203
1422572604695711750
1422572604704141312
1422572605337489408
1422572605362540549
1422572605689802753
1422572605769494531
1422572606050422796
1422572605991698433
1422572605723320333
1422572606293782532
1422572606658531329
1422572606859919372
1422572606914445322
1422572606784483329
1422572606943678470
1422572607015202816
1422572607312904210
1422572608646750217
1422572609208823813
1422572609389072386
1422572609317785619
1422572609506480130
1422572609674305541
1422572609821102080
1422572609959518215
1422572610089627649
1422572610261446659
1422572610500583432
1422572610873872384
1422572610941071364
1422572611016413186
1422572611058511883
1422572611075067907
1422572611108757509
1422572612656500736
1422572613226934280
1422572613570908163
1422572613990223879
1422572614082437123
1422572614250233856
1422572614652936192
1422572614787248131
1422572614808186882
1422572615147864064
1422572615181426706
1422572616913670145
1422572616812929024
1422572617509261315
1422572617525993474
1422572617492570113
1422572617492533256
1422572617551081474
1422572618058588167
1422572618192982019
1422572618591375361
1422572618578894849
1422572618654302210
1422572618725482499
1422572619035856904
1422572619178528775
1422572619115732992
1422572621258969095
1422572621242245126
1422572621317746700
1422572621502337028
1422572621535846402
1422572621758087169
1422572621871255559
1422572621779066881
1422572622219464708
1422572621799911428
1422572622819201032
1422572623100272645
1422572622513156098
1422572622978723848
1422572623980941312
1422572624429846531
1422572623892914180
1422572625453363201
1422572625805651970
1422572625918844930
1422572625780428805
1422572626069884931
1422572625830678534
1422572626493558786
1422572626506039310
1422572626418020353
1422572626543878149
1422572626879385601
1422572626497703943
1422572627051286532
1422572627198201864
1422572627806375939
1422572627936354304
1422572628179521541
1422572628250877955
1422572628485804036
1422572628762628096
1422572628842360833
1422572629005938688
1422572628846448640
1422572629702098945
1422572630134112256
1422572629278576645
1422572630184497163
1422572630209662980
1422572630482165762
1422572630377254916
1422572630633193475
1422572631279214598
1422572631472148484
1422572631585345536
1422572631837007880
1422572631883083778
1422572632264777731
1422572633632112644
1422572633732771843
1422572634072571910
1422572633653186564
1422572634336813061
1422572634533937161
1422572634517254144
1422572634450059264
1422572634756112391
1422572635393826819
1422572635456737282
1422572635586711552
1422572635548966912
1422572635683180546
1422572636111097857
1422572636232732673
1422572636396269574
1422572636089896968
1422572638480830467
1422572638489038851
1422572638199762955
1422572638766051328
1422572638896017408
1422572639202291721
1422572639281942532
1422572639126802444
1422572639231610884
1422572639521017861
1422572639063785473
1422572639525163008
1422572639508385797
1422572639692984324
1422572639730667525
1422572639785127951
1422572640108048391
1422572640238284805
1422572640707907594
1422572640447959046
1422572642364628992
1422572642813493255
1422572642968739843
1422572642536669186
1422572643010564100
1422572643170099201
1422572643169996810
1422572643174084624
1422572643249754116
1422572643681669124
1422572643467907074
1422572643954438148
1422572643925041157
1422572643409088519
1422572644252078083
1422572644235464710
1422572644424093701
1422572644478689287
1422572646450016262
1422572646626205696
1422572647108468736
1422572647125241859
1422572647368515588
1422572647465037825
1422572647502827521
1422572647985057796
1422572648463273988
1422572648391917572
1422572648052232194
1422572648983408646
1422572649201520646
1422572650342363138
1422572650254114819
1422572650837250062
1422572650791067648
1422572650845536256
1422572648836521988
1422572651265015811
1422572650187137024
1422572652095590404
1422572652233961478
1422572652368125957
1422572652867227656
1422572654775599109
1422572654737993736
1422572654884700160
1422572654909956097
1422572655186690049
1422572655400693764
1422572655329251332
1422572655362797570
1422572655450918916
1422572655564181504
1422572655685869582
1422572655807549443
1422572655740219392
1422572655752974340
1422572655857766405
1422572656210108417
1422572656218488840
1422572656717533187
1422572656881176578
1422572656864468992
1422572659041136644
1422572659146100736
1422572658974236680
1422572659875880960
1422572660177911809
1422572660148555776
1422572660253511680
1422572660345737217
1422572660391874561
1422572660576292871
1422572660912017408
1422572660999995395
1422572661046059016
1422572661016866817
1422572661796970501
1422572663160123402
1422572663323594767
1422572663386656769
1422572663331950599
1422572663420170247
1422572663638220805
1422572663944450048
1422572663940190212
1422572664179277829
1422572664112177153
1422572664284143619
1422572662535213057
1422572665055764486
1422572665198497796
1422572665592696837
1422572665605214208
1422572667304034304
1422572667224289282
1422572667367010304
1422572667488636932
1422572667497025536
1422572667429916677
1422572667396366339
1422572667941490689
1422572667974995969
1422572668117716997
1422572668457562118
1422572668361060364
1422572668549844992
1422572668881031171
1422572669321547780
1422572669673803784
1422572669912895491
1422572670286286860
1422572670340657154
1422572671603195905
1422572671620063239
1422572672169431042
1422572672366518278
1422572672429473797
1422572672500727809
1422572672760918020
1422572672999989256
1422572673079648257
1422572673465569282
1422572673155088386
1422572673490726918
1422572673482346497
1422572673733959680
1422572673725575176
1422572674157408261
1422572674279251973
1422572674413256706
1422572674577014785
1422572674304208898
1422572675835305992
1422572675785011204
1422572675227025412
1422572676116328456
1422572676363833350
1422572676439281674
1422572676401573899
1422572676560822274
1422572676703563781
1422572676657385480
1422572676506427398
1422572677110370307
1422572677219291144
1422572677399818245
1422572677710102528
1422572677995315204
1422572677693427716
1422572678460887041
1422572678272016384
1422572678666412037
1422572678783848451
1422572679878561794
1422572679979274241
1422572679974965262
1422572680415522817
1422572680323112963
1422572680566517764
1422572680700522497
1422572680675528719
1422572680964935681
1422572680201580546
1422572681237499904
1422572680692256774
1422572681505873928
1422572681581449216
1422572681900089344
1422572682009321475
1422572681979891715
1422572682265120769
1422572682470727681
1422572682491486218
1422572682638467072
1422572683972300800
1422572684387434496
1422572684366401538
1422572684643381250
1422572684836282372
1422572685268238338
1422572685536735234
1422572685385773064
1422572685373018118
1422572685532573700
1422572685507186689
1422572686316871681
1422572686329454598
1422572686501367809
1422572686862077955
1422572686585188354
1422572686782386181
1422572687071846402
1422572687336038402
1422572688124567553
1422572688732790785
1422572688867053569
1422572688858615809
1422572688850178049
1422572688921423875
1422572689575890954
1422572689554907140
1422572689714253827
1422572689848512517
1422572690007859200
1422572689982509064
1422572689743499265
1422572690351681543
1422572690611838978
1422572690565652482
1422572691156914189
1422572691194789891
1422572692709023746
1422572691526193156
1422572692998397959
1422572693023514629
1422572693816287232
1422572693803700227
1422572694025949188
1422572694084665350
1422572694197837824
1422572694286045195
1422572695028264963
1422572694944505860
1422572695024189440
1422572695158468614
1422572695208620035
1422572695716204550
1422572696706199554
1422572697041653770
1422572697402413056
1422572697503117316
1422572698236964873
1422572698434158592
1422572698715279361
1422572698622910466
1422572699088523265
1422572699411484680
1422572699658846210
1422572699713429504
1422572701290430464
1422572700816396290
1422572701504446465
1422572701584089092
1422572701701472257
1422572701735137291
1422572702263648259
1422572702460792834
1422572702297034762
1422572702808764421
1422572702989180934
1422572703077199880
1422572704167825412
1422572704587292673
1422572704717287425
1422572704897458184
1422572705396707333
1422572705795166214
1422572706080362497
1422572706197909505
1422572706214551555
1422572706818629645
1422572707128954889
1422572707170766853
1422572707405774853
1422572707548262400
1422572708072677386
1422572708190162949
1422572708290867200
1422572705841299464
1422572709033267201
1422572709049819141
1422572709700161542
1422572710241185799
1422572710220255234
1422572710392070144
1422572710580965376
1422572710807449608
1422572710660657165
1422572711176515590
1422572711436595202
1422572711457566725
1422572713416273924
1422572713638436866
1422572713504395268
1422572713713946628
1422572713906933760
1422572713235861507
1422572714124931075
1422572714263384065
1422572714422935552
1422572714750062596
1422572714661801988
1422572714905243652
1422572714884272131
1422572714758270979
1422572715282735117
1422572715597307910
1422572715462983681
1422572715928588288
1422572715903438850
1422572715857301504
1422572715538538506
1422572716247289856
1422572716180312072
1422572715995713538
1422572717539315714
1422572717828673536
1422572717858037760
1422572717967040512
1422572718482939907
1422572718655000578
1422572718906658817
1422572719040696323
1422572719196016642
1422572719657345033
1422572719686787079
1422572720018051074
1422572720122994693
1422572720508870660
1422572720466714635
1422572720621977601
1422572721804873728
1422572721817354243
1422572721536372738
1422572722098429952
1422572722291359745
1422572722454990855
1422572722584965121
1422572722543079430
1422572722987708419
1422572723004268550
1422572722752733191
1422572723180498949
1422572723335798786
1422572723881054211
1422572724170280962
1422572724166135808
1422572724396859393
1422572725843808256
1422572726506512390
1422572726884044805
1422572726770933762
1422572727429304323
1422572727836237828
1422572727857258508
1422572727806930953
1422572728675147779
1422572728905785346
1422572728935124993
1422572728905879554
1422572728696000516
1422572729220354053
1422572729526636544
1422572730352799746
1422572729555955712
1422572730088558599
1422572730436702211
1422572731724443653
1422572731741114369
1422572731921403905
1422572732156465153
1422572732168945665
1422572732319948801
1422572732886171650
1422572732932186112
1422572733360185346
1422572733645295620
1422572734584954888
1422572733783760902
1422572734672949248
1422572734668808199
1422572734765228040
1422572734714847240
1422572735004282891
1422572735113400322
1422572735197237251
1422572735209762817
1422572735583211522
1422572735528644610
1422572735444635658
1422572735448879111
1422572735461564421
1422572735977328644
1422572735797121029
1422572736535277575
1422572736640135171
1422572736736481289
1422572736845471748
1422572736749215745
1422572737025900545
1422572737042726917
1422572737231425536
1422572738649133058
1422572738728845313
1422572738686984202
1422572738997334022
1422572738884083712
1422572739194466311
1422572739349651457
1422572739844526092
1422572739911618563
1422572739903332360
1422572740477923331
1422572740461006855
1422572740532482051
1422572740557606918
1422572740662288388
1422572740809314308
1422572741094412288
1422572741144850447
1422572743120367619
1422572743028006915
1422572744240214028
1422572744265420800
1422572744093306881
1422572744462323722
1422572744466649097
1422572744701399040
1422572745313849349
1422572745515208715
1422572745704022016
1422572745825607683
1422572745691262983
1422572746253471758
1422572746991669249
1422572747394322435
1422572747759161349
1422572747813801984
1422572747872419849
1422572747708764170
1422572747725492224
1422572748405043201
1422572748409278466
1422572748954611723
1422572749248245761
1422572749478895616
1422572749676023810
1422572750007377923
1422572749629890563
1422572750095409155
1422572750070181889
1422572751320190978
1422572751429115908
1422572751592775680
1422572752091951109
1422572752108769283
1422572752423247875
1422572752452538369
1422572752809172999
1422572753060761605
1422572753513639937
1422572753320820739
1422572753207676941
1422572753576546306
1422572753782284293
1422572753421430788
1422572753866141704
1422572755266854923
1422572755799654400
1422572756240158725
1422572756026150914
1422572756382720000
1422572756621688833
1422572757691232261
1422572758286876673
1422572758228103171
1422572758395932675
1422572758253195266
1422572758911881218
1422572756969955333
1422572759524143113
1422572759545229314
1422572759746584583
1422572759796920321
1422572759926857729
1422572760262393860
1422572760740532227
1422572761252196353
1422572761864712199
1422572762070200322
1422572761982005248
1422572762548277248
1422572762858770432
1422572763781472261
1422572763865403396
1422572763844329474
1422572763584335872
1422572764020367362
1422572764297314309
1422572764226068481
1422572764427337728
1422572764976791553
1422572764859289601
1422572765203230731
1422572765396283393
1422572765895434241
1422572766000254990
1422572765207482368
1422572764129603586
1422572766088290304
1422572766595715074
1422572766188892166
1422572768009277447
1422572767992549377
1422572768135159809
1422572768097230850
1422572768000987143
1422572768281960452
1422572768424566786
1422572768432771073
1422572768495865861
1422572768705617922
1422572768789467136
1422572768864792578
1422572769355653124
1422572769280208906
1422572769632468994
1422572769758220289
1422572770202841089
1422572770307751947
1422572769951293440
1422572770232262657
1422572770462945283
1422572769968001024
1422572770664329223
1422572772383936512
1422572772929253376
1422572772857982978
1422572773025763330
1422572772975390720
1422572773239664640
1422572773235466250
1422572773541560329
1422572774049128450
1422572774409834496
1422572774913191939
1422572776435568643
1422572776028721153
1422572776729153539
1422572777178112000
1422572777131941892
1422572777438121990
1422572777954062338
1422572777790390272
1422572778713231368
1422572778914422788
1422572779036192768
1422572779082297355
1422572780055416835
1422572781116563460
1422572781565145090
1422572782114721795
1422572782144139267
1422572782630621184
1422572782697734146
1422572782563565576
1422572783356321800
1422572783230406658
1422572783465336836
1422572783700164610
1422572783708610566
1422572783674875906
1422572785021370376
1422572785084338177
1422572785314926595
1422572785528934401
1422572785625272324
1422572784115388419
1422572786208452613
1422572786615164930
1422572786552291328
1422572785474363399
1422572786632085509
1422572786925592579
1422572787349164042
1422572787454169090
1422572787399602176
1422572789203152899
1422572789337403392
1422572789232332808
1422572789714898956
1422572789609938948
1422572789928710144
1422572789882519554
1422572790079701004
1422572790230786054
1422572789895159811
1422572790318870530
1422572790306283521
1422572790352269316
1422572790595600386
1422572790884995074
1422572790893498368
1422572790847139841
1422572791971426304
1422572793208659968
1422572793212899328
1422572792860532738
1422572793506549766
1422572793552457733
1422572793883987968
1422572794110414852
1422572793976303616
1422572794009853956
1422572794097844235
1422572794152378372
1422572794685100043
1422572794689249282
1422572793883934720
1422572794945093632
1422572795096092681
1422572795146514436
1422572795297505280
1422572795310088192
1422572795209334789
1422572795553189895
1422572797344288769
1422572797205827586
1422572797490909184
1422572797574844417
1422572797826670598
1422572798225129478
1422572798627700740
1422572798917189643
1422572798950756355
1422572799298768903
1422572799454027785
1422572799411978242
1422572799684644869
1422572799537950725
1422572799823056900
1422572799902748676
1422572801647644672
1422572801857314817
1422572802004111361
1422572802419445766
1422572802280812552
1422572802469679109
1422572802507513857
1422572802943635456
1422572803165868039
1422572803342151686
1422572803476369416
1422572803388289027
1422572804185247752
1422572804344582146
1422572804365594634
1422572804466253831
1422572804478705666
1422572805569368066
1422572805816680454
1422572806001278976
1422572806202593286
1422572806492114955
1422572806424903685
1422572806882091014
1422572806995316738
1422572807033016320
1422572807209160709
1422572807548928000
1422572807871877125
1422572808052293638
1422572808207536136
1422572808496992256
1422572808446431237
1422572808450629632
1422572809625116672
1422572810384326660
1422572810493472773
1422572810627686405
1422572810656878595
1422572811017666562
1422572811332329476
1422572811277717509
1422572811248275463
1422572811386855425
1422572810866659329
1422572811613315074
1422572811592163334
1422572811944701959
1422572812456415236
1422572812611563523
1422572812510715910
1422572812640915456
1422572814293520392
1422572814440157184
1422572814775771138
1422572814884696068
1422572814910033922
1422572815342055427
1422572814784241666
1422572815555964933
1422572815534985218
1422572815404969985
1422572815811764224
1422572816411602951
1422572816348721156
1422572816478711811
1422572816956858374
1422572817883688967
1422572818705883142
1422572818630385669
1422572818726854656
1422572818831659012
1422572819431448578
1422572819297144833
1422572819951636481
1422572819431378952
1422572819939012610
1422572820031287296
1422572820505284612
1422572820916314118
1422572821109264386
1422572822526717955
1422572822749081606
1422572822220574720
1422572823076278284
1422572824187875330
1422572824288432133
1422572824313671685
1422572824263335939
1422572824628244485
1422572824481370117
1422572824913453057
1422572825211285505
1422572824695300102
1422572825601269766
1422572825894916101
1422572825878040583
1422572825903345665
1422572826507231247
1422572826591174661
1422572826645700609
1422572826754576389
1422572826628792322
1422572826939117575
1422572827077537794
1422572828046594050
1422572827962712065
1422572828168278016
1422572827098628100
1422572828185042961
1422572828616970243
1422572828604485632
1422572828461785089
1422572828981878798
1422572829124485125
1422572830949007360
1422572830835757062
1422572831393468419
1422572831410372611
1422572831725047810
1422572830990823425
1422572830886039559
1422572831834054664
1422572832026886155
1422572832190451714
1422572832328929280
1422572832458874881
1422572832802881540
1422572833293574147
1422572833465454597
1422572833612439558
1422572833817956354
1422572835495501834
1422572835734790153
1422572835919253504
1422572835873165315
1422572835957059592
1422572836426706950
1422572836842098690
1422572836724609024
1422572837072564228
1422572837160853517
1422572837546520577
1422572837789909003
1422572838184263683
1422572837626388485
1422572838301716490
1422572839551389697
1422572839589187591
1422572839614312450
1422572836779081728
1422572839945871360
1422572839295664128
1422572840159571969
1422572840239476740
1422572840541376516
1422572840692469766
1422572840755384320
1422572840587436037
1422572840801366017
1422572841912967169
1422572841371848708
1422572841770291203
1422572842005278721
1422572842189791237
1422572842231734278
1422572843385110533
1422572843557076996
1422572843787771907
1422572843527704588
1422572844190478346
1422572844463054849
1422572845050253319
1422572845239083008
1422572845327163394
1422572845792641025
1422572845750751237
1422572845767401478
1422572845817815043
1422572845872332806
1422572846111416328
1422572846258196488
1422572846732169216
1422572846656667651
1422572846447054854
1422572846493143042
1422572846975528963
1422572847109742598
1422572847722115073
1422572847973666819
1422572848342835201
1422572848376270848
1422572848795852800
1422572849366245376
1422572849492017154
1422572849663983622
1422572849701785602
1422572849852715012
1422572849945092096
1422572850578345986
1422572851736072204
1422572852243537929
1422572852235194370
1422572852210020352
1422572852151259142
1422572852549722113
1422572853031886852
1422572852876759042
1422572853812109314
1422572854181310466
1422572854399414275
1422572854390951939
1422572854642630664
1422572854848090112
1422572856177831938
1422572856127356930
1422572856349806594
1422572855917629441
1422572856362160132
1422572856551034882
1422572856026832896
1422572857360588802
1422572857612177417
1422572857561919495
1422572857939402754
1422572858434334731
1422572856844578817
1422572858652377091
1422572858753134599
1422572859071815695
1422572858941874181
1422572859096932359
1422572859294031875
1422572859419856905
1422572859516456969
1422572860376289280
1422572860665630723
1422572860871163908
1422572860950728706
1422572861705891846
1422572861521285120
1422572861680537600
1422572861823275012
1422572861223366665
1422572862125137921
1422572861986902024
1422572862255284230
1422572862276214787
1422572862444122117
1422572862750306305
1422572863039606786
1422572863295479812
1422572863182282752
1422572864444633091
1422572863253618688
1422572864771866624
1422572864755027969
1422572864864198657
1422572865044484097
1422572865115799557
1422572865489039362
1422572866394984450
1422572866248220681
1422572866369822721
1422572866374148098
1422572866315472897
1422572866369777668
1422572866676080646
1422572866755862530
1422572866550312966
1422572866835468288
1422572866885849089
1422572866999046149
1422572867355615242
1422572867347177473
1422572869326880771
1422572868735541250
1422572869423304705
1422572870052421633
1422572870253879298
1422572870425882636
1422572869368832001
1422572868185956352
1422572870824124425
1422572871021481993
1422572871151497217
1422572871088492544
1422572871411400709
1422572871453380610
1422572873068138500
1422572873168744452
1422572873076469761
1422572873974157316
1422572874339078146
1422572874389409803
1422572875077324803
1422572875505147911
1422572875681353730
1422572875983241218
1422572877145071623
1422572876943736834
1422572877228949510
1422572876755087362
1422572876629217287
1422572877484789762
1422572877765828619
1422572877929275397
1422572878013374465
1422572877572943875
1422572878189371396
1422572878231343104
1422572878327844867
1422572878495580162
1422572878508212224
1422572878818693124
1422572878738771972
1422572879007436805
1422572877665247239
1422572879246409732
1422572878445285377
1422572879451889673
1422572879661633536
1422572879741440005
1422572881595101193
1422572881653940226
1422572881993637894
1422572882098544647
1422572882362867717
1422572882765533191
1422572882920546304
1422572882920497152
1422572882450731009
1422572883444781056
1422572883751079943
1422572883876982785
1422572883562356740
1422572883457413120
1422572884795531272
1422572885181272064
1422572885223174149
1422572884929630208
1422572885642776578
1422572885604978696
1422572885839863813
1422572886183792649
1422572886586499073
1422572886565564425
1422572886666190855
1422572886993346564
1422572887177842690
1422572887656050696
1422572887802851337
1422572888436133891
1422572888528392197
1422572889828638731
1422572889929306118
1422572889916706818
1422572889975500815
1422572889904062465
1422572890231382016
1422572890382381061
1422572890785034249
1422572890923360260
1422572890927607820
1422572890965348356
1422572890894094336
1422572891661430786
1422572891644874754
1422572891879714824
1422572891753828355
1422572891921518596
1422572891581947906
1422572891946864646
1422572892236271624
1422572892357681156
1422572893880397828
1422572893490147330
1422572893339152391
1422572893364490243
1422572894199062538
1422572894467600384
1422572894744416261
1422572894719299589
1422572894866087936
1422572894782119938
1422572895541239814
1422572895457452035
1422572896317321228
1422572896505929728
1422572896694804483
1422572896854188040
1422572898280148992
1422572898359779339
1422572898296942594
1422572898791854082
1422572899098058755
1422572899089670152
1422572899127410689
1422572899307859979
1422572898460520448
1422572899072872454
1422572899148472321
1422572899286855680
1422572899559518217
1422572899567906816
1422572900289220612
1422572900637364227
1422572901086208004
1422572901794865154
1422572902176608256
1422572903007232008
1422572903237922817
1422572903242076163
1422572903170707464
1422572903321591810
1422572903502123010
1422572903631970310
1422572903585964035
1422572903841808389
1422572904277954562
1422572904085024780
1422572904559124486
1422572904458358790
1422572904718340099
1422572904609370115
1422572906425552898
1422572906576502785
1422572906270412801
1422572906534424582
1422572906572394498
1422572907109265410
1422572907205734401
1422572907134341121
1422572907562143752
1422572907885170691
1422572907826491393
1422572907864027138
1422572908052946945
1422572908082257920
1422572908426104846
1422572908740808704
1422572910821232645
1422572910770753538
1422572911001485318
1422572911261413377
1422572911525826560
1422572911655886855
1422572911559315465
1422572911735492610
1422572911693553669
1422572911810924548
1422572911773241347
1422572911865569284
1422572912696037378
1422572912603717643
1422572912834351104
1422572912859439104
1422572913086062598
1422572913291665413
1422572913182482438
1422572913354592257
1422572914730311684
1422572914981879808
1422572914554155008
1422572915103436802
1422572915413954562
1422572915602739209
1422572916315673351
1422572916454080512
1422572917217501189
1422572917062242312
1422572917318168580
1422572917314007044
1422572917481689092
1422572917582409731
1422572917787856897
1422572918941364224
1422572919134298116
1422572918995832836
1422572919176245248
1422572919742476289
1422572919939637250
1422572920145170433
1422572920837222406
1422572920560398340
1422572921399091209
1422572921504030720
1422572921378283522
1422572923500511232
1422572923416719362
1422572923693506561
1422572923638861831
1422572923760652289
1422572923626340359
1422572923932618752
1422572923936776197
1422572924423139333
1422572924674969607
1422572924494618636
1422572925052461058
1422572924842749964
1422572925404786689
1422572925689991173
1422572925631320067
1422572925681500160
1422572925903728643
1422572925878685699
1422572925991927815
1422572926143012865
1422572927506059270
1422572927787143171
1422572927807934470
1422572927782903809
1422572928202313732
1422572928462319617
1422572928500129793
1422572928529489920
1422572928529485829
1422572928831471618
1422572929053872134
1422572929317933063
1422572929431310336
1422572929615908865
1422572929905213442
1422572929901027330
1422572930224033799
1422572931704569866
1422572931914285059
1422572932472127490
1422572932384108546
1422572932648378379
1422572932820258825
1422572932623077381
1422572932988030985
1422572932958728196
1422572932971253765
1422572933021671425
1422572933130620936
1422572933730521093
1422572932728070150
1422572933902446596
1422572933931753476
1422572934149857281
1422572934313517063
1422572934833524737
1422572934862938117
1422572934913212424
1422572934909075456
1422572935542239233
1422572936020516869
1422572936184176640
1422572936343396361
1422572936310005772
1422572936473440257
1422572937178144774
1422572937396334593
1422572937211752448
1422572937639497731
1422572937643708424
1422572937622605824
1422572937849225219
1422572937920589825
1422572937769414659
1422572937857675265
1422572938025267207
1422572937916387335
1422572938172289030
1422572938277105671
1422572938088288260
1422572938599993344
1422572938579034116
1422572938788851722
1422572940093186052
1422572940206485517
1422572940302950403
1422572940185505798
1422572940554559488
1422572940722413576
1422572940789489670
1422572941087318027
1422572940399452162
1422572941221371909
1422572941229936644
1422572941418582018
1422572941284450308
1422572941607329795
1422572941682872326
1422572941762605060
1422572942014226445
1422572942060396552
1422572942463012869
1422572944258174977
1422572943754858508
1422572944329433094
1422572944086208512
1422572944325332995
1422572944371462146
1422572944899944454
1422572945046523905
1422572944413413376
1422572944371306501
1422572945356902407
1422572945713606657
1422572946430730245
1422572946527248390
1422572946594439169
1422572946716045320
1422572946758017035
1422572946774654981
1422572947143905285
1422572948456542222
1422572947848548356
1422572948632653828
1422572949098409989
1422572948934647815
1422572949480017924
1422572950268514304
1422572949911924742
1422572950339956737
1422572950797045764
1422572950805434375
1422572951132585990
1422572951229059073
1422572951266811909
1422572951887622144
1422572952499916802
1422572953166876677
1422572953393315840
1422572953569579013
1422572953372348417
1422572953720479745
1422572953523294208
1422572953615704066
1422572954068692994
1422572953993039878
1422572954131521539
1422572954827862018
1422572954664116225
1422572954949505025
1422572955205201922
1422572955406503936
1422572955754713091
1422572955700133888
1422572956727844865
1422572956836786177
1422572957482770435
1422572957776420866
1422572957788950534
1422572958355234821
1422572958745309197
1422572958984327170
1422572959248658439
1422572959386980357
1422572959546462217
1422572959705698304
1422572959999447042
1422572960011935755
1422572960959897606
1422572960892784644
1422572961135874053
1422572961202987016
1422572961328926720
1422572962327142402
1422572963128283136
1422572963484819458
1422572963572985863
1422572963841200130
1422572963849715717
1422572963862355968
1422572964055236610
1422572964139225097
1422572965288316928
1422572965850456068
