1423281641284280320
1423281641393324042
1423281641682731012
1423281641829531653
1423281642005622785
1423281642211323904
1423281641942831104
1423281641980448780
1423281641384910855
1423281642211188742
1423281642647351300
1423281642680905744
1423281642861252608
1423281642894807052
1423281642563522571
1423281643284959235
1423281643255521291
1423281643494670337
1423281643536609301
1423281643842797578
1423281644320935948
1423281644278976513
1423281645134618642
1423281645365325831
1423281644685860866
1423281645310857216
1423281645570854920
1423281645541421063
1423281646090993664
1423281645885431811
1423281645541412869
1423281645050732557
1423281646539661324
1423281647907086337
1423281647877689353
1423281647902810125
1423281647881916421
1423281648049680397
1423281647999356935
1423281648548802574
1423281648511033355
1423281648733331469
1423281648783695876
1423281649761009664
1423281649924534289
1423281649698041859
1423281650184556548
1423281649844772872
1423281650486583309
1423281650805448704
1423281650700460049
1423281650780176391
1423281651543539726
1423281651153575936
1423281652051087360
1423281651933581314
1423281652399173643
1423281652353089536
1423281652449484806
1423281651879014412
1423281652847972361
1423281652541788162
1423281653288427520
1423281653279952901
1423281653720305668
1423281653816774669
1423281653846208529
1423281653405741058
1423281653628096520
1423281655486156802
1423281654857035782
1423281655813451776
1423281656144613378
1423281656153067524
1423281656350187528
1423281655469408259
1423281657067413513
1423281654655762432
1423281658103537664
1423281657906229248
1423281658178916358
1423281658170515456
1423281658229362688
1423281658145361930
1423281658602528789
1423281659860844553
1423281660016009216
1423281660599042054
1423281660607569920
1423281660661927937
1423281660934688768
1423281660808761344
1423281659198287872
1423281661760864256
1423281662008254475
1423281662150930443
1423281662545252352
1423281663048445953
1423281663627481088
1423281664407478282
1423281664466161670
1423281664759721988
1423281664633966597
1423281664231280641
1423281665003036683
1423281665179197445
1423281665153978384
1423281665363767297
1423281665367896066
1423281665556819968
1423281665892225040
1423281665976246272
1423281666143899667
1423281666244562949
1423281666672324608
1423281667167244291
1423281667259699200
1423281668232728577
1423281668647899157
1423281668434006017
1423281669537112066
1423281669381836803
1423281669541441536
1423281670749188105
1423281671277670400
1423281671147720714
1423281671374204936
1423281672083185664
1423281672108363776
1423281671932039174
1423281672439570432
1423281672749940736
1423281672733302784
1423281673630801920
1423281673618169859
1423281673744093184
1423281674045902850
1423281673983119360
1423281674163392521
1423281674150768648
1423281674809344007
1423281674876424209
1423281674897420294
1423281675534888964
1423281675375501323
1423281675463651337
1423281676096917509
1423281677313269762
1423281678265454609
1423281678500319240
1423281678735187968
1423281679209156609
1423281679301365760
1423281676080226312
1423281678890323978
1423281679557222403
1423281679829929985
1423281679930589197
1423281680299663369
1423281680857452558
1423281680920375306
1423281680798736388
1423281681255911427
1423281681448923138
1423281681679544325
1423281681755086865
1423281681725751304
1423281681780248577
1423281681985806352
1423281682069823488
1423281682090713088
1423281682942029824
1423281683285958659
1423281683487289344
1423281683252453381
1423281683852251139
1423281684439465991
1423281685114753032
1423281685236305926
1423281685748097030
1423281685953597449
1423281685844566044
1423281686205198340
1423281685702053888
1423281686565904386
1423281686670987264
1423281686834335747
1423281686951776265
1423281687107039243
1423281686414954500
1423281687585169417
1423281687912353807
1423281688071720983
1423281688155594756
1423281689250332684
1423281689455960064
1423281689745256456
1423281690026201109
1423281690479263745
1423281690567331856
1423281690571595776
1423281691079049224
1423281691087360000
1423281691020316682
1423281691083214853
1423281691385233412
1423281691360067594
1423281691271913480
1423281691586482182
1423281691825557515
1423281691645329408
1423281692156956679
1423281692299513877
1423281692257636356
1423281692421275648
1423281693331312647
1423281693541081100
1423281693444632581
1423281693855682561
1423281694413508611
1423281694526763008
1423281694782595081
1423281694493143040
1423281694916845572
1423281695059374080
1423281695655034885
1423281695961206797
1423281696019861525
1423281696078647309
1423281695944441861
1423281696141611008
1423281696363794443
1423281696615583744
1423281696347066369
1423281697290784776
1423281696862998533
1423281698087731211
1423281698389721099
1423281698473594890
1423281698515550208
1423281698444177410
1423281697819406336
1423281698985283599
1423281698976919561
1423281699073363981
1423281699362775047
1423281699325050883
1423281699228508165
1423281699312390144
1423281699622834184
1423281699723649024
1423281699669090304
1423281699719458816
1423281700382011405
1423281701715800074
1423281702982414341
1423281702718169097
1423281703259279365
1423281703716491264
1423281703519363083
1423281703867404296
1423281703574032384
1423281703959728136
1423281703833899011
1423281704127504392
1423281704609878020
1423281705062912000
1423281705478017035
1423281705494880257
1423281705977204737
1423281705918492677
1423281706270789636
1423281705855590404
1423281706434326532
1423281705855725568
1423281706761555975
1423281707029958659
1423281707239628809
1423281707344531464
1423281707453763584
1423281707566845961
1423281707596144653
1423281708690939917
1423281709127139334
1423281708992892940
1423281709638848519
1423281710150479872
1423281710431490052
1423281710884478982
1423281710805004288
1423281710951698432
1423281710884696064
1423281711635308547
1423281711165571081
1423281711765344265
1423281712507785216
1423281712868462600
1423281713724071941
1423281713749372928
1423281714021879815
1423281714265161742
1423281714370170880
1423281714697232384
1423281714521014274
1423281714458087428
1423281714885906443
1423281715682811915
1423281715640893445
1423281716207124482
1423281716177772549
1423281716412616718
1423281716571955208
1423281717389922312
1423281717687640070
1423281718417494020
1423281718727897101
1423281718950129675
1423281718950129668
1423281719218786304
1423281719625519104
1423281719663370240
1423281719923273728
1423281720908869637
1423281720908865536
1423281720980213764
1423281721273892864
1423281721777156105
1423281721651335179
1423281721814835203
1423281722146254848
1423281722456633348
1423281723702321158
1423281723790462976
1423281724193087488
1423281724063055876
1423281724667031556
1423281724348276738
1423281725291909128
1423281725329661964
1423281725367455762
1423281725535186952
1423281725774319633
1423281725845737472
1423281727112372224
1423281727468761096
1423281727636746240
1423281727481339921
1423281727678468111
1423281727821262849
1423281728307613699
1423281728290918400
1423281728504967168
1423281728769036304
1423281728991285261
1423281729263919112
1423281729364631557
1423281729100468224
1423281729180028933
1423281730044137484
1423281729968611345
1423281730673418240
1423281730711134208
1423281731193344001
1423281731642150912
1423281731809984512
1423281732153798669
1423281732166455311
1423281732636135425
1423281733160476680
1423281733235970053
1423281733701554181
1423281733269549061
1423281734129360915
1423281734179688449
1423281734280437760
1423281733915480065
1423281734469054479
1423281734532046866
1423281734481682448
1423281734368391169
1423281734410375169
1423281734833999888
1423281735475744779
1423281735538659343
1423281735861563400
1423281735609978890
1423281736037720074
1423281736419450880
1423281736423657487
1423281737006604294
1423281737623240727
1423281737040220175
1423281738340470792
1423281739141505034
1423281739653210128
1423281739951136768
1423281739988799489
1423281740068524038
1423281740127227909
1423281739842084864
1423281740332900352
1423281740169293824
1423281740416647176
1423281740613709828
1423281741037334544
1423281741595222020
1423281741947572226
1423281742031458316
1423281742115311623
1423281742144708619
1423281742513721351
1423281742777970701
1423281743017046017
1423281743541399560
1423281743847583744
1423281744388583439
1423281744526987266
1423281745017724928
1423281744934014976
1423281744850014230
1423281745005355008
1423281745059717135
1423281745684664326
1423281746141876245
1423281747123314707
1423281747597406208
1423281748302041088
1423281748184502287
1423281748264239104
1423281748478070797
1423281748880748560
1423281749111427074
1423281749358874625
1423281749623074816
1423281749665013762
1423281750290182144
1423281750151557121
1423281750973710349
1423281750885625859
1423281751279898625
1423281752240312325
1423281752240361482
1423281752722837504
1423281753133707276
1423281753175822336
1423281753737728002
1423281753657987074
1423281754308182027
1423281753750269958
1423281754492841984
1423281754777948171
1423281755415404551
1423281755612532746
1423281756354998274
1423281756589891585
1423281757445443595
1423281757885927433
1423281757931986954
1423281758234021889
1423281758544400387
1423281758913454091
1423281758750003200
1423281759374905348
1423281759328735235
1423281759425208329
1423281759467147271
1423281759379238912
1423281759559380999
1423281759660113930
1423281759932854272
1423281760201175040
1423281760612147204
1423281759932743681
1423281760847106051
1423281761035853828
1423281760834506763
1423281760784113677
1423281761799131140
1423281761786634254
1423281762415820800
1423281762864562186
1423281762931671040
1423281762973614092
1423281762944225295
1423281763086856204
1423281763158093825
1423281763309154315
1423281763418132488
1423281763086860293
1423281763619512330
1423281764802306055
1423281764789751814
1423281764760375305
1423281765188128778
1423281764680683523
1423281765171351557
1423281765628579842
1423281764454203397
1423281765762928657
1423281765834117131
1423281765985099792
1423281766094098446
1423281766211604492
1423281766421340171
1423281766832476160
1423281766828150788
1423281767071588352
1423281766886899719
1423281767084171264
1423281768975638537
1423281769445347334
1423281769311182853
1423281770506588166
1423281770699517972
1423281771332784136
1423281771387392001
1423281771651678208
1423281771467083791
1423281771337207808
1423281771911598088
1423281772037480454
1423281772066869252
1423281772268199949
1423281772482105345
1423281772683350022
1423281772616241155
1423281773547442182
1423281773429944320
1423281773652283412
1423281773853749248
1423281773610340368
1423281773752901634
1423281773853626370
1423281774210076677
1423281774113689603
1423281774428266501
1423281774751207440
1423281774780551175
1423281774797328384
1423281775044792321
1423281775061520390
1423281775338393604
1423281775644581893
1423281775921467392
1423281776076730368
1423281775992721410
1423281776168894464
1423281775875436544
1423281777171369984
1423281777276194818
1423281777234255888
1423281777280356361
1423281777666261004
1423281777716588558
1423281777926316048
1423281777838153731
1423281778228269065
1423281778446323717
1423281778844835850
1423281778865831945
1423281779025317888
1423281779104837632
1423281779427799046
1423281779507548176
1423281779444649990
1423281779297832976
1423281779843080198
1423281780061184015
1423281780052819977
1423281780153491470
1423281780157685766
1423281780161798151
1423281780153470980
1423281780044419077
1423281780359114752
1423281780119916555
1423281780262506506
1423281781965348875
1423281782242177037
1423281782468734987
1423281782728794119
1423281783114670089
1423281783877996550
1423281783810891778
1423281784339456006
1423281784284860423
1423281784649773060
1423281785283092487
1423281785371193350
1423281785597685773
1423281785920704512
1423281785782243332
1423281786012913669
1423281785954193415
1423281786440716288
1423281786793041925
1423281787065683969
1423281788214943753
1423281788235833361
1423281788877643779
1423281789599158272
1423281789519360011
1423281789850710031
1423281790261678092
1423281790798630914
1423281790685306901
1423281791041904655
1423281791381639169
1423281791343874055
1423281792212078609
1423281792207843329
1423281792186945554
1423281792153387030
1423281792711200783
1423281792820207620
1423281793210359821
1423281793025798152
1423281792963039232
1423281793252225035
1423281793352945665
1423281794124709900
1423281794766438403
1423281794779017218
1423281795114569733
1423281795257098240
1423281795320086531
1423281795932377091
1423281796075057157
1423281795756400640
1423281796305756168
1423281796498722816
1423281796624445443
1423281796800729088
1423281796758708249
1423281796112916480
1423281797186605056
1423281798407094277
1423281798486757387
1423281798503550991
1423281798142992384
1423281799157796867
1423281799443083279
1423281798906220558
1423281799728300036
1423281799778607121
1423281799631835153
1423281800479068170
1423281801124978703
1423281801103958025
1423281802790064134
1423281803289239558
1423281803767521280
1423281804602089482
1423281804396482560
1423281805361176576
1423281805398921219
1423281805696798722
1423281805625462796
1423281806036529156
1423281806288166915
1423281806241976323
1423281806871195657
1423281807005421575
1423281807714181124
1423281807861051401
1423281808095924243
1423281808200724487
1423281808385314834
1423281807559176192
1423281808683126785
1423281808733392903
1423281809329168384
1423281809559674881
1423281809719054344
1423281809647816724
1423281809618440194
1423281809920434180
1423281810574700550
1423281810264322059
1423281811023618048
1423281811220688911
1423281811489099785
1423281811325538312
1423281811413626890
1423281811690450947
1423281812000841736
1423281812021800970
1423281811610693636
1423281812021735437
1423281812256608274
1423281811887730688
1423281812256661509
1423281811153690624
1423281812319576066
1423281812533518346
1423281812311142406
1423281812940353544
1423281812667703302
1423281813250744332
1423281813485674496
1423281813233954827
1423281814378975236
1423281815092031491
1423281815243001862
1423281815356248069
1423281815805173771
1423281815725297689
1423281815964422152
1423281815779827729
1423281816216109056
1423281816266416142
1423281816413163541
1423281816270643213
1423281816727736332
1423281816895557640
1423281817298161664
1423281817738645519
1423281817910538243
1423281818497781763
1423281819114377223
1423281819642785809
1423281819563163667
1423281820200624141
1423281820234178566
1423281821165359106
1423281821559574536
1423281821668634638
1423281821442187273
1423281822276849666
1423281822201303041
1423281822469959680
1423281822541090842
1423281822717276161
1423281822637559820
1423281823996518408
1423281823681900551
1423281824432746499
1423281824512413701
1423281824512438280
1423281824503980052
1423281824499867654
1423281824541806603
1423281825355501573
1423281825628098576
1423281825724633088
1423281825502298124
1423281826026508291
1423281826529890317
1423281826823430155
1423281827117154304
1423281827238711299
1423281826538295315
1423281828115353603
1423281828069355520
1423281827926528026
1423281828224397318
1423281827423260675
1423281828773855248
1423281828484485120
1423281829621108740
1423281829830877184
1423281830548041734
1423281829075996672
1423281830787223552
1423281831085027328
1423281831625990149
1423281831814729729
1423281831873445891
1423281832351604746
1423281832842252303
1423281833060577280
1423281833064632330
1423281833286914051
1423281833844744206
1423281834243227652
1423281834050277379
1423281834377453583
1423281834411139072
1423281834499219456
1423281834591277056
1423281834750664710
1423281834717188101
1423281834931097607
1423281836432650247
1423281836642357251
1423281837120557056
1423281836466360320
1423281838399782924
1423281839108628482
1423281839259619331
1423281839469252627
1423281839968456716
1423281839427309576
1423281841012838400
1423281841339916295
1423281841356763144
1423281841339990021
1423281841386270720
1423281841532936193
1423281841998503941
1423281842388574209
1423281842325639173
1423281842665541632
1423281842413842432
1423281842820567052
1423281842287902741
1423281843013566465
1423281843407831040
1423281843567161350
1423281843470753792
1423281843705683968
1423281844418535429
1423281844565467136
1423281844443783184
1423281844661874697
1423281844527656969
1423281845026754571
1423281845181902848
1423281845257396232
1423281845878235137
1423281846511706112
1423281846675144704
1423281847090307072
1423281847572656140
1423281847627255815
1423281848440877059
1423281848772284438
1423281848378068992
1423281848889794560
1423281848952655884
1423281849170763786
1423281849070092288
1423281849065820163
1423281849233645575
1423281849204232195
1423281849418207247
1423281849485336579
1423281849846095872
1423281850064195584
1423281850714365952
1423281850441605137
1423281850328383508
1423281850068488192
1423281852916191237
1423281852861673479
1423281852719108105
1423281853469843467
1423281853948207104
1423281854099120128
1423281853910241283
1423281854577213443
1423281854501867520
1423281854522658818
1423281854401024006
1423281854468157454
1423281854388621312
1423281853633417225
1423281855453753360
1423281855609012239
1423281855835615232
1423281855563026432
1423281856477384704
1423281857680924678
1423281857903267849
1423281858020745221
1423281857865535488
1423281857932808192
1423281858083581964
1423281858268131330
1423281858054217729
1423281858230378499
1423281858876370959
1423281859430019076
1423281859593596938
1423281859446796300
1423281859702652932
1423281860054970380
1423281860516323340
1423281860642164745
1423281861057417216
1423281861162246148
1423281861371994120
1423281861699145745
1423281861753724928
1423281862055768064
1423281862068170753
1423281862219345921
1423281862399594500
1423281862571560964
1423281862621896714
1423281862949040136
1423281862558969871
1423281863322443776
1423281863372656646
1423281863183921152
1423281863486066688
1423281865843044362
1423281866111475723
1423281866208055296
1423281866178629634
1423281866296021001
1423281866543538185
1423281866539294728
1423281866681978887
1423281867063586832
1423281867076296704
1423281866619068426
1423281867508256772
1423281868024074248
1423281868221206531
1423281868523245582
1423281868338835456
1423281869160804361
1423281869731237890
1423281869970305034
1423281870637191169
1423281870477795331
1423281870557487112
1423281870599458824
1423281870733594631
1423281870746251267
1423281871098564622
1423281871580852227
1423281871715143682
1423281872080044034
1423281871975186443
1423281872205869069
1423281872671412231
1423281873694953472
1423281874151960586
1423281874273669122
1423281874621829120
1423281874944757768
1423281875003445248
1423281875385155593
1423281875506790409
1423281875771039755
1423281876005883914
1423281876479844360
1423281876618432512
1423281876714754062
1423281876416942095
1423281876572286976
1423281877138305025
1423281877259939847
1423281877402619911
1423281878778269703
1423281880091308032
1423281880288219137
1423281880137338880
1423281880774836238
1423281880875425801
1423281881936769024
1423281882020532230
1423281882125553664
1423281882452529152
1423281882326700040
1423281882570006531
1423281882867793931
1423281883144724480
1423281883266174995
1423281883614306304
1423281883756961802
1423281884063174663
1423281884054921216
1423281884138639369
1423281884918947840
1423281885145309185
1423281885329846284
1423281886592307212
1423281886600777728
1423281886848184328
1423281886743339010
1423281886739279872
1423281886927876099
1423281887003365389
1423281887250771980
1423281887447900163
1423281888018386945
1423281888345530383
1423281888274178049
1423281888563769344
1423281888685436928
1423281889029148690
1423281889104875520
1423281888840491012
1423281889599623175
1423281888987205640
1423281889779933192
1423281890564272128
1423281890522402824
1423281890757255176
1423281890866475009
1423281890954416138
1423281891134767118
1423281891143192576
1423281891315044362
1423281891340283909
1423281891550011402
1423281889826144257
1423281892388839457
1423281893164797965
1423281892921462786
1423281893181587456
1423281893512945675
1423281893714268161
1423281894972604416
1423281894922231813
1423281895425515520
1423281895563956250
1423281895379333125
1423281896344014848
1423281897174536205
1423281897451364359
1423281897006800912
1423281897904300037
1423281898046984203
1423281898000842758
1423281898248355840
1423281898240024576
1423281898093117449
1423281899129118726
1423281900127285249
1423281900567728139
1423281900420964353
1423281900806971392
1423281901100404757
1423281901595500544
1423281902421676032
1423281902501257225
1423281903814197274
1423281903701045248
1423281904002891778
1423281903939903493
1423281904653160448
1423281904514605063
1423281905005334537
1423281904778833930
1423281905126936585
1423281905403777043
1423281906007744516
1423281906309734402
1423281906179731465
1423281906196443137
1423281906825695232
1423281907203145730
1423281906771120132
1423281906641080324
1423281907551272964
1423281907861704704
1423281907899408399
1423281907316449280
1423281908331388931
1423281908503302148
1423281908423675920
1423281908109103122
1423281908813684747
1423281909681905670
1423281909627424791
1423281909312802831
1423281909442830340
1423281910017454081
1423281910231433229
1423281910160240640
1423281910302711826
1423281910323630093
1423281911602970634
1423281911615549451
1423281912508862465
1423281912534110210
1423281912630681600
1423281912718651402
1423281913121234956
1423281913582657543
1423281913775628291
1423281913620353025
1423281914442514443
1423281914186666001
1423281914689908741
1423281914715152399
1423281914857672717
1423281915113639936
1423281915734286342
1423281915847577607
1423281916007026688
1423281916967493637
1423281917227528204
1423281917609140227
1423281917839904785
1423281917919588360
1423281918473244687
1423281918578237440
1423281918926151688
1423281919295324173
1423281919366602764
1423281920129990665
1423281920125796361
1423281920247402510
1423281920369168384
1423281920444674048
1423281920494891021
1423281920159354895
1423281920138383363
1423281921027502082
1423281920851410949
1423281921161891840
1423281921165971457
1423281922042515465
1423281921895763977
1423281922474745856
1423281922369675278
1423281922600362001
1423281922546012162
1423281922902401033
1423281923141488650
1423281923686735877
1423281924273938452
1423281924190187520
1423281924764667916
1423281925079257088
1423281924747907083
1423281924269772808
1423281925083439108
1423281925171466248
1423281925431517189
1423281925695754247
1423281926316560403
1423281926941646848
1423281927176474624
1423281927046369285
1423281927327567872
1423281928464109568
1423281928711458816
1423281928485031958
1423281928975765514
1423281929676197896
1423281930276016128
1423281930565394438
1423281930426982402
1423281930473132032
1423281930934513668
1423281931018334221
1423281931307814918
1423281931353952265
1423281932079706112
1423281931861463058
1423281931802669061
1423281932796719105
1423281932775817217
1423281932863905800
1423281932914200583
1423281933119750146
1423281933199446017
1423281933337829379
1423281932926869504
1423281933740433422
1423281934025691163
1423281934000558087
1423281934185103379
1423281934466224128
1423281933509922816
1423281934373822466
1423281933828739072
1423281935401422856
1423281935099432964
1423281935556571140
1423281935351095308
1423281935808299021
1423281935019778050
1423281935602765829
1423281935539867661
1423281936751988736
1423281937217585152
1423281937477636105
1423281937687351297
1423281937918140416
1423281938056368141
1423281938316644352
1423281938358411271
1423281938509352962
1423281938127675405
1423281938811392024
1423281939214073872
1423281938924670987
1423281941273473031
1423281941768380429
1423281942276018176
1423281942280114185
1423281943018307593
1423281942573854720
1423281943823536141
1423281943609708545
1423281944733765646
1423281944830242817
1423281945140764672
1423281944700198912
1423281945853652992
1423281946298179594
1423281946335977481
1423281946595975175
1423281946147315712
1423281947028066310
1423281947355226121
1423281947187421193
1423281947321589763
1423281947556540416
1423281947770380298
1423281947267108868
1423281947778818073
1423281948219240461
1423281948286328839
1423281948240216071
1423281949481725956
1423281949855031297
1423281949842427908
1423281950060515329
1423281950047883278
1423281950228246535
1423281950383505416
1423281950752600070
1423281950760988693
1423281950983327744
1423281951604023299
1423281950735880192
1423281952203821060
1423281952438636551
1423281954061840391
1423281953927618566
1423281954464538629
1423281953898307584
1423281954443522050
1423281955190104077
1423281955378917381
1423281955391479816
1423281955647352836
1423281955584430085
1423281955819245574
1423281956351975427
1423281956024881152
1423281956620357644
1423281957669154816
1423281957689991169
1423281957727883264
1423281958327521280
1423281959313108993
1423281959267049492
1423281958801461254
1423281959514476555
1423281959791333393
1423281959778856960
1423281960277798914
1423281960789549063
1423281960730857479
1423281959896158225
1423281962081472512
1423281962303705090
1423281962483998723
1423281962928664583
1423281962974793738
1423281963041918983
1423281963264221190
1423281963243229188
1423281963415265280
1423281963188645903
1423281964098887681
1423281964841259022
1423281964769968131
1423281964954505219
1423281965084528644
1423281965013295104
1423281965935906821
1423281967324229638
1423281968096059400
1423281968469348355
1423281968511295495
1423281968590979079
1423281968578326532
1423281969136275456
1423281969102606336
1423281969111080968
1423281969560002560
1423281969597534212
1423281969740206095
1423281969983463428
1423281970117701637
1423281970314764294
1423281970759409669
1423281970910359553
1423281968364462089
1423281971048992768
1423281971078205441
1423281969522114563
1423281972042887196
1423281972898451463
1423281973213110274
1423281972957392896
1423281974169513984
1423281974798520326
1423281974366511114
1423281975146672144
1423281975171817478
1423281975356391427
1423281975436054530
1423281975683543050
1423281975775797250
1423281976568516608
1423281976614682637
1423281977075978241
1423281976941768730
1423281977306738698
1423281977294163968
1423281978703454226
1423281978816622595
1423281979001237508
1423281979055697934
1423281979311546377
1423281979433177088
1423281979617792001
1423281979743633411
1423281980011991065
1423281980267843586
1423281980423114767
1423281980666380306
1423281980771389440
1423281981354242054
1423281981698174984
1423281981786181638
1423281983518429188
1423281983031894022
1423281983761833984
1423281983896145920
1423281984277684225
1423281984344711170
1423281984378347525
1423281984940384272
1423281985305202691
1423281985796010000
1423281985636741120
1423281986404175878
1423281986265780229
1423281986357981199
1423281986710482944
1423281987461140493
1423281987540766720
1423281987977039888
1423281989344448512
1423281989151428608
1423281989789134848
1423281989939986433
1423281989998813184
1423281989851877377
1423281989759606798
1423281990502023171
1423281990778949632
1423281990887903234
1423281991009529857
1423281990371930114
1423281990963535872
1423281991013728264
1423281991244517376
1423281991584292875
1423281991647039491
1423281991286501376
1423281991802253319
1423281992406212615
1423281992792084492
1423281992708149260
1423281993756778514
1423281994046205959
1423281994104918023
1423281994771832835
1423281994826272777
1423281994608222210
1423281994931359744
1423281994604023819
1423281994775941136
1423281994990067712
1423281995845488646
1423281995946225680
1423281996105588738
1423281996386738176
1423281996134977539
1423281996579627008
1423281996638285836
1423281996629827585
1423281996684398595
1423281996764049418
1423281996831203331
1423281996868976642
1423281997212913675
1423281996919312391
1423281997133361152
1423281997573591048
1423281997615484936
1423281997670010890
1423281997527486465
1423281997686837259
1423281998345293833
1423281998466977794
1423281998160744459
1423281998597001225
1423281999200940036
1423281999595249670
1423281999922352146
1423281999863848960
1423282000421539847
1423282000740241409
1423282000815955984
1423282000887095308
1423282000870268931
1423282001402945552
1423282001709203458
1423282001625317387
1423282002015444992
1423282001952477195
1423282002392805376
1423282002535407618
1423282002573238286
1423282002749390857
1423282002782916616
1423282004305448969
1423282004808724489
1423282004640952324
1423282004804595714
1423282005140201472
1423282005186211849
1423282005278564363
1423282005257506816
1423282005639237643
1423282005718933509
1423282005899243548
1423282005362429956
1423282005949648897
1423282006956199944
1423282006989840392
1423282006767460355
1423282007056867339
1423282008126418948
1423282008097116167
1423282008453648391
1423282008491393047
1423282008403234822
1423282008554364928
1423282009007435776
1423282009221173252
1423282009359613953
1423282009934241800
1423282009816768525
1423282009808543744
1423282010072653832
1423282010454257667
1423282010366251021
1423282009133043718
1423282010387324928
1423282010752126982
1423282012530429954
1423282012639567877
1423282013130293253
1423282013226762249
1423282013650395144
1423282013541306373
1423282013503561736
1423282013415501826
1423282014048772106
1423282013486739457
1423282014325669889
1423282014531162119
1423282014631776276
1423282014745071621
1423282014497640455
1423282014887632906
1423282014891872265
1423282015164502023
1423282015244324864
1423282015336497173
1423282015520976907
1423282016926126096
1423282016968052740
1423282016829677579
1423282017504960514
1423282017383321603
1423282017836228614
1423282017605615618
1423282017941196800
1423282017060327427
1423282018507530250
1423282019157430280
1423282018641752064
1423282018868027413
1423282019203649554
1423282019593687060
1423282020008951811
1423282020277538816
1423282021082701841
1423282021158187011
1423282021367828489
1423282021023977477
1423282021519003648
1423282021577621513
1423282021636329477
1423282022244487176
1423282022345187332
1423282022475124736
1423282022634582028
1423282022802362370
1423282022609342477
1423282022504570892
1423282023330816006
1423282023313993746
1423282023662120971
1423282024773603344
1423282024673026051
1423282025121734666
1423282025268535301
1423282025952206857
1423282026342359042
1423282026480771077
1423282026870939648
1423282026988249092
1423282027785302016
1423282027927793675
1423282027999203328
1423282029118980108
1423282029320458240
1423282029182046208
1423282029525827585
1423282029668405260
1423282029999779843
1423282029941071883
1423282029420892165
1423282029857214464
1423282030645637122
1423282030566121472
1423282030838616078
1423282030880509961
1423282031027310596
1423282030717005825
1423282030863818763
1423282030415069184
1423282031291629580
1423282031010598933
1423282030935035908
1423282033464254476
1423282032868614153
1423282033623638020
1423282033732825088
1423282034231844867
1423282033929850884
1423282034135367689
1423282034537996296
1423282034013728776
1423282034785472522
1423282035112648716
1423282034965762048
1423282035594915849
1423282035930451968
1423282035859197952
1423282035947315208
1423282034756276226
1423282035779461125
1423282036714921984
1423282037088165893
1423282037365030912
1423282037088309248
1423282037679476752
1423282037528489985
1423282037494980609
1423282038203838485
1423282038199619590
1423282038119927823
1423282038342242319
1423282037457227782
1423282038262562843
1423282038908407819
1423282039021662210
1423282039143370766
1423282039776808960
1423282040540106752
1423282041777442816
1423282041878204416
1423282042981154823
1423282043325194240
1423282043429916679
1423282043207569412
1423282043425673226
1423282043769610244
1423282043849297928
1423282043903823884
1423282043979407369
1423282044268732421
1423282044352618499
1423282044562329618
1423282045040533508
1423282045330116608
1423282045363671040
1423282045547991045
1423282045661315087
1423282045124374529
1423282046487568392
1423282045330116608
1423282047750074372
1423282047091560455
1423282047880097803
1423282048316461056
1423282048660217859
1423282049570336780
1423282049809412106
1423282050019201032
1423282049650073613
1423282050602201088
1423282050656657415
1423282051399098376
1423282051596177416
1423282051747258369
1423282051919220747
1423282051608887296
1423282051290222592
1423282052120530944
1423282051898216456
1423282051915026438
1423282052388954129
1423282052548366336
1423282052527321094
1423282052804210688
1423282053093629952
1423282052896489473
1423282053466845187
1423282053223632905
1423282053613719554
1423282054221889552
1423282053919907853
1423282054117027840
1423282054540713984
1423282055266246668
1423282055241093121
1423282055186587661
1423282055308144641
1423282055551471624
1423282055580766211
1423282056465981440
1423282056650313738
1423282055664656387
1423282057187188758
1423282057355177984
1423282057258487815
1423282058214862858
1423282058772819968
1423282058789593088
1423282059183902720
1423282059653500936
1423282060068679683
1423282060190420992
1423282060274245633
1423282060379049986
1423282060450406410
1423282060622372879
1423282060744134656
1423282061394149378
1423282062040215552
1423282062212042761
1423282062602248192
1423282063151489033
1423282063130513413
1423282063059259405
1423282063281508354
1423282063202033664
1423282063512244226
1423282063923318797
1423282064271417359
1423282064577597442
1423282064988725248
1423282064753795079
1423282065311551505
1423282064774680580
1423282065680715788
1423282065340911640
1423282065957474305
1423282066003619853
1423282066062520320
1423282066683088906
1423282067228426243
1423282067433934848
1423282068038070272
1423282068230787079
1423282068897685509
1423282068998393869
1423282069170393100
1423282069350748180
1423282069631688707
1423282069317238784
1423282070059634688
1423282071087112193
1423282071208747021
1423282071494021133
1423282071288516614
1423282071527510022
1423282071837888525
1423282071951220743
1423282071980548103
1423282072035094532
1423282072764911620
1423282073075290116
1423282073452826624
1423282073293361156
1423282073540841482
1423282074069344269
1423282074052665344
1423282073574408211
1423282074337775622
1423282075096948739
1423282075331858432
1423282075721822222
1423282075885518849
1423282076392988676
1423282076460015624
1423282076816601096
1423282076921606144
1423282077437362178
1423282077936410629
1423282077701578758
1423282078238404611
1423282078381056002
1423282078704095232
1423282079400222732
1423282079899406347
1423282079849082883
1423282080285290501
1423282080570429451
1423282080671158287
1423282080889274377
1423282080948137984
1423282081459626006
1423282081988325376
1423282081782587393
1423282081736499213
1423282082369785863
1423282082881495043
1423282082751696896
1423282083305197568
1423282083208728587
1423282083632320524
1423282083753992204
1423282083707822083
1423282083787644928
1423282083858812931
1423282083586134019
1423282084311830557
1423282084341325824
1423282084714479635
1423282084785758220
1423282084773130256
1423282084865449989
1423282085326835713
1423282085284913155
1423282085544947714
1423282085717061632
1423282085859495936
1423282088111865862
1423282088338354180
1423282088740933634
1423282088942342144
1423282089995096074
1423282089315639305
1423282090091581443
1423282090334855173
1423282090049564683
1423282090020249613
1423282090481790976
1423282090515132418
1423282090838167555
1423282090800345100
1423282091077349376
1423282090926215184
1423282092557828113
1423282092620730390
1423282093413462020
1423282093509865495
1423282093409247235
1423282093723852801
1423282094013227018
1423282094227157005
1423282094336217102
1423282094399127567
1423282095569395712
1423282095984496650
1423282096139751434
1423282096399806469
1423282096974360580
1423282096848572416
1423282097133817861
1423282097230331904
1423282097037271045
1423282097758740484
1423282097758752774
1423282097876127748
1423282098735964161
1423282098874458132
1423282098924711943
1423282100669616135
1423282100535324678
1423282100908617743
1423282100887715856
1423282100954828800
1423282101240033295
1423282102074630147
1423282102108184579
1423282102502453250
1423282103253299207
1423282102980816896
1423282103152627719
1423282103039320071
1423282103794372614
1423282103760801794
1423282104222175245
1423282104553525250
1423282104880689160
1423282104931028993
1423282105212047368
1423282105262432258
1423282105883140104
1423282106034229252
1423282106621259786
1423282106512330752
1423282106923249676
1423282107070115860
1423282107204444160
1423282108873678850
1423282108865282049
1423282108831727625
1423282108932313095
1423282109012078592
1423282108840124423
1423282109326643209
1423282109200752645
1423282109032976392
1423282109355991045
1423282109897052171
1423282109766979586
1423282110509445120
1423282110727479318
1423282110924615680
1423282110798843911
1423282110715006976
1423282109976776710
1423282110891139074
1423282111251943428
1423282111201497095
1423282112879288320
1423282112258404353
1423282112212373504
1423282113248301059
1423282114972119051
1423282115072827392
1423282115362230279
1423282115211186180
1423282115353972736
1423282115324506120
1423282115345403906
1423282115702099968
1423282115563642880
1423282116003913732
1423282115790180352
1423282115492425728
1423282116322762756
1423282116658442240
1423282116830236681
1423282116763160588
1423282116888907788
1423282117455192067
1423282117597749266
1423282117597794314
1423282117975285772
1423282118306631686
1423282118692536330
1423282119011225605
1423282119279726592
1423282120173121548
1423282120198279186
1423282120370315264
1423282121032966153
1423282121280352259
1423282121657917443
1423282122068873216
1423282122278666253
1423282122505089037
1423282122647736325
1423282122580586506
1423282122874265600
1423282122970648576
1423282123012673536
1423282122282860563
1423282123243352072
1423282123499196422
1423282123646111744
1423282124073754625
1423282124019355648
1423282124367417345
1423282124572958723
1423282124271067136
1423282124539392003
1423282124736516100
1423282125344813056
1423282125705420809
1423282125848006663
1423282125818630161
1423282125806080010
1423282126439424001
1423282126640738311
1423282126544269334
1423282126741401616
1423282127190171651
1423282127404032002
1423282127601164294
1423282127466991619
1423282127995478017
1423282128310214656
1423282128389767170
1423282128536489984
1423282128544878600
1423282128758837257
1423282128754647050
1423282129429950475
1423282129828343819
1423282130084409344
1423282129996107792
1423282130076020736
1423282130092806144
1423282129895632896
1423282130772058121
1423282131044769803
1423282131015544833
1423282131329970189
1423282131690655745
1423282131585798155
1423282131657179136
1423282131548065804
1423282131997020160
1423282132416270340
1423282132722487301
1423282132508495878
1423282133771161600
1423282133955579918
1423282133414531088
1423282133938757641
1423282133569658899
1423282135243259911
1423282135691976714
1423282135188729864
1423282135864156160
1423282135524278290
1423282136111456262
1423282136556126208
1423282136451149825
1423282136883228676
1423282138170814474
1423282139160793088
1423282139647279109
1423282139714375690
1423282139714314261
1423282140456919040
1423282140414976000
1423282140351979522
1423282140607705088
1423282140867792896
1423282140951707652
1423282141325004802
1423282141891162118
1423282141786378240
1423282141882814471
1423282141924786179
1423282142008602642
1423282142088294410
1423282141853589504
1423282142776205320
1423282142923169792
1423282143191396352
1423282143149518853
1423282143141138433
1423282142071693312
1423282143153688583
1423282143485067264
1423282143594119174
1423282143904428052
1423282144374263821
1423282144558809088
1423282144839823364
1423282145053876224
1423282145343139843
1423282145510842381
1423282145691242505
1423282145762504705
1423282145976479753
1423282146941181957
1423282147155013635
1423282147180220418
1423282147624820750
1423282148107198474
1423282148371353619
1423282148639854592
1423282148774092804
1423282148371402758
1423282149000548360
1423282148908359680
1423282148988145664
1423282149206069257
1423282149239623690
1423282149487042565
1423282149323513863
1423282149554327552
1423282149956988928
1423282149436780548
1423282150590226451
1423282151009579022
1423282151353585670
1423282151584321536
1423282151471009800
1423282151554830352
1423282151789764615
1423282152196608016
1423282152825704461
1423282153077436417
1423282152834224128
1423282153257832448
1423282153534550019
1423282153828196353
1423282154142801924
1423282154256048129
1423282154822201351
1423282155040374802
1423282154952347648
1423282155136892928
1423282155153629196
1423282155409444866
1423282155812134925
1423282156432887814
1423282156244115464
1423282156508389387
1423282156718100491
1423282156776816648
1423282156739055630
1423282157255069696
1423282157481459713
1423282157435461632
1423282158093758473
1423282158051811330
1423282159121428492
1423282159163363336
1423282159125630981
1423282159360479233
1423282159469531136
1423282159662485516
1423282160069271552
1423282159918325763
1423282160484720640
1423282161029836818
1423282161327632388
1423282161575096334
1423282162179219456
1423282161596047360
1423282163395354652
1423282163751952392
1423282163932307463
1423282164431527936
1423282163907276800
1423282164473364483
1423282164515229714
1423282164792238104
1423282165060489228
1423282165282852870
1423282166125924352
1423282166155255811
1423282166104952845
1423282166876676108
1423282167094956032
1423282167124086802
1423282167153512458
1423282167547789316
1423282167900110866
1423282167702966289
1423282167778447364
1423282167975534606
1423282168369881093
1423282168436977680
1423282168525033476
1423282168835489792
1423282168843804686
1423282168646750208
1423282169128968210
1423282169087029258
1423282169879793664
1423282169896595467
1423282171477778432
1423282171641438220
1423282171679166473
1423282171960172554
1423282172019068928
1423282172509646858
1423282172975222792
1423282172832751616
1423282173499543552
1423282173008769038
1423282173616955403
1423282173210251264
1423282173323456512
1423282174141161478
1423282174548070408
1423282174724169743
1423282175856635904
1423282176099983373
1423282176091512840
1423282176238391304
1423282176485822477
1423282176645345280
1423282176926392320
1423282176947228672
1423282176443916298
1423282177219956736
1423282177203003400
1423282177295360005
1423282177567985667
1423282177614114818
1423282177899442176
1423282177911914498
1423282178146799619
1423282178121629712
1423282178167816192
1423282178482343943
1423282178331353100
1423282180164186113
1423282180449456132
1423282179501563904
1423282180420112393
1423282180596240403
1423282181300908042
1423282181946761216
1423282182001336329
1423282182672486400
1423282182416568327
1423282182672420864
1423282183679082508
1423282183863631877
1423282183330963456
1423282184077529105
1423282184136261632
1423282184249503748
1423282184308150273
1423282183842766848
1423282184564080642
1423282184576634885
1423282184866041858
1423282184891232259
1423282185025441792
1423282185054814217
1423282184853475333
1423282185449078785
1423282185352609799
1423282186040479749
1423282186094923789
1423282186141278208
1423282186371977216
1423282186388639744
1423282186183008259
1423282186384384003
1423282186799747072
1423282186732544005
1423282186854096896
1423282186724184064
1423282188552790023
1423282189211357187
1423282189320392704
1423282188850585616
1423282189190373383
1423282189366485005
1423282189806882825
1423282189974732806
1423282190159212558
1423282190595411974
1423282191023296517
1423282191124111360
1423282191371542528
1423282191195275278
1423282191501463556
1423282191648362496
1423282191891537922
1423282192554217473
1423282193036496903
1423282193552445448
1423282193539895310
1423282193560858633
1423282193745522688
1423282194013822983
1423282193896394757
1423282193967714311
1423282193913192466
1423282194299031552
1423282194529849344
1423282194676523018
1423282194676555788
1423282194827472901
1423282195024605192
1423282195234361356
1423282195217608712
1423282195427258371
1423282196345917440
1423282196610273280
1423282197943910413
1423282197809750016
1423282198405210116
1423282199055327238
1423282199067983883
1423282199349145600
1423282199726477319
1423282199760015369
1423282200695304200
1423282200884113421
1423282200968110080
1423282201248993289
1423282201190301700
1423282201509040131
1423282201920081932
1423282202146574336
1423282202557644802
1423282203086049286
1423282203316822018
1423282203530653698
1423282203786579969
1423282203870392328
1423282204025790464
1423282203996217348
1423282205158084625
1423282205460078598
1423282205510578176
1423282205942554624
1423282206294769675
1423282206605152273
1423282206928105472
1423282206873554953
1423282207347466243
1423282207355850758
1423282207460773891
1423282207813083136
1423282207939047424
1423282208073297920
1423282208161239046
1423282207951568896
1423282208731648006
1423282208958078987
1423282208840699909
1423282210078171136
1423282210094731272
1423282210291871745
1423282210392526854
1423282210539331584
1423282210757431296
1423282210690322432
1423282211034435584
1423282211197833217
1423282211327987712
1423282211269218311
1423282211491508226
1423282211189526528
1423282212435279872
1423282212590522368
1423282212221296655
1423282212888186884
1423282213081075731
1423282213013970945
1423282212984659971
1423282213077069824
1423282212644876292
1423282213232070666
1423282213282451474
1423282212904980490
1423282213789986838
1423282214473666564
1423282214557548558
1423282214259679235
1423282214763057156
1423282214918184968
1423282215064981505
1423282215203397640
1423282214901538816
1423282215308251142
1423282214955937799
1423282215622909958
1423282217782939652
1423282218001059843
1423282218827345926
1423282219087323139
1423282219334782986
1423282219200565254
1423282219548758020
1423282220043837440
1423282220781821952
1423282220991610893
1423282220941250575
1423282221113171976
1423282221864165390
1423282222409293839
1423282222446960641
1423282222128320512
1423282222237429760
1423282221427748866
1423282222581223429
1423282222899990533
1423282223113904132
1423282222895747089
1423282222694551552
1423282222669254659
1423282224086978575
1423282224120705024
1423282225114599427
1423282225316089856
1423282225886334978
1423282226175746055
1423282226385629184
1423282226628894720
1423282227064885261
1423282227245248512
1423282227065016320
1423282227186704384
1423282227387846658
1423282228050595851
1423282228151210008
1423282228411310090
1423282228528779274
1423282228738486282
1423282228738490377
1423282228918771722
1423282228985958411
1423282229220761604
1423282228625231878
1423282229103505427
1423282230454104064
1423282230948814852
1423282230793670664
1423282231087230980
1423282231162806277
1423282231326302215
1423282231657721857
1423282228096770053
1423282231829700613
1423282231838011401
1423282232005853185
1423282232249049089
1423282232022769664
1423282232156774412
1423282232270090246
1423282232559497220
1423282233020796938
1423282234086264832
1423282234589470730
1423282235336060938
1423282235365494791
1423282235529043981
1423282236112003075
1423282236548288528
1423282236019728397
1423282237051604996
1423282236833505305
1423282236892139528
1423282237324234768
1423282237550718996
1423282237861105682
1423282237835911177
1423282237961687042
1423282238142169088
1423282238620266502
1423282239022895108
1423282238834167825
1423282238989340674
1423282239391997958
1423282239475834883
1423282239396216836
1423282239962378249
1423282239878549511
1423282240558096384
1423282240448917511
1423282241401016322
1423282241384325123
1423282241942081548
1423282241912729612
1423282241891803152
1423282241988222979
1423282242428669965
1423282242667749376
1423282242932011016
1423282243003318274
1423282243414335498
1423282242508390412
1423282243556954122
1423282243783434241
1423282244571914243
1423282244781699087
1423282244106424321
1423282244945338368
1423282244739735557
1423282244756537347
1423282244068659209
1423282244173500422
1423282244865691648
1423282246182658056
1423282246438604800
1423282246530699276
1423282246752956422
1423282246094524422
1423282247877238784
1423282248590139404
1423282248854380559
1423282249135317000
1423282248988585990
1423282249802215425
1423282249928118272
1423282250330918912
1423282250137829382
1423282250473517056
1423282251014434826
1423282251136077831
1423282251140243456
1423282251475816457
1423282251853295617
1423282250309947392
1423282252167880706
1423282252213997570
1423282252197154825
1423282252889268227
1423282252943818757
1423282253249990661
1423282253220614155
1423282252960747520
1423282253426274304
1423282253589729298
1423282253564579841
1423282253489086465
1423282254416019460
1423282254885785615
1423282255007404046
1423282255552663558
1423282255623983107
1423282255766581249
1423282255854768128
1423282256597045251
1423282256659894275
1423282256441790467
1423282257142321160
1423282257389756418
1423282257595228172
1423282257465204769
1423282257440165888
1423282258019033088
1423282258060845066
1423282258308341760
1423282258375413767
1423282258681556992
1423282259746955266
1423282259830837264
1423282259952504842
1423282259918921736
1423282260665638912
1423282261038755845
1423282261084893204
1423282261416284160
1423282262607470598
1423282262779465739
1423282263840595983
1423282264171896846
1423282264218083336
1423282263949643778
1423282264427745290
1423282264381685764
1423282264092266501
1423282264276930560
1423282263505047552
1423282265061134340
1423282264993980423
1423282265035993100
1423282264914284555
1423282265061216256
1423282265358934026
1423282265493180435
1423282265359097856
1423282266051026946
1423282265874862084
1423282266156015616
1423282266294284298
1423282266424299522
1423282266214522888
1423282266390757386
1423282266587877382
1423282266738872324
1423282266713722886
1423282268324253698
1423282268353617926
1423282268697612300
1423282268114542607
1423282268605399040
1423282269159108608
1423282269054144518
1423282268974374924
1423282268429197314
1423282269364445184
1423282269058330642
1423282270027145220
1423282270274686985
1423282270593425414
1423282270677487616
1423282270970925060
1423282271029587974
1423282271264546825
1423282271398813696
1423282271151263752
1423282271767842825
1423282271784603664
1423282271864381440
1423282272237604866
1423282272300589056
1423282272736788480
1423282273588178945
1423282273990836236
1423282273978253315
1423282274766757889
1423282275576422400
1423282275660099603
1423282275668553729
1423282276561940484
1423282276494839816
1423282275848908800
1423282277266513923
1423282277329424392
1423282277627305993
1423282277686169600
1423282277967024139
1423282278403252230
1423282278482984960
1423282278076010496
1423282277874692099
1423282278138974208
1423282278910758917
1423282277572759555
1423282279313334286
1423282278583521280
1423282279300820997
1423282279246409728
1423282280135417858
1423282280508792834
1423282280622002186
1423282280651395072
1423282280844324873
1423282281045643264
1423282280391315459
1423282281305677827
1423282281796358146
1423282281725190144
1423282281586724869
1423282281674776581
1423282282261979148
1423282282429775890
1423282282610139145
1423282283377618947
1423282283553779712
1423282285109907467
1423282285382537230
1423282285256708098
1423282285348933643
1423282285344804877
1423282285508325396
1423282285634154510
1423282285835550738
1423282285600677899
1423282286049460224
1423282285445451794
1423282286376538122
1423282286494052354
1423282286498258944
1423282287089799168
1423282288993861651
1423282289098706947
1423282289245507591
1423282289178419215
1423282289585266690
1423282289492910090
1423282289383903243
1423282289824260117
1423282290033979396
1423282288624758787
1423282290445090831
1423282290088550418
1423282290809925641
1423282290885496838
1423282290768158720
1423282291049066502
1423282291384545284
1423282291812442119
1423282291783069702
1423282291875278859
1423282293062324226
1423282294073094165
1423282294207434752
1423282294538735616
1423282294870011916
1423282295012683777
1423282295058829320
1423282295155216396
1423282294769475584
1423282295167877123
1423282295335800832
1423282295356731393
1423282295449006080
1423282296069627904
1423282296111566857
1423282296522690560
1423282296531079168
1423282297420218376
1423282297797627906
1423282299110449157
1423282299370545157
1423282300217823232
1423282300159107072
1423282300498763786
1423282300356227085
1423282300507222017
1423282301149011968
1423282301291569161
1423282298271670274
1423282301622837256
1423282301517979658
1423282301920632833
1423282301950070785
1423282301987954688
1423282302570799118
1423282303111893004
1423282303560605705
1423282303749394444
1423282303774564366
1423282304055611399
1423282304441405440
1423282304605061127
1423282304697335812
1423282304542076943
1423282304844124160
1423282305053782029
1423282305389404162
1423282305636868107
1423282306022735889
1423282306110922752
1423282306463125511
1423282306500808708
1423282306584768512
1423282306471522311
1423282306576371726
1423282307071238150
1423282307427799044
1423282307612352514
1423282307721424898
1423282308304539648
1423282308400910337
1423282307952115724
1423282310363979777
1423282311336906752
1423282311294971904
1423282311424970768
1423282311391416329
1423282311596970001
1423282311995346946
1423282312733765632
1423282312670638093
1423282312934998017
1423282312855265285
1423282313085947906
1423282313085943808
1423282313362755589
1423282313475936265
1423282313866006544
1423282314415677440
1423282314360983570
1423282314193170438
1423282314499354643
1423282314469986305
1423282314524520449
1423282314713260045
1423282314390372355
1423282314780430337
1423282314935603205
1423282315438878730
1423282315501793292
1423282315648585740
1423282315774541824
1423282315506200576
1423282316311371776
1423282316319723556
1423282316437245952
1423282316135309346
1423282316646834177
1423282316625907721
1423282317200531461
1423282318337187858
1423282318425300995
1423282318169411592
1423282318874091528
1423282318727204870
1423282319054364682
1423282319033470976
1423282319117279242
1423282320379760648
1423282320631504898
1423282321118142464
1423282323320033293
1423282323852693512
1423282323697528839
1423282324020424707
1423282323819089920
1423282324297289735
1423282324548898824
1423282324754427911
1423282324670541831
1423282324607692810
1423282324943163397
1423282324947435538
1423282325064798212
1423282325404622856
1423282325815631880
1423282326746767365
1423282326730125312
1423282327430385672
1423282327837319170
1423282328487428105
1423282327774396425
1423282327090696194
1423282327174533128
1423282328797732869
1423282328411983872
1423282328848064518
1423282329066172421
1423282329305423872
1423282329879908354
1423282328302800905
1423282331620577296
1423282330869788683
1423282332249690121
1423282332174209039
1423282332564267022
1423282332769800195
1423282332610404357
1423282333277331457
1423282333159878661
1423282333335969817
1423282333445132288
1423282333520703488
1423282333743001600
1423282333852000256
1423282333981892617
1423282333872918543
1423282334242070528
1423282335592554519
1423282335651221509
1423282335852675072
1423282335152103427
1423282336414638093
1423282336691462158
1423282337039663104
1423282337530277891
1423282337949777922
1423282337907810321
1423282338381762572
1423282339006668806
1423282339434532875
1423282339564695552
1423282339669372937
1423282339615023104
1423282340105625604
1423282340181147651
1423282341435396096
1423282342248947712
1423282342064312330
1423282342181830657
1423282342408323080
1423282342425100309
1423282343641374727
1423282344157319176
1423282344174047253
1423282344295809024
1423282344224378890
1423282344270524428
1423282344295768073
1423282344484429827
1423282345050722307
1423282345444925453
1423282345734414343
1423282345725939715
1423282345952481287
1423282346158018563
1423282346443169794
1423282347714121728
1423282347722493952
1423282348146282496
1423282348133556226
1423282349010079746
1423282349186293771
1423282349308010496
1423282349018603520
1423282349672964096
1423282349920329738
1423282349458952196
1423282350402588673
1423282350444531720
1423282350843179008
1423282350964690946
1423282350700449803
1423282350981410828
1423282352373997568
1423282352000618504
1423282352503943172
1423282352029986820
1423282352537706496
1423282352931758093
1423282352755671042
1423282353334456332
1423282353456128021
1423282353405775884
1423282353363767304
1423282354278207489
1423282353879846912
1423282354613854208
1423282354701832194
1423282354764853248
1423282354777313285
1423282354991230983
1423282355217649664
1423282356014698496
1423282356937449472
1423282357335781378
1423282357524590604
1423282357507928064
1423282356752764930
1423282357709115394
1423282358099263488
1423282358111805441
1423282358224969731
1423282358971551746
1423282358799720448
1423282358975827986
1423282359223336960
1423282359177146384
1423282359915278342
1423282360418590732
1423282360460595206
1423282360712237067
1423282361169416198
1423282361643454464
1423282362012495875
1423282362704486401
1423282363841142799
1423282364176756741
1423282364067639302
1423282364449398796
1423282364462116864
1423282364558450709
1423282364998774794
1423282364982054926
1423282365804154898
1423282366210985987
1423282366253084672
1423282366294814729
1423282366622015494
1423282366575874050
1423282366890512385
1423282367376945153
1423282368131964930
1423282368224251907
1423282368790491152
1423282368819859478
1423282368882778123
1423282368949866496
1423282369469898761
1423282369692192773
1423282370208174082
1423282370052907019
1423282370531053571
1423282370442977295
1423282370661081089
1423282370837315589
1423282370908549123
1423282370652688395
1423282371110088704
1423282371705462795
1423282372812935168
1423282373106483200
1423282373227995142
1423282373265793028
1423282372389195783
1423282373462945794
1423282374272593920
1423282374083633157
1423282374683418635
1423282374478008320
1423282374738124800
1423282374754852864
1423282375010705408
1423282374968627228
1423282375677542411
1423282375488794628
1423282377372028935
1423282377686540305
1423282377699172355
1423282375685918726
1423282378626125824
1423282378554945536
1423282378521382912
1423282379209117697
1423282380383653888
1423282380056453120
1423282380794519561
1423282381151109139
1423282380987461639
1423282381176279048
1423282381448880141
1423282381536981002
1423282381570510853
1423282381381726210
1423282381725716480
1423282382187028486
1423282382140895254
1423282382312861708
1423282382803714048
1423282382942048267
1423282382967246850
1423282383248187399
1423282383428726784
1423282383919271947
1423282384129118208
1423282385601187843
1423282385634742277
1423282385873899527
1423282386138112005
1423282385529933825
1423282386373025803
1423282386486190084
1423282386658230289
1423282386054225933
1423282387077668873
1423282387018928132
1423282387190906887
1423282387300069376
1423282387471847426
1423282388012912649
1423282388017115137
1423282387887136776
1423282388520488963
1423282388734464000
1423282388830867464
1423282388763922432
1423282389854326784
1423282389933957132
1423282390089175041
1423282390105935876
1423282390282031128
1423282390449807375
1423282390726709263
1423282390584020993
1423282390714109959
1423282390613458947
1423282390844071941
1423282390630236168
1423282390697402368
1423282390999306242
1423282391024496652
1423282391146065931
1423282391410384906
1423282391527821320
1423282391859310592
1423282392043712513
1423282391846592514
1423282391867592705
1423282392085762048
1423282394073681922
1423282394056953868
1423282394577080336
1423282394333917184
1423282395529236480
1423282395470393359
1423282395491409928
1423282395130654725
1423282395919355904
1423282395910860813
1423282396099534858
1423282392865796102
1423282396070391808
1423282396074373128
1423282397966073856
1423282397219418123
1423282398221901833
1423282398263791620
1423282399119495192
1423282399027204111
1423282399010557952
1423282399438204949
1423282399413096449
1423282399899787264
1423282400616976384
1423282400600068099
1423282400914669577
1423282401183031299
1423282402194075648
1423282402906963980
1423282403171127309
1423282402734972944
1423282403548622865
1423282403846414339
1423282404010053647
1423282404580491266
1423282404697907215
1423282404634988549
1423282404790214661
1423282405390131200
1423282405092347904
1423282406065250306
1423282407193550852
1423282407835279371
1423282408598683648
1423282408913260544
1423282409911455746
1423282409915568133
1423282410091728906
1423282410456768519
1423282411039825920
1423282411044057088
1423282411358494724
1423282411849224196
1423282411765264384
1423282412033691650
1423282409110265870
1423282412428091392
1423282412390285325
1423282412277039116
1423282413069811712
1423282413665341446
1423282414927765509
1423282415682953216
1423282415930208264
1423282416219684867
1423282416404230153
1423282417125650437
1423282417297616896
1423282417293402123
1423282417452810245
1423282417318563840
1423282417800941583
1423282417293414406
1423282418723680259
1423282418744586257
1423282419193442306
1423282419260526594
1423282419793334278
1423282419780571144
1423282419847729171
1423282420539817993
1423282420871094280
1423282421382844424
1423282421005385733
1423282422020395013
1423282421995167752
1423282422104301572
1423282422377029632
1423282422628556807
1423282418367139843
1423282422888636419
1423282423182151682
1423282423102509069
1423282423614214149
1423282423589081092
1423282423907770376
1423282423643525132
1423282424553766934
1423282425258405906
1423282425522581520
1423282425589768192
1423282425698787334
1423282428009799695
1423282428567724041
1423282428769042442
1423282429209440265
1423282428420919311
1423282429339389956
1423282429591097344
1423282429809201164
1423282429607899137
1423282430346096656
1423282430610317328
1423282430778122264
1423282431088488456
1423282429259747337
1423282431335956489
1423282431830855696
1423282431646343180
1423282432476737538
1423282432602558473
1423282432812281860
1423282433030455306
1423282432871182336
1423282430421573633
1423282433605001220
1423282433806454784
1423282434473291782
1423282435819593736
1423282436054552579
1423282435907756036
1423282436318785549
1423282436369092615
1423282437061283840
1423282436994002957
1423282438051090432
1423282438348808192
1423282438390751239
1423282438583685136
1423282438176792578
1423282439368159232
1423282439602937863
1423282439972003851
1423282440097857544
1423282440198447116
1423282440584396804
1423282440739573760
1423282440479510537
1423282440869539853
1423282441448566784
1423282441993678854
1423282442022965251
1423282442568273929
1423282442945785868
1423282442962538513
1423282442136395776
1423282443285536788
1423282443923062794
1423282443948371981
1423282444774649856
1423282445000974336
1423282445047144452
1423282445366046720
1423282445911085058
1423282446460542980
1423282446485753865
1423282446045376523
1423282447555256326
1423282447681085447
1423282447651803141
1423282449212051469
1423282449614663681
1423282449514065924
1423282449694433286
1423282449828642816
1423282449966981127
1423282450315112453
1423282450289987601
1423282450474487816
1423282450382295048
1423282450206236672
1423282450440986635
1423282450717835266
1423282450893967362
1423282450516439041
1423282451095298059
1423282451695038464
1423282451615404036
1423282452613636100
1423282452538314752
1423282452311678979
1423282452781428737
1423282452802412548
1423282453205057548
1423282453121146895
1423282453595123716
1423282453993512969
1423282454505222156
1423282454740176915
1423282455071449091
1423282455063130114
1423282455214133250
1423282455314796551
1423282455453200385
1423282455608369163
1423282455734210569
1423282456044523529
1423282456103329793
1423282456338178053
1423282456921206793
1423282456837324803
1423282457063743494
1423282457030189070
1423282457705533440
1423282457978179598
1423282458238226439
1423282458967957505
1423282458955456515
1423282459240669186
1423282459228180480
1423282459538444294
1423282459643322369
1423282458594787328
1423282460310315008
1423282460230488074
1423282460243087368
1423282461111250948
1423282460998082565
1423282461476200455
1423282461534932996
1423282461547528199
1423282462063431689
1423282462189264896
1423282462298279954
1423282463065870339
1423282463783063561
1423282463644610562
1423282464085004303
1423282464013778948
1423282463976038423
1423282464999411718
1423282465179721744
1423282465213407232
1423282465129467918
1423282465175576580
1423282465238491147
1423282465561403396
1423282465779576853
1423282466253463561
1423282466748440586
1423282466899386386
1423282467172012063
1423282467155300358
1423282467662745602
1423282467385929745
1423282467859951621
1423282468279361540
1423282468258344979
1423282468463935501
1423282468573093888
1423282468807790593
1423282469617373184
1423282470175313920
1423282470384922624
1423282470384857089
1423282470510686217
1423282470636560388
1423282470963712019
1423282471118901275
1423282471311867913
1423282471496417297
1423282471454580736
1423282472138252288
1423282473518075924
1423282473807409164
1423282474008801282
1423282474096893953
1423282474340085764
1423282474298212361
1423282474331738121
1423282474986008590
1423282474835005452
1423282474788950017
1423282475099328516
1423282475464159232
1423282475585794063
1423282475787227137
1423282475854307338
1423282475971665923
1423282476533772289
1423282476642877440
1423282477901045761
1423282478471688192
1423282477989208072
1423282478454697989
1423282478840573954
1423282479063085056
1423282479280975890
1423282479369113602
1423282479348158466
1423282479310544896
1423282479859859467
1423282479654342658
1423282479759200263
1423282480346320908
1423282480572866568
1423282480618950660
1423282480367374344
1423282479872364554
1423282481420111873
1423282481545969667
1423282482414112777
1423282482485530624
1423282482712125440
1423282482913234953
1423282482883956739
1423282483269804044
1423282483471085576
1423282483450187782
1423282483886387202
1423282484083453966
1423282484721053709
1423282485144731648
1423282485249548292
1423282485496930316
1423282485614370826
1423282485744504832
1423282486050791424
1423282486218350595
1423282486537187329
1423282486855888898
1423282486868594688
1423282487287894018
1423282487422189572
1423282487606734852
1423282487753592833
1423282488269438978
1423282488504328198
1423282488613347332
1423282488848228365
1423282488885997571
1423282489347350529
1423282490047799299
1423282490165260289
1423282490446290951
1423282490244956169
1423282490504990725
1423282490110726151
1423282491108958210
1423282490924535808
1423282491159236609
1423282491138347009
1423282490890883085
1423282491415142412
1423282492103036931
1423282491712933897
1423282492656676868
1423282492824453126
1423282493050933255
1423282492535017477
1423282493059260428
1423282493227081733
1423282493600374802
1423282494405816320
1423282494489600008
1423282495223701504
1423282496469291017
1423282496607715332
1423282497190653958
1423282497039659015
1423282498230886401
1423282498369298440
1423282499136851976
1423282499271069711
1423282499350777856
1423282499522756618
1423282499560480768
1423282499728248844
1423282500072136709
1423282501003333645
1423282499052994567
1423282500709666831
1423282501355667463
1423282501196271619
1423282501355806720
1423282501317922826
1423282500567064581
1423282501884080130
1423282500965654528
1423282501984735234
1423282502983163904
1423282502983032842
1423282502962192384
1423282504459378698
1423282504316850180
1423282503708598283
1423282504597794829
1423282504790732815
1423282504623026196
1423282505025609732
1423282505159876608
1423282505487065101
1423282505197625348
1423282505529004032
1423282507143843840
1423282507273760785
1423282507512901636
1423282507990986753
1423282508175609867
1423282508456620039
1423282508607594498
1423282508565712896
1423282508917985292
1423282509106663424
1423282509400313861
1423282508909752320
1423282509975015439
1423282509975072768
1423282510151159808
1423282510511833106
1423282511489257472
1423282511241629699
1423282511627517961
1423282511874904078
1423282512533475331
1423282511937822733
1423282513108082693
1423282513246494731
1423282513389047809
1423282513217130504
1423282513577873415
1423282513749839884
1423282513733062672
1423282513716203538
1423282515003863046
1423282515112980496
1423282515540807696
1423282515377197067
1423282515414962176
1423282515758907400
1423282516279009290
1423282516350291982
1423282515989647360
1423282516425809931
1423282516748759041
1423282516354469894
1423282517482766348
1423282518183186433
1423282518233534475
1423282518720094216
1423282519646949379
1423282519839895558
1423282519877722115
1423282520477425686
1423282520188141573
1423282520557166602
1423282522020925473
1423282522260078600
1423282522427838478
1423282522260180993
1423282522406866953
1423282522528518147
1423282522897534990
1423282522801147909
1423282523421908995
1423282523518369798
1423282523514163205
1423282523715502087
1423282524327858192
1423282524449480717
1423282525162524678
1423282525657464842
1423282526227820553
1423282526056067072
1423282526785708033
1423282527150686208
1423282526928343056
1423282527276474372
1423282527402291204
1423282527565799432
1423282527704428544
1423282527842672646
1423282528157192202
1423282527985356800
1423282529092648960
1423282529256165382
1423282529914658823
1423282530438901763
1423282530480902146
1423282530820628488
1423282530850013198
1423282530673852417
1423282531424563211
1423282531273646080
1423282531877617672
1423282532221603840
1423282532489981964
1423282533853057029
1423282534222229518
1423282533932965888
1423282534490673153
1423282534608031759
1423282534754914314
1423282534876532741
1423282536466116623
1423282536558460937
1423282536839475201
1423282537015611394
1423282536864649216
1423282537363771399
1423282537518964736
1423282537569263630
1423282537623789583
1423282537535709188
1423282537959510016
1423282538152222725
1423282538097774592
1423282538395496464
1423282538470985737
1423282537875447819
1423282538798223374
1423282538772975616
1423282539406393346
1423282541079891971
1423282540580728837
1423282541063065606
1423282541214060549
1423282541163806736
1423282541302190091
1423282541193203712
1423282541599936515
1423282540677197829
1423282541717454849
1423282541818126343
1423282542011060238
1423282542073970706
1423282541474189325
1423282542380081157
1423282542401134592
1423282544909324299
1423282544829550598
1423282545144201225
1423282545525919744
1423282545450528768
1423282545450307585
1423282545995649027
1423282545848852486
1423282546444484608
1423282546536640528
1423282546901544960
1423282547320975361
1423282548046647314
1423282547937665024
1423282548138921984
1423282548063543296
1423282548373790724
1423282548856160257
1423282548877234176
1423282548990365712
1423282549728632832
1423282549288210432
1423282549816643593
1423282549707612164
1423282550265442319
1423282550341087232
1423282550563295232
1423282550982602757
1423282550869434371
1423282551448391680
1423282551032999941
1423282551372730384
1423282551783759881
1423282552240934929
1423282552198991873
1423282552345747456
1423282552593387520
1423282552828096519
1423282553335603201
1423282553394372617
1423282553998372870
1423282554216480772
1423282554354901003
1423282555181101078
1423282555483156489
1423282555600605189
1423282555646742532
1423282555638280202
1423282555256676368
1423282556112293901
1423282556691091462
1423282556955287562
1423282556737359872
1423282557483773967
1423282557500624896
1423282557710475264
1423282557676785673
1423282558297649152
1423282558310096904
1423282559111233541
1423282559341957120
1423282559392223248
1423282559723610122
1423282559731986438
1423282560088502273
1423282560080048131
1423282560528908299
1423282561850114054
1423282561623547904
1423282562328272898
1423282562454237184
1423282563108392985
1423282563280367617
1423282563624304661
1423282563829751809
1423282563930492928
1423282563808854033
1423282564739960832
1423282565910171654
1423282566358990850
1423282566304473105
1423282566639984640
1423282566728011779
1423282566761566215
1423282567164268548
1423282567323680773
1423282567315341312
1423282567831117833
1423282568317653014
1423282568242163726
1423282568389140480
1423282568950992910
1423282569039138822
1423282569307582467
1423282569076957184
1423282569437614080
1423282569177489411
1423282570058338324
1423282570284863495
1423282570712666129
1423282571203383296
1423282571320778758
1423282571467640841
1423282571798925325
1423282571870281746
1423282572524605444
1423282572809818125
1423282572772057099
1423282572855955463
1423282573921247234
1423282574210834432
1423282575183802370
1423282574466580485
1423282575359971341
1423282575766863872
1423282575875973120
1423282575829659657
1423282576232308748
1423282576572047370
1423282576966373397
1423282576773423107
1423282577377570816
1423282577331265541
1423282577511616522
1423282577574531082
1423282578656661522
1423282579105452056
1423282579088629767
1423282579860459524
1423282580191948800
1423282580569214981
1423282580745457678
1423282580703506440
1423282580850368512
1423282581131472896
1423282581542522880
1423282581668208648
1423282581940801541
1423282581882032137
1423282582196658181
1423282581974388742
1423282582590955530
1423282582829948941
1423282583035518983
1423282583148941312
1423282583333388288
1423282583471722506
1423282583618523137
1423282583937314816
1423282583727607825
1423282584625111052
1423282584906174469
1423282585023692800
1423282585430417411
1423282585925341188
1423282586688786437
1423282587338874891
1423282587586338817
1423282588022542343
1423282588215513099
1423282588156940288
1423282588265840647
1423282588593004549
1423282588735602688
1423282588748115970
1423282588530053133
1423282588303740928
1423282589364678662
1423282589536722958
1423282590073561088
1423282589050179586
1423282590555979776
1423282591503814664
1423282591826915328
1423282592145608704
1423282592095215633
1423282592019718144
1423282591919230978
1423282592371994626
1423282592535785472
1423282592476917772
1423282592648998912
1423282592602673162
1423282592980246537
1423282593391267853
1423282593521278989
1423282593986879499
1423282594196590602
1423282593995186187
1423282595245166592
1423282595274559488
1423282596025303057
1423282595777835008
1423282596176224257
1423282596239142920
1423282595480018956
1423282596742529024
1423282597170323463
1423282597023547397
1423282597077999624
1423282597157752836
1423282597115817987
1423282597820469264
1423282598491549702
1423282598218932233
1423282598214725643
1423282598688796672
1423282598575415298
1423282599246454791
1423282599284281361
1423282599397531649
1423282600307724288
1423282600366559232
1423282600018386944
1423282600639012876
1423282600517513216
1423282600798351366
1423282600861331464
1423282601318522892
1423282601591148555
1423282601268187137
1423282601784090627
1423282601943502848
1423282601658261514
1423282602555830283
1423282603595993103
1423282603486896145
1423282604569022470
1423282603855990791
1423282604241866756
1423282604711714825
1423282604934004738
1423282604648828928
1423282604774547457
1423282604833345536
1423282602371256329
1423282605147910145
1423282605353410571
1423282606074830853
1423282606162857984
1423282606414516233
1423282607366688769
1423282607941316615
1423282607962349569
1423282608071344131
1423282608117452810
1423282608566259725
1423282608780169224
1423282608826327049
1423282608935301133
1423282608910200837
1423282608692031494
1423282608369135624
1423282609187024898
1423282609606447115
1423282609757462534
1423282609883287562
1423282609849651204
1423282610118168576
1423282610181001216
1423282610516545542
1423282611703533574
1423282612890525709
1423282612437590020
1423282612689412096
1423282613163155458
1423282613293182978
1423282613020598273
1423282613016354826
1423282613297455106
1423282613251297294
1423282613259624448
1423282613523869696
1423282614161403906
1423282614236975104
1423282614647934977
1423282614975143947
1423282615600041997
1423282616321527810
1423282616577363978
1423282616623538183
1423282616732581901
1423282616959074308
1423282617516847104
1423282617663823872
1423282617651277824
1423282617697259522
1423282618334777354
1423282618292850690
1423282618515165192
1423282618259415040
1423282618854899721
1423282620389945355
1423282620285161480
1423282620306051080
1423282620746518530
1423282620893302792
1423282620738117641
1423282621103050760
1423282621388230656
1423282622155960320
1423282622378164224
1423282622260711424
1423282622323585040
1423282622923382788
1423282622776582160
1423282622889750529
1423282622013136922
1423282623216951297
1423282623384850432
1423282624894668809
1423282625498648579
1423282624777228289
1423282626044088320
1423282626526277637
1423282626777935890
1423282627306426371
1423282627407073294
1423282627872641043
1423282628124307467
1423282628761997312
1423282629013491714
1423282628292132865
1423282628757622791
1423282629629988864
1423282629646839821
1423282629831381004
1423282629214830604
1423282629827203075
1423282630175330314
1423282630351523840
1423282630431154181
1423282630645137408
1423282631194464257
1423282631244984320
1423282631290982403
1423282631148556288
1423282631165104134
1423282632968654856
1423282631957909511
1423282633564295173
1423282633438498819
1423282633685958656
1423282633652379649
1423282633560240128
1423282633820184587
1423282634243805192
1423282634478678020
1423282634625519616
1423282634805846019
1423282635032301570
1423282634965217287
1423282635183312900
1423282635502022666
1423282635938406400
1423282637150380034
1423282637485973510
1423282637595021319
1423282637804765196
1423282638064812033
1423282638089977859
1423282634822610947
1423282638303883268
1423282638526185485
1423282638643625994
1423282638643548160
1423282639323029511
1423282639700586502
1423282639675351048
1423282637116874759
1423282639948054542
1423282639952355328
1423282640195657728
1423282641797668874
1423282641734815757
1423282641533472781
1423282642028404741
1423282642200432648
1423282640308686872
