1500213624924778496
1500213625054797830
1500213625201516549
1500213625516183554
1500213625600061441
1500213626019495936
1500213627512664068
1500213627894251522
1500213628137619456
1500213628955418632
1500213628221505536
1500213629118922752
1500213629215719424
1500213631811604483
1500213632742793218
1500213633346940931
1500213634261155841
1500213635343429632
1500213636090019842
1500213637117771776
1500213637134397442
1500213637176340484
1500213639646568450
1500213641743790081
1500213642498826243
1500213644214378498
1500213644738576393
1500213644830855168
1500213644809936903
1500213647158697989
1500213648479993864
1500213648995794957
1500213649452900352
1500213650874724354
1500213651495608321
1500213652758020096
1500213653022380036
1500213652997087232
1500213653987020803
1500213653341040640
1500213654339395596
1500213654926598154
1500213655719211008
1500213655966830597
1500213656675438593
1500213657510289410
1500213657589932035
1500213658160410627
1500213658491633665
1500213659347341327
1500213659901083661
1500213659737501698
1500213662300217349
1500213663428395017
1500213664007299074
1500213664523116548
1500213665189879808
1500213667287076864
1500213667899576328
1500213668142854145
1500213668591673350
1500213668792786944
1500213669522722816
1500213669199818759
1500213670235803648
1500213672790179843
1500213673012477952
1500213673910013965
1500213674191032321
1500213675302469632
1500213677424840717
1500213678444060673
1500213679589109763
1500213679526232067
1500213682026000389
1500213682252365824
1500213682177036291
1500213682315448330
1500213682961223681
1500213683116392449
1500213684496474115
1500213684668297221
1500213684903231488
1500213685498822659
1500213685477806080
1500213685985308674
1500213686186696708
1500213686576861188
1500213686752792577
1500213687281340416
1500213688426704896
1500213688908791810
1500213689491857412
1500213690364096516
1500213690754285573
1500213691068858376
1500213692465655814
1500213693619085321
1500213694571204621
1500213694692614147
1500213695753904134
1500213696534126599
1500213696697495552
1500213696739835904
1500213697846775808
1500213699537211392
1500213699914579969
1500213700233412613
1500213701567258624
1500213702041038848
1500213702133436419
1500213702125043725
1500213701936308228
1500213703656067073
1500213704519929856
1500213704633290756
1500213704964689923
1500213705321156618
1500213705191034880
1500213705325395975
1500213705543503875
1500213705811894272
1500213705857929216
1500213706742849540
1500213707200253956
1500213708085096448
1500213710236885004
1500213710744285185
1500213710899449856
1500213710853316608
1500213712392794116
1500213712531173382
1500213712547889154
1500213712656875523
1500213712526974978
1500213713764519936
1500213713973829634
1500213714703851527
1500213715630800899
1500213715676893194
1500213717023264784
1500213717555978240
1500213718357102610
1500213718822514690
1500213718768103434
1500213718872907780
1500213719007211520
1500213719657238534
1500213720022142977
1500213720923971587
1500213721158803458
1500213721980940294
1500213722131972100
1500213723859980289
1500213724405276679
1500213726548475910
1500213727437770752
1500213727496491012
1500213727953571845
1500213728997904385
1500213729165672448
1500213731304873984
1500213731661336578
1500213731833298950
1500213732223459328
1500213732802187274
1500213733196447751
1500213733708255233
1500213733250908160
1500213735432114179
1500213735297851405
1500213735486640129
1500213735536922629
1500213736119967756
1500213736157626376
1500213737441136642
1500213737516453891
1500213739123052545
1500213739915730951
1500213740377030658
1500213740503019520
1500213740997943297
1500213741438128129
1500213741618671623
1500213742071648260
1500213742126182402
1500213743955095552
1500213744449646594
1500213741987811334
1500213745032781832
1500213747331252227
1500213747511611397
1500213747973070851
1500213748912566272
1500213749164089347
1500213749789114373
1500213751097798659
1500213751303516161
1500213752834281476
1500213752951627780
1500213753434058759
1500213755354955782
1500213756202209280
1500213756739178504
1500213757410267141
1500213758303649796
1500213760232992781
1500213760186720260
1500213761730387968
1500213762267172871
1500213762447626244
1500213762829258756
1500213762896375815
1500213764930641922
1500213765253615627
1500213765383626759
1500213765639442434
1500213766738169856
1500213766851547144
1500213767392489473
1500213767824683016
1500213767933734923
1500213769171083268
1500213769103941637
1500213769141694480
1500213771029078020
1500213770957828097
1500213771264225280
1500213772136640512
1500213772715274246
1500213773851897859
1500213774141341706
1500213774464466944
1500213775496101903
1500213776099860480
1500213776326529026
1500213779799293953
1500213780973854721
1500213781410033665
1500213781464555521
1500213781892268032
1500213783943389188
1500213784451100674
1500213784992002059
1500213785704943630
1500213786371932160
1500213787240337408
1500213787407917056
1500213788024487950
1500213788771037194
1500213789173567489
1500213789177876480
1500213789215571968
1500213791581257728
1500213792499769350
1500213792369635328
1500213792889790472
1500213793670021120
1500213795096043520
1500213795070918661
1500213795729326087
1500213796077375489
1500213800787660807
1500213801039368194
1500213801211334658
1500213801538539521
1500213802876477443
1500213802943627264
1500213805103529984
1500213805900611588
1500213806294867975
1500213809620922378
1500213809973276681
1500213811063640065
1500213811416080386
1500213811567120388
1500213811789578240
1500213812221431814
1500213812649070593
1500213812796047365
1500213812921880579
1500213813387284480
1500213812716134402
1500213815274729472
1500213815262154754
1500213815618637826
1500213816382169097
1500213816386211840
1500213816969342979
1500213818118610948
1500213818160340992
1500213818722562051
1500213819469361152
1500213819649536003
1500213820467331074
1500213820945481736
1500213821440360451
1500213821847347207
1500213821797015554
1500213824967753730
1500213825005662214
1500213826280730624
1500213827539017728
1500213828201680897
1500213830164516864
1500213830529568773
1500213830952964098
1500213831292829699
1500213831234031617
1500213832031121412
1500213831360040966
1500213832446185473
1500213832639205379
1500213833578725381
1500213832693731332
1500213836351254533
1500213836007231492
1500213836875448326
1500213837487824898
1500213837508710402
1500213838196600833
1500213838959955970
1500213840830779393
1500213841577357312
1500213842101551106
1500213842093166592
1500213842827255814
1500213843477291012
1500213845427736579
1500213846082002945
1500213846887346176
1500213846891548676
1500213847549890562
1500213848153989123
1500213850385403913
1500213851077242880
1500213853061529600
1500213853837160449
1500213854978166784
1500213854860722180
1500213855607267330
1500213855951089666
1500213855988899848
1500213856261582851
1500213856852865025
1500213856479629313
1500213858622976006
1500213858992107525
1500213860174864390
1500213861944807427
1500213861957386248
1500213862683254785
1500213864125849610
1500213864398565394
1500213866373861376
1500213866336292872
1500213866780839939
1500213869175881728
1500213870027231242
1500213870795051008
1500213871113830400
1500213871608578056
1500213871973478410
1500213872774553607
1500213873026248708
1500213875932811274
1500213876155027456
1500213876238991367
1500213877493370882
1500213877723783175
1500213878440935425
1500213878982070275
1500213880206893060
1500213881213313024
1500213881624432640
1500213883008659460
1500213884418162688
1500213884715732998
1500213884761739264
1500213885458165763
1500213885646917641
1500213888679387139
1500213889790840843
1500213890898329600
1500213892324151300
1500213894677241859
1500213895016951810
1500213895449001985
1500213896703004678
1500213896862437377
1500213897827168267
1500213898603020288
1500213899198865408
1500213899253190660
1500213900926722049
1500213901497151488
1500213900909981712
1500213904206712835
1500213904768704513
1500213905343361032
1500213905360142339
1500213906777722888
1500213906962362371
1500213908082200581
1500213910200332288
1500213910586204166
1500213910661591041
1500213911001309184
1500213910766436352
1500213910854684673
1500213911689338882
1500213911987322880
1500213913182478342
1500213913442570240
1500213913861988364
1500213914507915270
1500213914302308352
1500213915737018368
1500213916546199552
1500213917750116354
1500213918068793346
1500213918140186626
1500213918182129666
1500213918328766470
1500213918718828545
1500213919389868034
1500213919243251715
1500213921315270665
1500213921474441217
1500213922007236617
1500213922741121024
1500213922804211719
1500213922976223235
1500213924339273730
1500213924611837953
1500213925886967811
1500213925949976579
1500213926444904452
1500213926532812801
1500213927191404545
1500213927552106498
1500213927380197382
1500213928458178561
1500213928680468491
1500213929385107459
1500213929435402246
1500213929502556168
1500213930446049280
1500213932971155464
1500213933826658306
1500213934145556484
1500213934967738376
1500213935823220736
1500213936418873344
1500213937479962625
1500213937664528384
1500213938499342346
1500213938566275072
1500213938738323462
1500213938805305347
1500213939560280064
1500213940944613377
1500213942156771332
1500213942680834048
1500213943159111686
1500213943176146944
1500213943758999552
1500213945512218632
1500213947839963136
1500213949161263104
1500213949286924289
1500213950419451905
1500213951350591496
1500213952244072449
1500213952973791237
1500213954194427906
1500213956857634816
1500213958136979459
1500213958334050304
1500213958317264898
1500213959936606208
1500213960515067905
1500213960976396289
1500213960490037249
1500213961534418955
1500213963413651456
1500213964839350277
1500213966114639887
1500213966651346945
1500213966898880522
1500213967561453573
1500213968211791880
1500213968228560898
1500213971567190019
1500213971600621573
1500213971521089536
1500213972720627716
1500213973152632835
1500213976503885826
1500213976533454848
1500213977225310210
1500213977707548672
1500213977909018626
1500213978471047170
1500213978756104192
1500213978873712647
1500213980437966848
1500213980777877512
1500213980786315270
1500213980928819203
1500213981537091587
1500213981327233025
1500213982015201280
1500213982719844352
1500213983772647425
1500213984485855234
1500213984892530700
1500213985886584834
1500213986595418112
1500213987463495680
1500213987413311494
1500213988252319744
1500213988264611840
1500213989581758473
1500213990575726603
1500213990588301319
1500213992165294082
1500213992337387526
1500213993331474432
1500213993742290945
1500213993989816321
1500213994946281474
1500213995017547778
1500213995302653952
1500213996170842113
1500213997185880064
1500213999857766405
1500214000344313863
1500214000780554241
1500214001237696512
1500214001522778114
1500214004165365761
1500214006476333063
1500214007596126208
1500214008200187908
1500214008502276100
1500214008854593541
1500214009290760196
1500214008896376832
1500214010075299840
1500214010444189696
1500214010767159296
1500214010821722114
1500214012365373441
1500214012851671050
1500214015049756672
1500214015980539905
1500214017607954434
1500214019466022912
1500214019814268937
1500214019994513408
1500214020367917064
1500214020619444226
1500214020711718914
1500214021533970438
1500214022825644033
1500214023215853571
1500214023383564288
1500214024121860110
1500214024897712130
1500214025698914305
1500214026818977793
1500214026952978435
1500214027091431430
1500214027204669458
1500214027900833802
1500214028181798917
1500214028538363910
1500214029289246726
1500214029490524167
1500214029557673985
1500214030681714690
1500214030849347584
1500214031004622852
1500214031151288322
1500214031247806464
1500214031256371200
1500214032124497926
1500214033063890946
1500214033428848640
1500214034603331585
1500214034729209857
1500214037921300482
1500214038378262533
1500214038353043456
1500214039762329615
1500214040378945540
1500214041389637635
1500214041679216641
1500214043642142724
1500214045278097408
1500214045412057089
1500214046078996480
1500214047580504065
1500214049803546625
1500214050101284866
1500214050684346370
1500214051296657413
1500214051699314694
1500214052676673540
1500214054476029953
1500214054878654470
1500214057244233736
1500214057793507329
1500214057910951936
1500214059383283725
1500214061258182662
1500214061371383808
1500214061681811460
1500214061946085376
1500214062256320512
1500214063481036801
1500214066241052678
1500214066781962240
1500214066513870850
1500214068254101508
1500214069005099010
1500214069277642752
1500214069730504709
1500214070565167105
1500214070699790337
1500214070959644676
1500214071416668160
1500214071899033601
1500214072448532480
1500214073367142408
1500214074256334850
1500214074906398720
1500214075934089221
1500214077410455552
1500214078748315648
1500214079851577349
1500214080459743238
1500214081663295489
1500214082166792193
1500214085056610309
1500214084947439618
1500214086226829312
1500214087464095745
1500214087552282635
1500214087464017920
1500214089032904704
1500214089456492550
1500214089569783811
1500214089502666752
1500214089926074371
1500214089825624065
1500214090798714885
1500214090756673544
1500214092040224769
1500214092841246720
1500214093181075465
1500214093797634055
1500214094166589444
1500214094799855617
1500214094967750659
1500214098788859905
1500214098998398976
1500214099053248512
1500214099535351813
1500214099581431811
1500214099774521345
1500214101012017152
1500214101221384194
1500214101397553153
1500214101267599364
1500214102635040772
1500214103884849157
1500214105222914056
1500214106309238788
1500214107156488193
1500214107420696577
1500214107663966218
1500214111707217921
1500214111917031427
1500214113305124864
1500214113808445443
1500214114035060739
1500214114114752520
1500214115964489734
1500214117537177600
1500214117843546112
1500214118833442821
1500214118321573890
1500214120339374081
1500214121249320962
1500214121811394565
1500214121610031112
1500214121995902978
1500214122029355011
1500214122276966402
1500214123941949440
1500214124076171265
1500214125414080516
1500214125321936896
1500214125351391240
1500214128429969409
1500214128643874820
1500214129445019654
1500214129365336071
1500214129902108679
1500214129910595587
1500214131332304896
1500214132112560128
1500214131789484034
1500214132972433416
1500214133387673605
1500214134897586189
1500214135245651968
1500214135723900932
1500214136042663944
1500214136440905728
1500214138106265602
1500214138655682564
1500214140060585989
1500214140182282240
1500214141046476800
1500214141461700612
1500214142304718851
1500214144460636164
1500214144431104002
1500214145693720587
1500214145937027078
1500214148080230407
1500214148738736138
1500214148877193220
1500214148269027335
1500214150169042947
1500214150169038849
1500214152215896071
1500214151960199168
1500214153369333760
1500214153449021442
1500214153725702147
1500214154333884420
1500214154606661637
1500214156787478528
1500214156867215360
1500214156825354240
1500214157169287176
1500214157202931713
1500214157756416000
1500214158587011076
1500214158989606919
1500214158977081352
1500214160063451145
1500214160243765250
1500214160440893443
1500214160512241665
1500214161225232387
1500214162009559053
1500214163217518599
1500214163959959557
1500214164421328900
1500214166878965761
1500214169093607425
1500214168934363138
1500214169450295303
1500214169601200144
1500214171211743232
1500214171778101248
1500214172507729920
1500214172499558401
1500214173871099910
1500214174810394625
1500214176672854021
1500214178245664772
1500214178899906562
1500214177209724930
1500214179856371714
1500214181055848450
1500214180955271172
1500214182171586566
1500214183773802500
1500214184503611393
1500214185296539648
1500214186583994369
1500214188471422986
1500214191889727489
1500214192103575552
1500214194163040260
1500214194918117377
1500214194968408072
1500214197275140096
1500214197501800454
1500214198541893634
1500214199015858178
1500214199846375427
1500214199858962436
1500214200697860099
1500214201347973122
1500214203700985857
1500214203864711168
1500214203755368449
1500214204720201728
1500214212286627842
1500214212680949760
1500214212584345602
1500214212802625536
1500214213876330507
1500214213939445763
1500214215931572224
1500214215637929990
1500214216589987847
1500214216451633155
1500214216175001600
1500214217223262212
1500214217408118784
1500214217689149441
1500214218506883083
1500214218766929920
1500214219039551488
1500214220172021760
1500214220423581702
1500214220662607872
1500214220918513666
1500214222105493510
1500214222462103556
1500214222264971266
1500214222852079616
1500214223690887168
1500214224651534337
1500214226383785988
1500214227277074437
1500214229323988993
1500214230544490510
1500214232213692419
1500214232603930628
1500214237024505863
1500214237758558212
1500214239109074944
1500214240182996997
1500214241034440712
1500214242619707392
1500214242678616064
1500214242888192002
1500214242942849030
1500214243534192640
1500214244029181955
1500214244897398787
1500214244884692993
1500214247799894017
1500214248235954181
1500214248160432131
1500214249792376832
1500214250165489667
1500214250702139396
1500214253453819906
1500214255450218496
1500214257752891392
1500214258612596737
1500214263079657474
1500214263020986369
1500214264002494468
1500214264770056199
1500214267957624832
1500214268330917892
1500214271271124999
1500214271619190786
1500214271900360704
1500214274123350016
1500214274169266176
1500214274668601346
1500214275125780489
1500214275658305537
1500214276450971648
1500214276434239488
1500214276748763137
1500214276795076611
1500214277571031042
1500214283510165510
1500214284005036032
1500214284919488521
1500214285502488576
1500214285355597824
1500214286353895427
1500214286798319617
1500214287704289280
1500214288660717574
1500214288795025409
1500214289587703819
1500214290346692608
1500214290816684040
1500214292402122753
1500214292368412672
1500214292343365635
1500214292573868035
1500214292720898050
1500214292767023112
1500214292615938055
1500214293974827008
1500214294889345031
1500214295187050496
1500214296705392642
1500214297284288512
1500214297254895617
1500214297695240192
1500214299058343936
1500214299737788416
1500214302565081090
1500214303672057856
1500214304490266624
1500214305060364290
1500214305236520962
1500214305555300354
1500214307606302722
1500214308399202308
1500214308634075138
1500214308872982530
1500214311037325313
1500214310957637640
1500214312106958855
1500214312484356102
1500214313176416257
1500214313356832773
1500214313528672256
1500214315919499265
1500214316724899843
1500214317257482247
1500214317593022468
1500214318591524864
1500214318679396360
1500214319237275650
1500214320701087748
1500214322349457414
1500214322336780291
1500214322387111939
1500214323020447748
1500214323809079311
1500214324371103746
1500214322504421377
1500214324542988301
1500214324517916682
1500214325155287040
1500214325323001858
1500214326069628928
1500214326640132099
1500214327852232704
1500214328447827969
1500214329458802694
1500214329999691776
1500214330033377289
1500214330175934467
1500214331451101184
1500214331664998401
1500214332625457153
1500214332659048448
1500214333153886210
1500214333866971136
1500214333514686469
1500214334131220481
1500214334588215296
1500214334634536962
1500214335016030213
1500214335817367553
1500214335854972929
1500214336001822727
1500214336966512642
1500214337117384704
1500214338145169408
1500214339944341506
1500214340401643528
1500214341290897418
1500214341773189121
1500214341437726723
1500214342725169154
1500214343748800522
1500214343941726219
1500214344969113600
1500214345568980992
1500214345581670402
1500214345770414081
1500214347477528580
1500214347691270144
1500214348572205059
1500214348710559763
1500214349142630412
1500214349662593032
1500214349784391685
1500214350086348807
1500214350253998080
1500214350983823364
1500214352472727552
1500214353601220609
1500214354058399747
1500214354301657092
1500214355861905408
1500214357237637129
1500214357942280197
1500214359007576066
1500214359406133252
1500214362568544256
1500214362618880000
1500214363701002242
1500214364204408835
1500214364032454656
1500214364422430724
1500214364741193737
1500214367438184452
1500214368125915137
1500214368344199170
1500214368952369156
1500214369128386561
1500214369493344258
1500214370030141441
1500214372139814914
1500214372249083910
1500214372198760449
1500214374509776902
1500214374467883013
1500214374929080320
1500214376179056646
1500214377294688256
1500214378616000517
1500214380444766229
1500214380708904965
1500214380922691585
1500214381031927812
1500214381031927809
1500214381728124931
1500214381694566400
1500214381891645441
1500214383007256580
1500214383422885888
1500214383338823682
1500214383603027975
1500214384307720194
1500214385326837765
1500214386438328329
1500214387763662854
1500214390330740736
1500214390334935045
1500214390590562305
1500214391345750021
1500214392939741185
1500214393937620995
1500214393962909697
1500214395984613376
1500214395900678149
1500214395749773313
1500214398450901005
1500214398820003841
1500214401420480524
1500214402808795140
1500214403064545281
1500214403454705667
1500214404075372545
1500214404373258243
1500214405098844162
1500214406164234243
1500214406487187459
1500214407057788928
1500214406826889221
1500214407300718592
1500214407162654720
1500214407707914240
1500214408139751428
1500214408219344897
1500214410329133059
1500214411344101376
1500214411847426050
1500214412422045697
1500214413319712771
1500214412636037122
1500214413764222981
1500214414322151425
1500214414884016129
1500214415584595977
1500214415777542151
1500214416725397504
1500214416364560386
1500214417098788868
1500214417404805120
1500214418885513227
1500214418583416832
1500214419556421633
1500214421431402504
1500214421716705280
1500214423033634819
1500214422958223360
1500214423482691584
1500214423624904705
1500214423843188737
1500214423700795394
1500214425051148296
1500214425785188354
1500214426540122112
1500214428129632261
1500214428331089923
1500214429065134083
1500214429161504769
1500214429719437320
1500214430587572227
1500214430512132107
1500214430801580033
1500214430453231620
1500214430189064192
1500214434287005699
1500214434765148166
1500214434891026447
1500214435713011712
1500214439584448519
1500214439890460672
1500214440947453952
1500214441320886275
1500214441652195328
1500214441648050180
1500214442021298178
1500214442046464007
1500214442168102914
1500214442029682690
1500214442830839810
1500214443652927492
1500214443199791107
1500214443749302277
1500214444579770385
1500214444902817792
1500214445502603268
1500214445707960322
1500214446048026624
1500214446186106880
1500214446589116416
1500214446979002374
1500214447838744581
1500214447968763914
1500214448555970571
1500214448572833797
1500214448786657287
1500214448807550978
1500214448614780935
1500214449726234624
1500214450460270595
1500214451152334853
1500214451256971268
1500214452578570240
1500214454583271432
1500214455707344897
1500214455937945605
1500214457418584065
1500214458496565254
1500214461487063043
1500214461374013441
1500214462523052039
1500214462636302338
1500214462799925250
1500214462262898688
1500214464616058882
1500214466012942336
1500214463814942727
1500214466415366150
1500214466251608064
1500214467002462208
1500214466977452041
1500214467086462978
1500214468202143747
1500214469766516737
1500214470936645636
1500214472006193154
1500214471930826756
1500214470932672517
1500214472274759692
1500214472442626049
1500214472320954370
1500214473155563521
1500214473306648579
1500214474774650886
1500214474833383440
1500214474959118342
1500214477710626830
1500214480378023944
1500214480524824576
1500214481300905984
1500214482743742467
1500214482903044099
1500214483800805381
1500214484056657921
1500214484362829826
1500214484534759428
1500214483628740626
1500214485218471943
1500214485025394688
1500214486279491584
1500214486556360708
1500214487756210176
1500214487651127303
1500214488045346816
1500214488150253571
1500214489320509453
1500214489803026435
1500214490478043138
1500214490608156675
1500214490696142862
1500214491010768905
1500214491287625730
1500214491606360065
1500214492306808838
1500214494253002757
1500214495133712385
1500214496509444098
1500214496807333892
1500214499101405184
1500214499147538434
1500214500011782148
1500214502280753152
1500214502545326081
1500214504168337413
1500214503945998340
1500214505472671745
1500214506257109003
1500214506575872002
1500214507276505088
1500214507594915841
1500214507850932227
1500214508572364807
1500214509159526400
1500214509801193479
1500214509839044610
1500214511713804288
1500214513165115395
1500214513488039941
1500214514209509378
1500214515992076291
1500214516692439043
1500214519427072002
1500214519578177543
1500214520601473024
1500214520748265473
1500214521595580419
1500214522879311873
1500214523352989700
1500214523915083780
1500214524112252930
1500214524313759744
1500214524745551872
1500214528797442048
1500214528952479746
1500214529325686794
1500214531229995014
1500214531494080512
1500214531771236352
1500214532727353348
1500214533272621057
1500214534115631105
1500214534979600393
1500214534992240643
1500214535478784019
1500214535764193281
1500214537257205760
1500214537575931911
1500214536527392769
1500214538892840961
1500214539043938312
1500214539148795906
1500214539295637519
1500214541132644354
1500214542546182148
1500214542902640648
1500214542986530828
1500214543145914368
1500214543364018181
1500214543313780747
1500214544274235397
1500214544739848193
1500214545310228481
1500214546727940108
1500214546799202311
1500214547306659844
1500214548585975816
1500214548732723206
1500214549441560581
1500214550297300994
1500214550377168896
1500214550951514113
1500214552457318411
1500214553187135504
1500214555137523715
1500214554965331968
1500214555774840833
1500214555976286209
1500214556404060165
1500214558253854737
1500214558501347328
1500214558857777159
1500214559839244289
1500214560124551177
1500214559587676161
1500214561588359169
1500214563396067339
1500214563479818240
1500214564687917057
1500214564658503682
1500214566013313029
1500214566055120897
