1502749458265567232
1502749459264032771
1502749459612147713
1502749459771531279
1502749459721043970
1502749461587828737
1502749462178910211
1502749462472523777
1502749463047143424
1502749464271986696
1502749464682921984
1502749464989216768
1502749466557706241
1502749466964729866
1502749467140935682
1502749467388305408
1502749467728097284
1502749468231307266
1502749470362304513
1502749470810943489
1502749470597033984
1502749471976955904
1502749472685961216
1502749472874381316
1502749473759539200
1502749476217401347
1502749476087238657
1502749476657963008
1502749476636745732
1502749480059387904
1502749480092848141
1502749480143175683
1502749481661464581
1502749481921560581
1502749484425560078
1502749485411229702
1502749485516034050
1502749486132731909
1502749486614913026
1502749487487406081
1502749488552853504
1502749488603332608
1502749493200134148
1502749493762019329
1502749494517116938
1502749495267938307
1502749495280422921
1502749495909572613
1502749495893049345
1502749499789303811
1502749500343005194
1502749501550907400
1502749501534130185
1502749501286617089
1502749501819338756
1502749505451540482
1502749505799790594
1502749506617683973
1502749506860994565
1502749508303794178
1502749509746536451
1502749509780230145
1502749510958649347
1502749511562588160
1502749510824787968
1502749512460296195
1502749512594432005
1502749512783253504
1502749512980475904
1502749513848606722
1502749514385534982
1502749516855922694
1502749517103382547
1502749517296246785
1502749517489266694
1502749517569212417
1502749517984239629
1502749518596648961
1502749518714089472
1502749518634356736
1502749520618307584
1502749521821855746
1502749521910116354
1502749521805144065
1502749523080265745
1502749523386458115
1502749524464312323
1502749524531441666
1502749525328416774
1502749524871237634
1502749526490169348
1502749526398058501
1502749527530430468
1502749527010381831
1502749529233563649
1502749528692252675
1502749529929654272
1502749529782685696
1502749530902741000
1502749531116552193
1502749531611762691
1502749534509797376
1502749534899867660
1502749536523063296
1502749536585801732
1502749536690839558
1502749537487704066
1502749537907228679
1502749538028826625
1502749539228430340
1502749540004384773
1502749541162008584
1502749544458633217
1502749544689246208
1502749544978726916
1502749547805650945
1502749547797397507
1502749548220923912
1502749548787118080
1502749549328310272
1502749549164642309
1502749550167183360
1502749551064920064
1502749551224143875
1502749553543757824
1502749554692698112
1502749555103875076
1502749555980484612
1502749556647288835
1502749556701732865
1502749556680835074
1502749557662310406
1502749557662355456
1502749558228635653
1502749558505279489
1502749558505238529
1502749558530781184
1502749559151341568
1502749560321593346
1502749560464158725
1502749560472539140
1502749561026232323
1502749563010002945
1502749563274280961
1502749563882557443
1502749565102960641
1502749564993945611
1502749567556665350
1502749569431613440
1502749569737797641
1502749570928812033
1502749570991677441
1502749571679764483
1502749571646119942
1502749572162015232
1502749572455616512
1502749573260881920
1502749573768429568
1502749575953608705
1502749576578560000
1502749576041803792
1502749576872218626
1502749579829293059
1502749579753795587
1502749580194111499
1502749580626120706
1502749581129437189
1502749582333259780
1502749582723321865
1502749583365054466
1502749583792918541
1502749583700541448
1502749585025941509
1502749586879827969
1502749587790090250
1502749589291651075
1502749589803175938
1502749590608613376
1502749591271350277
1502749591615201281
1502749592009551880
1502749593527803906
1502749594958147584
1502749595255947271
1502749595289403394
1502749598091206662
1502749598238060544
1502749598921764869
1502749598569402371
1502749600255512576
1502749600607883267
1502749600914018305
1502749601346076673
1502749601811554310
1502749602235232256
1502749603199963140
1502749604105887756
1502749604332380164
1502749605280296966
1502749605359927299
1502749604902674434
1502749606106521607
1502749609449381889
1502749609575202823
1502749609730449409
1502749610061840384
1502749610686701569
1502749610850373635
1502749611211042816
1502749611609497614
1502749611856838656
1502749612406448128
1502749613127831560
1502749613236838401
1502749614361006080
1502749614629392384
1502749616160538624
1502749617083109378
1502749617590480897
1502749618974695434
1502749619331256324
1502749620052508673
1502749620115542018
1502749620035719170
1502749620354621446
1502749620337881095
1502749620300136455
1502749620836909065
1502749621092769793
1502749621310828545
1502749621445173249
1502749621692608514
1502749622732791812
1502749623647092740
1502749623290580995
1502749624129445900
1502749624616079361
1502749626251755522
1502749629359616002
1502749631112888320
1502749631381442570
1502749632220200965
1502749632656740352
1502749632866095107
1502749633264508930
1502749633562525697
1502749633704910849
1502749633101152258
1502749634460106762
1502749636582326277
1502749637106569216
1502749637047955458
1502749640050954246
1502749641384738816
1502749641577697280
1502749642991312898
1502749643398123523
1502749643478020096
1502749644287356928
1502749644228595716
1502749647407771648
1502749647575658511
1502749647814623232
1502749648024481793
1502749648188055552
1502749649056124928
1502749650620616706
1502749650759172099
1502749651732406273
1502749651698651137
1502749652009037825
1502749652214501385
1502749654676652034
1502749655654100992
1502749656211677190
1502749657100963842
1502749661391736837
1502749662373101569
1502749662285078535
1502749664868663297
1502749666118672402
1502749666714132481
1502749667225788417
1502749667607539712
1502749668278562817
1502749669373358080
1502749669490937857
1502749669952270341
1502749670338179076
1502749670476451841
1502749670489137165
1502749670849724416
1502749671189528576
1502749671248347146
1502749671713914886
1502749672510795782
1502749672670208001
1502749673236406276
1502749674436009986
1502749674490372100
1502749675513913346
1502749675732017160
1502749675761328135
1502749675903807488
1502749676252114945
1502749677145448457
1502749678156365825
1502749678005370880
1502749678114422784
1502749678319783937
1502749678785515533
1502749679561310209
1502749679804719106
1502749681658515459
1502749681897512960
1502749681675345926
1502749683034177536
1502749683772448776
1502749683978055683
1502749684384907264
1502749684493914117
1502749686003765249
1502749687375437830
1502749688193241088
1502749688453341193
1502749689245929473
1502749689833164800
1502749690063998982
1502749690521128961
1502749690944753672
1502749690793762820
1502749693427818498
1502749693486542853
1502749694610616330
1502749696707674117
1502749698934906888
1502749699022983170
1502749700784476160
1502749701765959683
1502749701757562882
1502749702625787907
1502749702546206722
1502749702873255936
1502749703242678272
1502749703808897026
1502749703728902147
1502749704626614272
1502749704886575114
1502749704836517891
1502749707503693828
1502749707973632004
1502749708103606273
1502749708271468549
1502749708619599877
1502749710116741123
1502749710125342729
1502749710595117070
1502749712226545664
1502749712360779777
1502749713006829568
1502749713266786306
1502749714407731200
1502749714676027393
1502749716894814210
1502749716865773568
1502749720191643652
1502749720837431297
1502749722490122245
1502749722594873344
1502749722657886209
1502749722532093956
1502749722913951747
1502749723056386055
1502749724125896710
1502749724268503050
1502749725166084098
1502749725774258176
1502749725728120837
1502749726504067082
1502749727380500483
1502749727720415235
1502749728760647683
1502749729213583364
1502749729956012032
1502749731319132161
1502749732048969730
1502749732548100096
1502749735156862985
1502749735521763337
1502749736570347524
1502749737606434818
1502749740294885379
1502749740181643270
1502749743318896642
1502749744497500163
1502749745609117705
1502749746183778304
1502749747320397833
1502749750222753796
1502749751124500481
1502749753360199681
1502749754576576518
1502749755188908034
1502749755780313094
1502749756522651664
1502749757332094980
1502749757294333952
1502749758061957125
1502749757885796355
1502749759320121345
1502749759467098117
1502749759647502337
1502749760448393218
1502749760347938817
1502749760897400834
1502749761723682823
1502749762533027840
1502749763271278601
1502749763938099200
1502749764462514178
1502749764521234443
1502749764714070016
1502749765003583497
1502749765746020355
1502749765934600193
1502749766077329409
1502749767159496711
1502749769122336773
1502749769894178820
1502749771240558609
1502749772423176192
1502749772679204871
1502749773413040130
1502749774042509315
1502749775967535114
1502749776252653582
1502749776982421504
1502749776403648512
1502749777385172996
1502749778341347329
1502749779012562951
1502749778723057664
1502749779197014017
1502749781017255937
1502749782028161024
1502749783479496708
1502749784301576197
1502749784884465665
1502749785261936642
1502749785412935686
1502749785954082816
1502749786105077764
1502749787568889860
1502749788911116294
1502749789196222466
1502749792073568258
1502749792434540545
1502749792593657859
1502749793101131776
1502749793101447168
1502749794644725766
1502749794510512133
1502749794829312005
1502749795089149952
1502749797249212421
1502749798830596103
1502749798969008135
1502749799514210308
1502749798394478592
1502749800139264002
1502749800663760896
1502749801225801729
1502749801909301259
1502749802827722753
1502749802936815619
1502749809144381442
1502749810096492544
1502749810826399744
1502749812319571971
1502749812482969600
1502749812797681679
1502749813317804033
1502749813225496584
1502749813783285763
1502749814341181443
1502749816140488704
1502749818694819847
1502749818837671936
1502749819009392653
1502749820229873664
1502749821916139525
1502749822390046724
1502749822499045384
1502749823124054018
1502749823472177152
1502749824768258060
1502749825309327363
1502749825951219714
1502749825858781193
1502749826592788480
1502749828182425604
1502749830434672641
1502749830291984387
1502749832418672641
1502749832707981312
1502749833005871115
1502749833534267392
1502749834087907332
1502749834813476865
1502749837560893449
1502749838043238408
1502749837871230982
1502749838974365698
1502749840584974337
1502749842421989376
1502749844246605839
1502749849355276291
1502749849036500994
1502749849774530564
1502749850848399370
1502749851649515524
1502749852266029058
1502749853029482500
1502749854694612995
1502749854937743360
1502749855675990023
1502749856225447939
1502749856821035012
1502749856808415232
1502749859413114880
1502749859836841987
1502749862907068432
1502749863024410626
1502749863104155654
1502749863574130688
1502749866140880904
1502749866040205313
1502749866333814788
1502749868401508353
1502749869273976841
1502749870188236800
1502749870913818624
1502749872004472840
1502749873338261506
1502749873636093954
1502749874118406146
1502749875229933571
1502749875892637703
1502749876190613504
1502749876521742336
1502749877389959171
1502749877767483397
1502749880380391428
1502749882351820806
1502749882066604035
1502749883480039432
1502749883798802434
1502749884574842887
1502749884927119362
1502749885040594947
1502749885564653574
1502749885711462400
1502749885933797381
1502749886344622082
1502749885556314120
1502749887007531008
1502749890543296515
1502749891335909376
1502749890983649284
1502749894100066304
1502749894301396998
1502749894376783874
1502749895425462274
1502749896964681730
1502749897413562379
1502749898680197126
1502749902564114433
1502749903058964482
1502749903042363394
1502749903696629766
1502749906011713537
1502749906804436993
1502749906808807431
1502749907022757890
1502749912097689600
1502749912911523848
1502749913192427521
1502749913792528385
1502749915583328263
1502749915922972678
1502749916052918272
1502749917185556489
1502749919496777728
1502749919953698822
1502749921149177866
1502749921350410249
1502749921421799426
1502749921748955144
1502749921925074951
1502749923070164992
1502749923665747972
1502749923909029894
1502749924760469511
1502749925045637124
1502749926442225666
1502749927146987528
1502749927335763968
1502749928313004032
1502749928992346114
1502749929084637185
1502749929541804038
1502749929298530305
1502749930431172608
1502749932536610821
1502749932754771979
1502749933232967684
1502749933702721545
1502749935640489996
1502749936034758663
1502749936538243073
1502749936961654793
1502749937993338880
1502749939142733826
1502749939545391107
1502749939868254215
1502749940052811782
1502749940753305604
1502749940753252357
1502749941260861448
1502749941596311561
1502749943974731776
1502749944263938049
1502749943856971778
1502749944725319690
1502749947040468992
1502749947489366026
1502749947829145608
1502749948097568768
1502749952262426624
1502749953872986116
1502749953931845642
1502749954460291072
1502749954690805762
1502749955563339777
1502749955915763715
1502749956146348038
1502749958235115523
1502749958855921667
1502749958948245507
1502749959438970880
1502749959787106306
1502749959766032388
1502749960919465994
1502749961401819143
1502749962173665282
1502749963452928015
1502749964463579142
1502749967525416960
1502749969832423426
1502749970042003457
1502749970415472641
1502749971162013699
1502749972067987459
1502749971996631040
1502749972432711680
1502749972374204426
1502749972323786752
1502749973330509824
1502749973351436291
1502749974676844547
1502749975012425728
1502749975435890688
1502749975788154880
1502749979181527051
1502749980754382849
1502749981761052672
1502749982222426112
1502749985116409864
1502749985162641410
1502749985691078656
1502749986047639558
1502749986336956431
1502749986915713024
1502749985107894275
1502749987565887492
1502749987620327425
1502749988203364353
1502749988203421696
1502749990304817158
1502749990871089154
1502749991756079108
1502749991961792512
1502749994754973700
1502749996315258882
1502749996445220870
1502749994952052745
1502749996122361857
1502749997716041732
1502749998542651392
1502750000182222853
1502750002606661637
1502750002799517696
1502750006326923264
1502750006498975747
1502750006591336461
1502750007304364047
1502750008218693636
1502750008357105671
1502750009137188869
1502750009959194624
1502750014191247363
1502750014656765952
1502750015399337988
1502750016078852099
1502750016783491075
1502750017945276418
1502750019551744003
1502750021157941248
1502750021535604736
1502750020579307523
1502750021707567106
1502750023225856004
1502750024421105667
1502750024580665351
1502750024446316546
1502750024790249473
1502750024874168322
1502750024471613442
1502750026149281804
1502750026166157315
1502750026409291776
1502750026493218818
1502750027470589954
1502750028300959746
1502750028280045569
1502750028846227458
1502750030532423689
1502750030939176963
1502750031568322567
1502750032495263747
1502750031471915019
1502750034764390404
1502750035217420292
1502750035506831362
1502750035968208903
1502750036106620928
1502750036152623104
1502750036358475776
1502750039193571333
1502750043685548032
1502750044361043970
1502750045363392514
1502750046059651078
1502750047569649664
1502750047913459714
1502750048165244939
1502750048710541314
1502750049138225152
1502750049234788357
1502750049708777472
1502750049671032840
1502750052212789248
1502750053559341056
1502750053504540677
1502750055031353354
1502750056797114379
1502750059053658118
1502750060542672908
1502750060769169414
1502750062148927488
1502750062669189124
1502750063310737410
1502750064753713159
1502750064820699138
1502750065148014601
1502750065575616512
1502750066276442112
1502750070164234246
1502750070743216129
1502750070860664833
1502750070692880389
1502750072072716291
1502750071896489984
1502750072186015744
1502750072378908672
1502750074417332231
1502750076485214217
1502750076644560897
1502750076795453440
1502750076979929091
1502750078334738435
1502750079186317322
1502750082264932355
1502750083334344710
1502750083376246785
1502750084055851009
1502750085079351309
1502750085742043136
1502750086593323011
1502750086719328256
1502750088145240064
1502750089063796739
1502750089391091717
1502750089818910728
1502750091014283278
1502750090997424128
1502750092763144194
1502750093719572491
1502750094365446154
1502750095909040140
1502750095531552770
1502750096848420865
1502750097167335438
1502750098022797313
1502750098643722242
1502750098593247232
1502750097804722178
1502750099230760964
1502750100870868994
1502750102414589952
1502750103949307904
1502750103643176960
1502750104574382090
1502750106176692235
1502750106864422913
1502750108168994821
1502750109771210755
1502750110484209670
1502750111075549185
1502750111394242563
1502750112463962112
1502750112560578560
1502750112799285248
1502750113026158592
1502750114246447107
1502750114905047041
1502750115739705345
1502750116746129412
1502750117610221568
1502750118830821386
1502750120936411138
1502750120953057280
1502750122572017666
1502750123335507971
1502750123943768064
1502750124006682628
1502750125655011340
1502750125659238405
1502750125927682048
1502750127525670913
1502750129828372480
1502750130537070595
1502750129736105984
1502750131581558785
1502750131808272385
1502750134752272384
1502750135767363587
1502750136958689281
1502750137474445314
1502750139341025289
1502750140423045120
1502750141320675336
1502750141358432261
1502750141937242112
1502750143115837445
1502750144504090627
1502750145653272576
1502750146391650308
1502750147393978371
1502750147515662338
1502750149117894658
1502750150405627908
1502750150996934661
1502750153484210176
1502750153769422852
1502750155333902345
1502750156072144897
1502750156839604233
1502750157653295107
1502750159213633539
1502750159989526530
1502750159817646082
1502750160815800326
1502750161189146630
1502750161298096131
1502750162006982656
1502750162229370889
1502750161864478721
1502750162543816704
1502750163101700105
1502750163093409794
1502750163533713415
1502750163953147906
1502750162782875648
1502750164146085888
1502750165127471105
1502750165546856452
1502750166503370754
1502750166729707521
1502750167568723977
1502750167807709188
1502750168847986699
1502750170060103682
1502750172119457793
1502750175713972229
1502750176636813316
1502750179941924871
1502750180571070472
1502750180789075971
1502750181363650562
1502750182517219328
1502750186036252674
1502750186170429445
1502750186539569158
1502750190205288453
1502750191417495555
1502750192222851072
1502750194567454724
1502750196098285574
1502750196253351936
1502750196219846657
1502750196576440328
1502750197532835846
1502750198543527937
1502750203929153536
1502750206177255429
1502750206227619841
1502750208542789638
1502750209239142403
1502750209604042752
1502750209574674439
1502750210652614660
1502750211021496321
1502750212871364612
1502750213185982464
1502750213743812609
1502750214863695881
1502750214913937410
1502750215039762433
1502750215446704133
1502750215375187970
1502750217157890053
1502750219385155584
1502750220555276294
1502750220936957964
1502750221310201857
1502750221314494470
1502750221624913927
1502750222807621638
1502750224183398405
1502750225558958080
1502750226314006528
1502750226993537029
1502750227576541186
1502750227639513093
1502750230260989955
1502750230525079558
1502750233352019970
1502750235075952642
1502750237382909964
1502750238678806528
1502750239094194178
1502750240180346882
1502750240176328707
1502750241610633217
1502750242357317636
1502750242646671361
1502750243351236608
1502750243695513600
1502750243460374533
1502750243955388422
1502750244018266115
1502750244404178955
1502750244920078344
1502750245364535300
1502750245653913603
1502750246522208257
1502750247101124611
1502750247805718529
1502750247960788992
1502750249105854467
1502750249466544132
1502750251089907718
1502750251396083713
1502750251719008257
1502750252323024909
1502750252532649984
1502750254055129088
1502750254873157635
1502750254931877888
1502750254667493376
1502750255913537536
1502750256257187840
1502750256408272897
1502750256160821251
1502750257083568135
1502750257482027008
1502750257855311881
1502750258664656898
1502750260027965445
1502750260598255619
1502750260778745861
1502750261755973633
1502750262058000388
1502750263265869830
1502750263781773313
1502750264528412675
1502750265098702850
1502750266193592321
1502750267548200960
1502750267942572033
1502750268848590853
1502750269569785859
1502750271738421252
1502750271838961668
1502750272040361988
1502750275437793285
1502750276209496070
1502750276423499786
1502750276414951425
1502750278512218113
1502750278587596803
1502750279078346756
1502750279329976321
1502750279766224898
1502750279711830016
1502750280936570889
1502750281167040513
1502750281393651715
1502750282094198785
1502750283054690308
1502750284128337926
1502750285126586369
1502750285080444937
1502750286409994240
1502750286582280192
1502750287114563584
1502750289807425543
1502750291560644610
1502750291573280772
1502750291586084864
1502750293741690893
1502750296224763906
1502750297025785856
1502750297436745733
1502750300947496960
1502750301337845760
1502750302235025408
1502750302994325506
1502750303057235972
1502750303417896961
1502750303602544640
1502750304143659011
1502750306056216587
1502750308245684232
1502750308392448006
1502750308648296450
1502750309181009927
1502750310460268553
1502750312125194242
1502750312347615236
1502750312536416258
1502750312020557829
1502750313211650054
1502750313270300675
1502750314193211404
1502750314172145664
1502750315153698821
1502750317401804800
1502750317414436870
1502750321042509824
1502750322401325056
1502750323852644365
1502750324490182662
1502750324586647552
1502750325907902470
1502750326587334662
1502750327338115079
1502750327899975680
1502750328193757194
1502750328537636871
1502750330202820612
1502750330781634569
1502750331331137544
1502750331658289160
1502750332488761347
1502750331775729665
1502750333746954248
1502750333868523524
1502750334577389569
1502750335705792514
1502750335848357894
1502750338297831424
1502750338675359744
1502750340021694469
1502750340441153536
1502750340646674439
1502750342626234369
1502750342857043977
1502750344379572227
1502750344744427524
1502750347256754177
1502750348032700421
1502750348078895108
1502750348729008129
1502750348708089861
1502750349077233668
1502750351086301187
1502750351681675266
1502750352671592449
1502750352764174336
1502750354752086025
1502750354974425088
1502750355439845380
1502750356362698753
1502750356744384513
1502750357709103111
1502750358174670853
1502750359680438274
1502750360653414406
1502750361014181888
1502750361702092810
1502750361920102402
1502750363115474949
1502750363367092226
1502750363669221379
1502750364671504386
1502750365799919619
1502750367456665606
1502750368085823488
1502750370246070272
1502750372493996039
1502750371596316672
1502750373018222597
1502750375727845382
1502750378110033922
1502750378781200387
1502750380496764933
1502750381620744194
1502750381700526080
1502750382010912772
1502750383420043264
1502750387304116229
1502750389422092289
1502750389648728068
1502750389455753217
1502750390068129793
1502750390630387712
1502750392190480400
1502750394216235008
1502750393872310276
1502750396221214731
1502750396477026305
1502750396439306244
1502750397072654339
1502750397160910855
1502750397730983938
1502750398553243652
1502750398179942404
1502750400960737292
1502750401497501702
1502750401677905926
1502750402445512707
1502750402776907779
1502750402965647370
1502750403393462275
1502750403989020674
1502750404345487366
1502750405884841984
1502750407189319681
1502750407310954500
1502750409437368321
1502750409617719297
1502750409756184577
1502750410863427589
1502750411815542789
1502750413392650249
1502750413552037891
1502750414487228417
1502750415515013122
1502750416458637323
1502750417586991107
1502750421223362560
1502750421428887552
1502750422200733701
1502750422641131521
1502750423685476352
1502750424893255680
1502750425208045568
1502750425694367747
1502750425770250242
1502750426327834634
1502750426403414018
1502750426617237507
1502750427162587138
1502750427573497857
1502750428043350018
1502750428383035404
1502750428085293059
1502750431193219076
1502750431658885125
1502750431713374220
1502750432262823939
1502750434355777539
1502750434569736195
1502750435865677830
1502750437639921669
1502750437992275971
1502750441041547264
1502750441431478273
1502750442790559746
1502750443121881102
1502750443042189318
1502750446472990720
1502750446573735940
1502750446586318852
1502750446951280645
1502750447140061185
1502750448448520194
1502750449094602759
1502750450046496768
1502750450935685121
1502750452257013764
1502750454521860098
1502750455075532800
1502750455860015108
1502750456711372802
1502750459831865346
1502750459148357640
1502750461044174848
1502750462180790282
1502750464563159042
1502750465376890881
1502750466010013697
1502750465913630723
1502750466811199490
1502750467549454338
1502750468333842435
1502750469256536069
1502750471211077633
1502750471072751623
1502750472003850242
1502750473392033792
1502750473371148291
1502750474105200653
1502750474356858884
1502750474839101440
1502750474948255755
1502750475397042177
1502750475753455616
1502750476504338432
1502750478005772290
1502750478337290244
1502750482242187266
1502750482426732550
1502750482980294659
1502750483500445697
1502750484444381184
1502750484402159623
1502750484976787461
1502750488671907842
1502750488969846789
1502750489548570624
1502750490077106181
1502750490601291779
1502750491125686279
1502750492316758022
1502750493612732417
1502750494154014732
1502750495076589569
1502750495185813509
1502750495835893769
1502750497278677000
1502750498763419651
1502750501217177601
1502750501007462402
1502750503117148178
1502750503167737859
1502750503486332937
1502750503691685889
1502750504241225737
1502750505428213762
1502750505847697411
1502750506057359360
1502750506296672256
1502750506632060930
1502750506929721346
1502750507860901890
1502750507860910083
1502750507986833408
1502750509618323460
1502750509693902848
1502750510495019015
1502750511434551305
1502750512508198920
1502750513217122310
1502750513498136576
1502750514504736769
1502750514773114882
1502750518061502464
1502750517470105601
1502750517688258567
1502750519697281034
1502750519856713740
1502750522041765888
1502750523434356738
1502750523413389318
1502750522675191818
1502750523333697541
1502750524801617920
1502750526584328197
1502750527125340166
1502750527704256520
1502750527859265539
1502750528811450369
1502750529461518337
1502750528761069568
1502750530468208643
1502750531869151245
1502750532997365760
1502750533131587587
1502750535945961473
1502750538693165059
1502750544951066626
1502750545827749895
1502750545659916289
1502750546373095427
1502750547534827522
1502750547773992968
1502750549334241286
1502750549502009344
1502750550332428290
1502750550693089280
1502750551162953729
1502750553306185737
1502750553478160388
1502750553801203720
1502750553868177412
1502750554619011078
1502750555600531460
1502750556233871370
1502750557240504325
1502750556628037633
1502750557320060930
1502750558964183042
1502750560210100228
1502750560344150018
1502750560826630149
1502750564127367170
1502750564471517190
1502750565528268800
1502750565847089152
1502750566241509379
1502750566467973125
1502750567629684739
1502750568535764995
1502750568959385611
1502750569026527243
1502750570528100354
1502750571433967618
1502750571727568898
1502750573824724992
1502750573518630928
1502750574575501312
1502750575049338880
1502750574525177861
1502750575804534785
1502750575619891210
1502750576450306049
1502750576748204037
1502750579709210627
1502750580900450304
1502750581533941761
1502750581726892036
1502750584138571783
1502750586248257543
1502750586394931203
1502750587548430336
1502750588219629568
1502750588442152960
1502750588852973572
1502750589406662661
1502750591369551875
1502750590861983745
1502750591461769218
1502750591986114562
1502750591977762820
1502750592858574850
1502750593357684736
1502750593328238597
1502750594100043779
1502750594938793992
1502750595240927239
1502750595626635271
1502750595915997185
1502750596574683139
1502750596604043270
1502750597191249923
1502750597287747596
1502750597556191242
1502750600164958220
1502750601549074433
1502750603570827270
1502750604124430338
1502750605080764423
1502750606758678534
1502750606703804418
1502750607286939649
1502750608159395842
1502750609132318721
1502750609526591491
1502750610558537728
1502750610743074816
1502750611007148033
1502750612487823361
1502750614329176070
1502750614832431107
1502750615264534534
1502750615734145027
1502750615914565637
1502750615511998469
1502750617793548288
1502750617940467714
1502750621341999113
1502750622034014210
1502750622248054784
1502750623166517260
1502750625427333125
1502750627042103308
1502750627448999937
1502750628283572226
1502750629206401025
1502750629034434565
1502750630766649345
1502750630917537792
1502750631706177543
1502750631873941510
1502750632079286274
1502750632285032453
1502750633899741191
1502750636655484928
1502750637137833984
1502750637473386498
1502750638073004032
1502750638966403074
1502750638798639104
1502750639599722496
1502750639977209856
1502750641382383620
1502750641910956033
1502750641944469505
1502750642049368068
1502750643303464962
1502750644515520514
1502750645107019778
1502750646801420293
1502750646772158465
1502750647388618753
1502750646801477644
1502750649829765120
1502750650261725185
1502750652350541824
1502750653529133062
1502750653722079234
1502750654049267719
1502750654690848768
1502750655013957639
1502750655445938192
1502750655919833092
1502750655630434311
1502750656268050435
1502750657975095301
1502750659916881922
1502750659849986055
1502750660315340800
1502750659774492677
1502750661754118149
1502750662538448903
1502750665193492489
1502750667206762507
1502750667525562374
1502750668079218689
1502750668871946246
1502750668578205699
1502750669350096905
1502750669777821706
1502750670268649472
1502750670574694400
1502750672202182668
1502750672936124416
1502750673171013637
1502750673644883971
1502750674563608579
1502750675209527298
1502750676467789824
1502750675909984265
1502750676857888773
1502750679084974082
1502750679319863301
1502750679789707267
1502750681693884419
1502750682021044225
1502750686286848001
1502750687427534851
1502750688782209033
1502750689197441027
1502750689545576449
1502750690573225991
1502750691604852740
1502750691957350404
1502750692234080260
1502750692246794242
1502750692825604100
1502750694184525834
1502750697246412801
1502750698370260992
1502750698752167944
1502750700773675011
1502750701579124738
1502750702845714434
1502750703718125572
1502750704741478402
1502750705802780673
1502750705798590464
1502750705995554816
1502750706096238593
1502750706322845706
1502750705932771329
1502750706910089216
1502750707136577538
1502750709925613570
1502750710592589834
1502750711355875330
1502750711888715779
1502750712228319232
1502750712811425802
1502750712823832577
1502750713637916672
1502750713667104772
1502750714535284738
1502750718394044416
1502750718637264903
1502750718687694852
1502750719224471561
1502750719341961221
1502750719828393986
1502750720063328262
1502750720239579139
1502750721531277317
1502750724983332864
1502750725469884423
1502750725855748096
1502750726174425094
1502750726358900737
1502750726589722627
1502750727407808513
1502750727654965253
1502750730049896453
1502750730930864133
1502750732189118464
1502750731991924738
1502750732834856962
1502750733048897541
1502750733413883905
1502750734449725443
1502750736748265483
1502750737356500997
1502750739998908420
1502750740393394176
1502750740783136769
1502750741668278277
1502750741961875456
1502750742905565187
1502750744436371458
1502750745254367234
1502750746277814278
1502750746185453569
1502750747527634947
1502750748630818825
1502750749234716676
1502750748731445248
1502750749964439552
1502750749746503684
1502750750828544000
1502750749847166979
1502750751726178304
1502750752409759744
1502750752535687170
1502750752929894405
1502750753987133441
1502750755257782273
1502750756662882307
1502750756952227846
1502750757082505216
1502750758328021002
1502750758743199746
1502750759250632704
1502750759393189891
1502750759376592899
1502750759447789568
1502750759695310849
1502750760198623234
1502750760811089928
1502750761549246469
1502750761838682120
1502750764493639683
1502750765307236352
1502750764493676552
1502750765521281035
1502750766808776704
1502750767534551041
1502750768461451275
1502750772571693056
1502750772747939842
1502750773679120384
1502750773888929798
1502750775528804366
1502750776405286920
1502750777814790157
1502750778125135873
1502750778930388995
1502750780993982466
1502750781468024832
1502750784794279936
1502750783892332552
1502750785464987648
1502750789072207873
1502750789055492104
1502750789659463681
1502750789986504704
1502750790208868353
1502750790972149763
1502750791903363076
1502750793119633408
1502750793992007683
1502750794809954310
1502750795250475010
1502750795250421763
1502750795581775875
1502750796198420482
1502750797695705101
1502750797875998722
1502750799696261121
1502750800493252609
1502750801168674818
1502750801478897665
1502750801956986880
1502750802468749312
1502750803685113856
1502750805794897922
1502750809611776003
1502750810190536704
1502750810546925568
1502750813009158153
1502750813336264706
1502750813839675406
1502750814401613828
1502750815093551105
1502750816771485696
1502750817522425857
1502750818075881472
1502750818612617217
1502750818533007365
1502750819019542528
1502750819900432390
1502750820357623813
1502750821288538113
1502750821678731269
1502750822781927429
1502750823805239301
1502750824132329473
1502750824979644417
1502750825059287040
1502750825591959556
1502750825562755077
1502750825910788099
1502750825633882114
1502750827995357185
1502750828142096389
1502750828221767681
1502750828301590532
1502750828947460097
1502750830641954819
1502750831547924487
1502750831959027716
1502750833041354753
1502750835385720835
1502750834882453505
1502750835607949312
1502750835796856832
1502750837860286465
1502750837520711683
1502750837772226561
1502750838460227588
1502750838741037060
1502750839735296007
1502750840536375300
1502750842125897729
1502750842478383116
1502750842864218112
1502750843392573442
1502750843501793289
1502750844097245187
1502750843828940802
1502750845242425353
1502750845548572673
1502750846966276103
1502750847188484102
1502750847268179972
1502750847947710477
1502750848874602500
1502750849868570624
1502750850825007109
1502750852750184452
1502750853073182722
1502750852829822979
1502750854385999879
1502750855984033799
1502750856680255490
1502750856680292352
1502750856910983169
1502750858458583047
1502750858475360265
1502750858488000513
1502750862380261378
1502750861793144836
1502750863928004609
1502750866201366528
1502750867790958593
1502750868088762369
1502750867900014595
1502750868638081026
1502750870236459008
1502750870643093507
1502750870634651650
1502750870722822149
1502750870861414400
1502750871620358145
1502750871527911425
1502750872127877120
1502750872870260745
1502750873121812480
1502750873088237572
1502750873335701506
1502750873717407750
1502750874430541826
1502750875051491328
1502750875403567106
1502750876401905673
1502750875709853702
1502750878444490753
1502750878909931523
1502750879279104002
1502750879664857089
1502750880122253316
1502750880281604104
1502750880466030593
1502750880742916099
1502750880919179275
1502750881774637060
1502750883817398276
1502750885297852418
1502750886350700553
1502750887189565442
1502750889517334529
1502750889743949825
1502750891581001730
1502750891962769415
1502750892470198277
1502750892466089987
1502750892789018627
1502750894114447362
1502750894332461058
1502750895527927811
1502750895829884931
1502750898409422850
1502750899986444300
1502750900648960004
1502750900795887620
1502750901123305472
1502750901206978562
1502750901639032836
1502750901328662544
1502750901609578498
1502750902448537604
1502750902729510914
1502750903945863169
1502750904075763713
1502750904755367941
1502750905019473920
1502750905061416960
1502750906219122696
1502750906227560449
1502750907079045126
1502750907364167702
1502750909843054601
1502750911659188231
1502750911881355264
1502750912862834695
1502750914351808513
1502750914263887875
1502750914297409544
1502750914599346183
1502750914729361416
1502750916365414403
1502750920169463814
1502750920551153666
1502750920848941066
1502750920915898369
1502750921222144001
1502750922988040205
1502750926607687680
1502750926997803008
1502750927509368833
1502750927903625218
1502750930701324294
1502750931074514944
1502750931338809344
1502750931942887425
1502750931829637122
1502750933431824384
1502750933322768388
1502750935109582851
1502750936061644800
1502750936397189124
1502750936359268352
1502750937101873160
1502750937554763790
1502750938418888706
1502750938729259010
1502750940646023169
1502750942503923712
1502750943225520136
1502750943988887552
1502750944844525568
1502750945071222784
1502750946429919238
1502750946559897601
1502750946526261248
1502750947214528513
1502750947176431616
1502750948703277064
1502750948770435081
1502750949340635137
1502750950561390600
1502750950645141506
1502750950980829184
1502750952729808904
1502750952654266377
1502750953006514176
1502750954659135489
1502750956223619072
1502750956848562186
1502750958492606464
1502750959289704456
1502750959692398592
1502750959834783752
1502750960564776961
1502750960665341953
1502750961659527168
1502750961986588675
1502750962259152897
1502750962448060416
1502750962791854081
1502750963635044358
1502750964465471488
1502750964490506240
1502750964658458628
1502750966738739204
1502750968261361667
1502750968517177348
1502750968806531072
1502750969699917833
1502750970123591682
1502750970756964363
1502750971104923648
1502750972216553477
1502750972497608709
1502750972543647749
1502750974368108544
1502750974884163586
1502750976679170048
1502750976662405122
1502750976939335684
1502750978092806145
1502750982660411393
1502750979980075009
1502750982580674561
1502750984082280451
1502750985172795395
1502750985441234950
1502750985743220739
1502750987702108160
1502750987655819270
1502750988288946176
1502750989618593792
1502750990386274313
1502750991858417664
1502750991346663424
1502750992785453064
1502750996128280578
1502750996275073025
1502750996581212161
1502750997143293959
1502750998447763457
1502751000591220736
1502751001941577731
1502751002486730756
1502751002348470279
1502751003925438470
1502751004143636492
1502751005359976454
1502751005812965377
1502751005989089281
1502751006987149312
1502751006404317186
1502751007612497921
1502751006442110977
1502751008413397002
1502751010187587587
1502751010543996928
1502751010539769857
1502751012074962946
1502751012704108545
1502751014021173252
1502751018089541632
1502751019595411462
1502751019939377157
1502751021000441869
1502751022418067456
1502751023038976008
1502751025912246272
1502751027170144257
1502751028315365380
1502751028319555597
1502751029540134920
1502751030295027714
1502751030580334602
1502751032148905984
1502751032677478403
1502751033004638208
1502751033109454854
1502751034401333255
1502751035562987523
1502751037169537026
1502751037970653184
1502751038599749634
1502751040210415621
1502751040176889863
1502751040961236995
1502751041561198593
1502751043410702338
1502751043335114761
1502751042445795329
1502751043238522881
1502751045843398657
1502751046002786304
1502751047827312640
1502751048854872065
1502751050670911489
1502751050800848900
1502751050968805383
1502751051371343873
1502751052071772160
1502751052440870913
1502751052507930624
1502751053216989186
1502751053694992384
1502751054345261058
1502751056954118152
1502751057402683397
1502751058501640196
1502751058577264644
1502751060330430466
1502751061106327553
1502751061286608896
1502751061517471751
1502751062243131405
1502751062339510284
1502751062981283847
1502751063354576900
1502751063689945090
1502751063702654980
1502751063841157129
1502751065183174656
1502751066139418627
1502751067624419330
1502751068106678276
1502751069658619907
1502751070874918918
1502751073601159168
1502751073727041537
1502751073752207360
1502751074146721793
1502751076147253253
1502751075757142018
1502751076860063744
1502751077875208206
1502751078302904322
1502751079422906369
1502751080106524672
1502751083701092352
1502751085479477248
1502751086662332418
1502751089795338240
1502751090277859332
1502751091137548288
1502751091754078212
1502751092580528130
1502751092945440773
1502751094123945987
1502751094212112391
1502751094681661440
1502751096187535360
1502751098410516485
1502751100465827841
1502751100507729922
1502751100599996421
1502751101602435074
1502751102327943169
1502751102420373512
1502751102105960449
1502751103938531331
1502751104269963266
1502751104869748741
1502751105197002762
1502751106119745536
1502751107948417030
1502751108141400069
1502751108464209920
1502751109244461063
1502751109345161219
1502751110884380682
1502751111123329024
1502751112461529094
1502751113216466949
1502751115242319879
1502751116311867404
1502751116261568512
1502751116336975880
1502751116559278085
1502751116739723270
1502751117645647877
1502751118224416768
1502751118727823360
1502751119612776457
1502751119570735104
1502751119843508229
1502751121445908480
1502751122376863748
1502751122758504465
1502751123450564611
1502751124264214529
1502751124406874127
1502751125145018374
1502751125262508037
1502751125283430405
1502751125417734147
1502751125073960960
1502751126751711232
1502751128588627973
1502751129385455618
1502751131302342656
1502751132984438784
1502751134238355460
1502751134754168832
1502751135576305672
1502751137052520449
1502751137627136008
1502751138030014465
1502751138554253313
1502751140412280839
1502751140437544970
1502751140928266240
1502751141104431108
1502751141066539010
1502751142291202049
1502751146670272521
1502751147748216840
1502751148490444802
1502751148972912644
1502751149543198721
1502751151208353794
1502751151061549057
1502751152051572743
1502751151778930692
1502751152827670528
1502751153456513029
1502751154991771656
1502751155578880000
1502751156744994818
1502751156887502850
1502751157361557504
1502751157357264906
1502751157571227658
1502751157973790724
1502751157998993408
1502751158754058243
1502751158934327298
1502751160058486786
1502751160649744387
1502751161639526400
1502751162579226627
1502751162411503623
1502751163766251522
1502751165695594501
1502751166035279881
1502751166735831045
1502751168400822274
1502751170271473665
1502751171370491907
1502751172641366017
1502751172926582785
1502751173970903041
1502751174168133634
1502751174633693186
1502751174721630208
1502751175204036613
1502751176076390404
1502751177133330432
1502751178240708612
1502751178832195588
1502751179331285004
1502751179968856071
1502751179373260803
1502751181495537672
1502751181797576705
1502751182053249024
1502751182619611136
1502751183777140738
1502751184637026310
1502751186386096128
1502751186935554053
1502751187300495367
1502751187401166851
1502751187585560576
1502751187573088256
1502751187937861632
1502751188919459841
1502751189687021575
1502751190089703431
1502751190999875587
1502751190915952645
1502751191826010114
1502751192539140097
1502751192518168580
1502751192962650113
1502751194044895236
1502751193986129926
1502751195101741057
1502751195169009673
1502751195215007745
1502751196020420613
1502751197270355969
1502751197526118406
1502751198172000257
1502751198339911688
1502751198440534022
1502751200390762496
1502751201569525765
1502751202152366083
1502751202320257032
1502751202961936387
1502751202727104520
1502751204920594433
1502751205344542720
1502751206019588098
1502751205742632960
1502751206372003845
1502751207252795393
1502751208309624832
1502751208280584192
1502751208175329282
1502751209446330369
1502751210138664961
1502751209769381890
1502751210931167232
1502751210360623104
1502751212805918720
1502751214005534730
1502751214097862656
1502751214307586048
1502751215746265088
1502751216790646794
1502751218095042566
1502751220791857153
1502751221186281485
1502751222192914433
1502751222348099587
1502751222406787077
1502751223413456905
1502751224831090694
1502751226957643784
1502751227888607232
1502751228572356610
1502751228732002305
1502751228815630339
1502751229386055684
1502751229516079107
1502751230333906945
1502751230556209154
1502751230900199429
1502751230967255041
1502751231311155201
1502751232573652993
1502751235547533323
1502751235744702465
1502751236042469382
1502751237057437697
1502751237522874370
1502751237745295364
1502751238290657296
1502751239204966402
1502751240391782401
1502751240635224071
1502751241440534532
1502751241725698050
1502751242103230466
1502751242396868608
1502751243042656256
1502751243587837953
1502751245039124481
1502751246180139017
1502751246897356803
1502751248122007553
1502751249732706310
1502751249254555651
1502751251611758592
1502751252240904199
1502751254388244482
1502751255105576963
1502751255651037185
1502751256070213637
1502751259006324743
1502751259224276992
1502751259463282688
1502751261011152899
1502751261484990465
1502751261774553092
1502751262097371138
1502751262550462465
1502751263645130756
1502751263892537345
1502751265335521286
1502751265927086080
1502751266182639617
1502751266291789831
1502751269831725056
1502751271626760194
1502751272532905991
1502751272784388100
1502751273757515777
1502751274428772357
1502751275557040128
1502751275867381765
1502751276270071811
1502751278337822722
1502751279612895237
1502751279872835584
1502751280371933186
1502751280460034053
