1503974340873887744
1503974341398122497
1503974341654061056
1503974341775613952
1503974341674946560
1503974341595131906
1503974341708500998
1503974342178197505
1503974342182375429
1503974342484381698
1503974343000297561
1503974342434045954
1503974343511994369
1503974343147200515
1503974343684022272
1503974343990198275
1503974343906193410
1503974344338272258
1503974344136962052
1503974344795566080
1503974344472424451
1503974344560627714
1503974344715870211
1503974344745230337
1503974345345056768
1503974344707432449
1503974345823203334
1503974345718185984
1503974346498330629
1503974347207233537
1503974347324616706
1503974347542650881
1503974348029591552
1503974347358224384
1503974348251533313
1503974348528525314
1503974348599799809
1503974348700409859
1503974348352335872
1503974348851499008
1503974348905869314
1503974349723873280
1503974349132423170
1503974349702787074
1503974349837148160
1503974350525177856
1503974351728623622
1503974353947484161
1503974354287222785
1503974354534739972
1503974355058929665
1503974355025469442
1503974355516243969
1503974356418187265
1503974357798092804
1503974359936823298
1503974360578772992
1503974361048522754
1503974361149157378
1503974361778331648
1503974362336329729
1503974362579361792
1503974363271512067
1503974363384668162
1503974363850227713
1503974365108609025
1503974365611925504
1503974365884473344
1503974366232526852
1503974366106767361
1503974366912327682
1503974367411249159
1503974367981674500
1503974368078086145
1503974368375943168
1503974368094961667
1503974368799383553
1503974370120675329
1503974371245043712
1503974372322643969
1503974373195194370
1503974374822481920
1503974375183499268
1503974375229325312
1503974375284002816
1503974375632121856
1503974375552393221
1503974375732789249
1503974376001052673
1503974376294780931
1503974377532321792
1503974378375065601
1503974379121688579
1503974379348234243
1503974379503316997
1503974381244104705
1503974382774865920
1503974383597015043
1503974384708440064
1503974385161584641
1503974385417347072
1503974386059329538
1503974385819992067
1503974387363557376
1503974387296649216
1503974387417899008
1503974387099353091
1503974388361703428
1503974388441706496
1503974389280247809
1503974389343309824
1503974390605787137
1503974392367357955
1503974393688567808
1503974394091249665
1503974395358097408
1503974396159012864
1503974396742049804
1503974396809121793
1503974397085954048
1503974399787302912
1503974401259282433
1503974402072977410
1503974403419381760
1503974404203683842
1503974405789319169
1503974406850183169
1503974407227977730
1503974407412232193
1503974408460783616
1503974407798247428
1503974410201427969
1503974411812147200
1503974412684472325
1503974412802228227
1503974413796052992
1503974414836244485
1503974415637352450
1503974415578640385
1503974417050836992
1503974418011332608
1503974418736836610
1503974419525681155
1503974421106675716
1503974420817326081
1503974423627399169
1503974424168476672
1503974423707148290
1503974424604659718
1503974426639048706
1503974427502940160
1503974428312420352
1503974428325019650
1503974428358561794
1503974429000617985
1503974429457457155
1503974429302341632
1503974431395307521
1503974431860789250
1503974433312354304
1503974433513697283
1503974433739837440
1503974433752596482
1503974436071899139
1503974437838004225
1503974438379098113
1503974439977103361
1503974437095448577
1503974440136290309
1503974439897247744
1503974441227030529
1503974441252012032
1503974442875166721
1503974442942156804
1503974444494073857
1503974445622439939
1503974444531912705
1503974447086194692
1503974448441208832
1503974448977924096
1503974449187594243
1503974449292484610
1503974449498161152
1503974451167502338
1503974452094279681
1503974453553868805
1503974453671198721
1503974454241918976
1503974455990976513
1503974457752399876
1503974457714610178
1503974458884857861
1503974458192715785
1503974462462767110
1503974464253480963
1503974466703044609
1503974467420229635
1503974468024078338
1503974468611284992
1503974468607168512
1503974470171586560
1503974471312453634
1503974471522213892
1503974472352555010
1503974472688275456
1503974474873720835
1503974475108433920
1503974475666272259
1503974477125885955
1503974478023479298
1503974478182821894
1503974479306784768
1503974479671615490
1503974481605189632
1503974481274060800
1503974482473410560
1503974484008525826
1503974485740986368
1503974486659727360
1503974491373907969
1503974491868721154
1503974492564975616
1503974492871147520
1503974493605314561
1503974493659836416
1503974494976843776
1503974495798763520
1503974496612814849
1503974497216434176
1503974497619427332
1503974498030133254
1503974498777051141
1503974499661668352
1503974499858845698
1503974500899045384
1503974501008445440
1503974501465219079
1503974501691834368
1503974502908063748
1503974504371875840
1503974503675838469
1503974506531999746
1503974506968326144
1503974508767727624
1503974510764167169
1503974511066378240
1503974512156684291
1503974512765042688
1503974513008168960
1503974513968615426
1503974514463371264
1503974517542203397
1503974517298794497
1503974518699741184
1503974519224123392
1503974520058789888
1503974518628691969
1503974520516132865
1503974520721645576
1503974521782558720
1503974521912836096
1503974522403188741
1503974522332098563
1503974522701197312
1503974523334688776
1503974523376263179
1503974523636707332
1503974524253097985
1503974524399853568
1503974524487929860
1503974525842890756
1503974527482613769
1503974525767094275
1503974528682237959
1503974529189695490
1503974529571377155
1503974530095624194
1503974529915568130
1503974530838106113
1503974531584573442
1503974531815383043
1503974532381437958
1503974532989734914
1503974533279141892
1503974534742958080
1503974535070359558
1503974536630448131
1503974537339469826
1503974537716662275
1503974540455653379
1503974539503767553
1503974540795432960
1503974541898534913
1503974543626440705
1503974544356249601
1503974544805351425
1503974545652297728
1503974546784731139
1503974546767945732
1503974548768763907
1503974549268082688
1503974551306137602
1503974551826612226
1503974554523226117
1503974554376540161
1503974557832540160
1503974557895389190
1503974559590109184
1503974560265388032
1503974562807091200
1503974563096367104
1503974562618249219
1503974563377397762
1503974563650027520
1503974564778369024
1503974566984568832
1503974567148232706
1503974567945150467
1503974568897228800
1503974570629365766
1503974571933851652
1503974572579766272
1503974573779427332
1503974574328795138
1503974574664261634
1503974574001917953
1503974574765092868
1503974575817695235
1503974575889006595
1503974576245465092
1503974576606396418
1503974576954306561
1503974577394925570
1503974579735126016
1503974580204892160
1503974581412892675
1503974581467435014
1503974582188871681
1503974582130470913
1503974582616735746
1503974584634294272
1503974585070501889
1503974586043543552
1503974586202742804
1503974588178337795
1503974589805834244
1503974590141243395
1503974591139651585
1503974590837534720
1503974593404420096
1503974593823920129
1503974594419568642
1503974594847277059
1503974593349906432
1503974595409289220
1503974595677806592
1503974595983933461
1503974597191823362
1503974597334552577
1503974597305454595
1503974596235923456
1503974598035054592
1503974596923445252
1503974602422239234
1503974603164721152
1503974603211022336
1503974605492477952
1503974605949652996
1503974607035924481
1503974607283437568
1503974609682587651
1503974610542374913
1503974611373150211
1503974611683360769
1503974612215877632
1503974611796762625
1503974612019073025
1503974613189017601
1503974615948967936
1503974617886572545
1503974619497201669
1503974620411613185
1503974620948578309
1503974621447536642
1503974622320115712
1503974622823211008
1503974623364407298
1503974623959916549
1503974624731668481
1503974626145480708
1503974627814649861
1503974628707950592
1503974629136019457
1503974630142451714
1503974630268317697
1503974631073587202
1503974630305906692
1503974631346163712
1503974632864587777
1503974633053331456
1503974633246179328
1503974633350971393
1503974634391228423
1503974635679121410
1503974639026184193
1503974638921007105
1503974642377281538
1503974642611982340
1503974644700827649
1503974646001065984
1503974646697312257
1503974649327394817
1503974649440309248
1503974649482420229
1503974649855623168
1503974651013341185
1503974651495604230
1503974652330196992
1503974653148250113
1503974658034524161
1503974659892592640
1503974661054377985
1503974663114076161
1503974663788982272
1503974663772200961
1503974663789105156
1503974664317837314
1503974664909074436
1503974666217537538
1503974666288910340
1503974666834042881
1503974666926379008
1503974667945934849
1503974667862024197
1503974669669613574
1503974669808025600
1503974671028531202
1503974671439572997
1503974672563539968
1503974672832122880
1503974674564325377
1503974677164744705
1503974676682653699
1503974678133710852
1503974678502723586
1503974682021994496
1503974682546130950
1503974683015794689
1503974684375019522
1503974685683376129
1503974686174040065
1503974686304227329
1503974686954180608
1503974687084519424
1503974685272252423
1503974687247941632
1503974687088422912
1503974686635728896
1503974687071776774
1503974689701462018
1503974690460602370
1503974694327779334
1503974698832605184
1503974699801321473
1503974700099244034
1503974700585693188
1503974701873385472
1503974701743603713
1503974705115533315
1503974708810813442
1503974710203224067
1503974710564237312
1503974712464244738
1503974713382559746
1503974712950784000
1503974713961373701
1503974714158600192
1503974713684824064
1503974716008112128
1503974717832712194
1503974717971173382
1503974719191724033
1503974719640399876
1503974719028342784
1503974720043061250
1503974721569923074
1503974723914502144
1503974723352670210
1503974724950536196
1503974725218930688
1503974725541896193
1503974727525990402
1503974729362731012
1503974729526427649
1503974729379581952
1503974729652137986
1503974730872676352
1503974730558230531
1503974732219269120
1503974734081503232
1503974736337981444
1503974737873031176
1503974738720276482
1503974739294896128
1503974739387170816
1503974740137955331
1503974740754669569
1503974742134468610
1503974744034586626
1503974744055758849
1503974744856711169
1503974745909342209
1503974746060468225
1503974746274373633
1503974748690206720
1503974749302661121
1503974750955077634
1503974752557285378
1503974755229212673
1503974754520248322
1503974755963392000
1503974758043598849
1503974757628538880
1503974758605537281
1503974759595655168
1503974761721999366
1503974763450019841
1503974763701706753
1503974764792139777
1503974764578181122
1503974765563768839
1503974765358460928
1503974767229128704
1503974770563448837
1503974773872898051
1503974773965180928
1503974776305745921
1503974779899957255
1503974780281651204
1503974781548380162
1503974780906573828
1503974783129567233
1503974783620644865
1503974784014729217
1503974786464194560
1503974786728308745
1503974786958966784
1503974787039002626
1503974789115166720
1503974791325253632
1503974793447559168
1503974795225952259
1503974795700240384
1503974795909771264
1503974796295614464
1503974799399260160
1503974799848128512
1503974799932280838
1503974800296980483
1503974800792125440
1503974801970380803
1503974803891384327
1503974805602816001
1503974807703941122
1503974809163628548
1503974809050439681
1503974809746968576
1503974809629335552
1503974811537653761
1503974817422323713
1503974818131156999
1503974818076663809
1503974819112669185
1503974818353278977
1503974820517933057
1503974820928802816
1503974820395950085
1503974821159337985
1503974823072243716
1503974825273876483
1503974826423242752
1503974826704359427
1503974827828391937
1503974827689979905
1503974830638612480
1503974831360028674
1503974831599267840
1503974831288631299
1503974835386560515
1503974836074614784
1503974836041031681
1503974836506439683
1503974836619653124
1503974835919409153
1503974836816674816
1503974838179753987
1503974838716833792
1503974840834875393
1503974841245966337
1503974843808718851
1503974844169273349
1503974845368918022
1503974845217869824
1503974845343748103
1503974845595680768
1503974846727962627
1503974846052544513
1503974846249807884
1503974847512121344
1503974847604424705
1503974847621214208
1503974847772196864
1503974848078434307
1503974850855067655
1503974851123548163
1503974851488354312
1503974855372263426
1503974855351300097
1503974855477436416
1503974856358084614
1503974855716347904
1503974856446164992
1503974857096241154
1503974859268923392
1503974862800539653
1503974863496953864
1503974863471489024
1503974864545529856
1503974866185302018
1503974865111781379
1503974869217722369
1503974871470026752
1503974872313057281
1503974873399537665
1503974875182120960
1503974875782070272
1503974876474142721
1503974877325316096
1503974878340284421
1503974879032393728
1503974879577911298
1503974880248836098
1503974880332632071
1503974882144518145
1503974883201593344
1503974884271181828
1503974884321415170
1503974884585603072
1503974885760159749
1503974886204751874
1503974886426828800
1503974887794257922
1503974888398520320
1503974889732337666
1503974889849556995
1503974889442578432
1503974890767937545
1503974890742943744
1503974891069968385
1503974894157144070
1503974894559715330
1503974895348191233
1503974895520292866
1503974895771824128
1503974897936044032
1503974899420831748
1503974899789942784
1503974901073399809
1503974902029766656
1503974903422226437
1503974903292125186
1503974904311525378
1503974904328499202
1503974904697294849
1503974907935264770
1503974908551958530
1503974909806284800
1503974911911542784
1503974914910404608
1503974915275329539
1503974915623604225
1503974916277813248
1503974918526054400
1503974919184564227
1503974919104696321
1503974919063105537
1503974920140713984
1503974920962908161
1503974921730359298
1503974923013955585
1503974923194318848
1503974923064078337
1503974924146388993
1503974929473093632
1503974928634507270
1503974931629064193
1503974931096252416
1503974932442718209
1503974932547481602
1503974932694380548
1503974933227057152
1503974933239668737
1503974933528993795
1503974933709398016
1503974938423701506
1503974939195580417
1503974938427854849
1503974940713881600
1503974943700234241
1503974945008893957
1503974945642074112
1503974946179063809
1503974946984558594
1503974947475099651
1503974948557111297
1503974950017056769
1503974950218067968
1503974950830579714
1503974950754914310
1503974954450124803
1503974954793988098
1503974954978934787
1503974954295250945
1503974956744552449
1503974958149640193
1503974958720032768
1503974959424622594
1503974960456364032
1503974960880046080
1503974962310545409
1503974962524131329
1503974964206088194
1503974964680142851
1503974965535674368
1503974967997775873
1503974968542957569
1503974970657026051
1503974972120780800
1503974973546766339
1503974974192865280
1503974974931214336
1503974975144878081
1503974977204326403
1503974979083374592
1503974980089888768
1503974980933099520
1503974982799564806
1503974982933639168
1503974983986556929
1503974984145768449
1503974984846573569
1503974985282424834
1503974986293276673
1503974986758959104
1503974987702550531
1503974987899756547
1503974988755644420
1503974991238504448
1503974992022712320
1503974992173744133
1503974992714756099
1503974993457123329
1503974995755606016
1503974995860459521
1503974997890826242
1503974997152321537
1503974998301683712
1503974999694393347
1503975001195630596
1503975001539715082
1503975001778958336
1503975005968744451
1503975006342049794
1503975006816157697
1503975007185080321
1503975012763840516
1503975014001004545
1503975018409037826
1503975017897467907
1503975020368138240
1503975020883677185
1503975022788251648
1503975024469831681
1503975025786986497
1503975025363333121
1503975029385560065
1503975029603774465
1503975029620453378
1503975031746957320
1503975032036671488
1503975032724533250
1503975033273655297
1503975033538068481
1503975038655074308
1503975039762374658
1503975040441888772
1503975044652933125
1503975046842306561
1503975047207297026
1503975047677235200
1503975048985853954
1503975049631391745
1503975050134925314
1503975052420673537
1503975053431808004
1503975055390392322
1503975055524569089
1503975056065859584
1503975057663606784
1503975058846679040
1503975059329011713
1503975060314505218
1503975060901490689
1503975062042406917
1503975062566842371
1503975062638145539
1503975063359729666
1503975063246499840
1503975064118730755
1503975065397960705
1503975066299740160
1503975066220089346
1503975067398467587
1503975067625361410
1503975068380053504
1503975069856411648
1503975070473256960
1503975071765135361
1503975071639089153
1503975072729645057
1503975073186779139
1503975074122006529
1503975074826661890
1503975075363450885
1503975077410480130
1503975078588936195
1503975080816422912
1503975080900014080
1503975083190243330
1503975083702091779
1503975084242837511
1503975084431654912
1503975084779884544
1503975087162421253
1503975087707344897
1503975087732523009
1503975090828070912
1503975094116401155
1503975094640537602
1503975095039295491
1503975095219462144
1503975096872013829
1503975097606209537
1503975099401224194
1503975099657076736
1503975103071076353
1503975102261698560
1503975104321298434
1503975104656687107
1503975103893233667
1503975104891568130
1503975105910640642
1503975106452004864
1503975106707566593
1503975107303071745
1503975109375438849
1503975109647773698
1503975112365965312
1503975113406009347
1503975113720479748
1503975114869821440
1503975116723695619
1503975116614504448
1503975117122121737
1503975117440929793
1503975117067538432
1503975117646225409
1503975118506446848
1503975119860875266
1503975120221532160
1503975120649469955
1503975120855257088
1503975121840533505
1503975122436501504
1503975122268397569
1503975122658598912
1503975122587484164
1503975124680118272
1503975125011607552
1503975127205048322
1503975131911127048
1503975132162936833
1503975132250865667
1503975132309643264
1503975133932838914
1503975134188560385
1503975134666780675
1503975135035879425
1503975135044198403
1503975136256720901
1503975136302886917
1503975136718106626
1503975137267253253
1503975137493884930
1503975138517299200
1503975139653824514
1503975140329078786
1503975140761255936
1503975141616672768
1503975142891741189
1503975143973998593
1503975144687116289
1503975145584885761
1503975147384242176
1503975148260626432
1503975149674008583
1503975150408060928
1503975150945210370
1503975152387825666
1503975153427910659
1503975154040377344
1503975154782777350
1503975154820554752
1503975155340480515
1503975156368437248
1503975157643153410
1503975157953544199
1503975158377156616
1503975160440889344
1503975160407375874
1503975161095241730
1503975161351278593
1503975161531445250
1503975161476919298
1503975162672254980
1503975163079139330
1503975164601528320
1503975164496814083
1503975166728093699
1503975166904315908
1503975167495532544
1503975167587930112
1503975168124743682
1503975170456752129
1503975173380263942
1503975174688817152
1503975174974373889
1503975174898696199
1503975176131780610
1503975176777904129
1503975178010824706
1503975179076079617
1503975179919056898
1503975183240949763
1503975184302321664
1503975184956416012
1503975185250242564
1503975185971654656
1503975187557101568
1503975189234651139
1503975189763174409
1503975189922516992
1503975192627843074
1503975193009553408
1503975193760264192
1503975194435543040
1503975194389479427
1503975195601682434
1503975195048132609
1503975196168003586
1503975199221329922
1503975198357598208
1503975199548583937
1503975199963811841
1503975199867244544
1503975201041616900
1503975201331105794
1503975203998629888
1503975204334231558
1503975204346904576
1503975205462429700
1503975205949128705
1503975207714766849
1503975209367449602
1503975210093002752
1503975211560935430
1503975213804838914
1503975214337638401
1503975214245244930
1503975217814769664
1503975220998201347
1503975221434281985
1503975221732151302
1503975225645363200
1503975226597842945
1503975229990871047
1503975230779260928
1503975232465694721
1503975232234741763
1503975232926715909
1503975233040039939
1503975233849643009
1503975233883095040
1503975235787247616
1503975236152176643
1503975236571521024
1503975238941683712
1503975239255920642
1503975239977684993
1503975240980131842
1503975241088847873
1503975241206300675
1503975241697181699
1503975241877438472
1503975242795999233
1503975243802546178
1503975245476208646
1503975245727809538
1503975245560000518
1503975246293966848
1503975246637850629
1503975247242055680
1503975247934070788
1503975248655495169
1503975251021115394
1503975250911907840
1503975253030195203
1503975254569410560
1503975256280776704
1503975257962545155
1503975258327375874
1503975258805702657
1503975259506102273
1503975259615203331
1503975259803848709
1503975259787395073
1503975261561257986
1503975261855154178
1503975262903742465
1503975263805140993
1503975264451133440
1503975266489536512
1503975267370364928
1503975268427444227
1503975268431581188
1503975268775563277
1503975269853499393
1503975270566572034
1503975271237443590
1503975272164569090
1503975272462581761
1503975273238196227
1503975273267699714
1503975273846521859
1503975274073174016
1503975277054988288
1503975277956849664
1503975278166478851
1503975278246301698
1503975279592554496
1503975280351727619
1503975280716955649
1503975282339942401
1503975282511949824
1503975282491158530
1503975284231786500
1503975284848144385
1503975285393588225
1503975285489864704
1503975286567628804
1503975288841060353
1503975289273131008
1503975289562574850
1503975289583460354
1503975291584417793
1503975291903180804
1503975294687846402
1503975294990000131
1503975295031951362
1503975295430414336
1503975298672566274
1503975299142205440
1503975299125555200
1503975299444183045
1503975302611238913
1503975302539747328
1503975304276201475
1503975304435765251
1503975305261723650
1503975305710641158
1503975306230706178
1503975306729713664
1503975306864074753
1503975311330869251
1503975311788359680
1503975311934996485
1503975311813521409
1503975311574069248
1503975312123650053
1503975312383696896
1503975313390567426
1503975315017801728
1503975316036984833
1503975316867338242
1503975321825169408
1503975322764644352
1503975322806538243
1503975323578220551
1503975324392075267
1503975325566394370
1503975326468423680
1503975327051169796
1503975329198931969
1503975330952138754
1503975336320528384
1503975337482493953
1503975337654644736
1503975337641742338
1503975338614870017
1503975339126497281
1503975338782896129
1503975339839541249
1503975341731291137
1503975342541008896
1503975343526641665
1503975344197582848
1503975344402931719
1503975348106575873
1503975348303806465
1503975348630798340
1503975348752506886
1503975348836388867
1503975348865626114
1503975349134274564
1503975351193645059
1503975351177060353
1503975351629881346
1503975351529410561
1503975352263385090
1503975351311024128
1503975353936932866
1503975354024742914
1503975362354626563
1503975360672714752
1503975362795032576
1503975363785150465
1503975365416390656
1503975366591131649
1503975366741868544
1503975368356683776
1503975368893648898
1503975368742797314
1503975369963151360
1503975371519279106
1503975373717049345
1503975373767602178
1503975376749481986
1503975377340977154
1503975379165495297
1503975380792791040
1503975382441238531
1503975382357209096
1503975384559538176
1503975386538938368
1503975387168075782
1503975388451540996
1503975389114388482
1503975389953085441
1503975389655605250
1503975385637163009
1503975390347464707
1503975391496531969
1503975391530209288
1503975392956145667
1503975393421897729
1503975393325465600
1503975394373947392
1503975394541723649
1503975395397455872
1503975396118712320
1503975396789825536
1503975396718813190
1503975398064893952
1503975398782251011
1503975399142866945
1503975401038782466
1503975401403473920
1503975402099773442
1503975401818783744
1503975402963931137
1503975403350036480
1503975403626532864
1503975404125638659
1503975407082782720
1503975408370434050
1503975408320008201
1503975408336781315
1503975408454320128
1503975409125232640
1503975410433986562
1503975411545423872
1503975412103520256
1503975413437157378
1503975413558747138
1503975414896955398
1503975415009845249
1503975415626436609
1503975416138125316
1503975419481108480
1503975420013989892
1503975420990935041
1503975422006292480
1503975423012532225
1503975423620702208
1503975423985987589
1503975424640135169
1503975425906819074
1503975426070175744
1503975426254901249
1503975426334486531
1503975427857125379
1503975428935262213
1503975429673295872
1503975429807304704
1503975431539609601
1503975432198443009
1503975431451873281
1503975433188122630
1503975435264491522
1503975435519942656
1503975436295946243
1503975435658571776
1503975436631650306
1503975436707053570
1503975436715388928
1503975439399849986
1503975439764647936
1503975440490278913
1503975441891168257
1503975441907990528
1503975442142969857
1503975445674577923
1503975447675166720
1503975449369534464
1503975451353825283
1503975452242677760
1503975453606002688
1503975454100787202
1503975457171152899
1503975458383097856
1503975458588827651
1503975460006350850
1503975461201670144
1503975462829240323
1503975463932379137
1503975463508660228
1503975465761001475
1503975467178672129
1503975467950678016
1503975469565476865
1503975469892632576
1503975472278900738
1503975472727691270
1503975473923174401
1503975474262802433
1503975474652930049
1503975474753683461
1503975476808855552
1503975477794508803
1503975478008463360
1503975478171996162
1503975478398496768
1503975481053528065
1503975482190180354
1503975482622046212
1503975483876290565
1503975484161331201
1503975485335752708
1503975486820536320
1503975486950502402
1503975487961694208
1503975488313708548
1503975488234168322
1503975488506646532
1503975488888270851
1503975489639223296
1503975489735565312
1503975490276794368
1503975491950178306
1503975493313384448
1503975493279776770
1503975493934137346
1503975494017978369
1503975493905022976
1503975495368646656
1503975498183245824
1503975501739991045
1503975503727788037
1503975504348647428
1503975505481109507
1503975504503877633
1503975507586863106
1503975507905298432
1503975508039581696
1503975508526120962
1503975510594002945
1503975511386898433
1503975512829485058
1503975512863084552
1503975513404104707
1503975514071080966
1503975514683236360
1503975514779930627
1503975515413442562
1503975517145661440
1503975518051446785
1503975518626013185
1503975521029279745
1503975524338647041
1503975524074684421
1503975526075179010
1503975526238760965
1503975528088358912
1503975528650317824
1503975528872570881
1503975530512760833
1503975530726625282
1503975530995290112
1503975531586408448
1503975533285154816
1503975533452967938
1503975534111379460
1503975535679922179
1503975540629422081
1503975541581393920
1503975541866733568
1503975542193725440
1503975545444474882
1503975545582850048
1503975545825947648
1503975546476060673
1503975546774253569
1503975547566641154
1503975549944926212
1503975550666244098
1503975551530283008
1503975555447902208
1503975555473059841
1503975555233771520
1503975556135591937
1503975556597321728
1503975558924881922
1503975559407501312
1503975562360070144
1503975563886739465
1503975563836284930
1503975567233740800
1503975567649038338
1503975567267274752
1503975568504549376
1503975572505915394
1503975574141870081
1503975576054362112
1503975577165856770
1503975578227073025
1503975579431096321
1503975580710096896
1503975583478607872
1503975585869041666
1503975586196242432
1503975586234085377
1503975586342977537
1503975586607239173
1503975586917924865
1503975587513344002
1503975586892500992
1503975588188413955
1503975589186719745
1503975589358800900
1503975589769723906
1503975589895720964
1503975590088564737
1503975598129127424
1503975600242917377
1503975600217894915
1503975600331046912
1503975600683245576
1503975600314216449
1503975602780446722
1503975603040665601
1503975605087350790
1503975605154553856
1503975605624320002
1503975606895378433
1503975608727982081
1503975609059393537
1503975609248059397
1503975610116411393
1503975611370332163
1503975610540249094
1503975611739656192
1503975612532277248
1503975612788224002
1503975612746190849
1503975614038040576
1503975615703134208
1503975616261103617
1503975616324026369
1503975616655155201
1503975617187917826
1503975617699659777
1503975619738038272
1503975620182642689
1503975621592219649
1503975622187659264
1503975623253184513
1503975624343699458
1503975625736040453
1503975626025304068
1503975629980848128
1503975631293501441
1503975633495347200
1503975633684086784
1503975633403396099
1503975635458400258
1503975636108394497
1503975638105001988
1503975638713057281
1503975640428539904
1503975641003089922
1503975642261565443
1503975643058515970
1503975643570216969
1503975644241162242
1503975644862070788
1503975645520486400
1503975645956939777
1503975646568980480
1503975646241775623
1503975647420559362
1503975648158658561
1503975648032927747
1503975648792043521
1503975650700722176
1503975650947915776
1503975652327936005
1503975652654989313
1503975652948688896
1503975652743168000
1503975652671713280
1503975654236246018
1503975656111046656
1503975657503698944
1503975657444892672
1503975659256774658
1503975661979029504
1503975662788521985
1503975664386396161
1503975664428404739
1503975664298328064
1503975665208549376
1503975665573453826
1503975666261557250
1503975666085150723
1503975667658018818
1503975667968348160
1503975669809754114
1503975669948194816
1503975676806045697
1503975676659044353
1503975677351006215
1503975678751870977
1503975678668115971
1503975679594958851
1503975679745875968
1503975680387829760
1503975680559693833
1503975681734098947
1503975682149257217
1503975681985691649
1503975684791746562
1503975685525848065
1503975686205284357
1503975687085957121
1503975686905729026
1503975688868704260
1503975689732890628
1503975690525626369
1503975692849012736
1503975693201580034
1503975693700452353
1503975694900293633
1503975697726926849
1503975699232681984
1503975699685724160
1503975700004495360
1503975700344164358
1503975701019512834
1503975701598384130
1503975702676258816
1503975703766786050
1503975704022638592
1503975709152264199
1503975710418898944
1503975710909558784
1503975711312392193
1503975711140302851
1503975711912050688
1503975712386129921
1503975715464785922
1503975717515657225
1503975718199476229
1503975718874750979
1503975719201910784
1503975719487029248
1503975720753713155
1503975721030778880
1503975721018195970
1503975722444111874
1503975724461477891
1503975725174431744
1503975725648388103
1503975725941997570
1503975726139142148
1503975728378875905
1503975729192710145
1503975729260015617
1503975729389780993
1503975729347891206
1503975729909821445
1503975730618966016
1503975730907996162
1503975731428216839
1503975731700932610
1503975732749422592
1503975732938125312
1503975733357539328
1503975733764395009
1503975737140948994
1503975737107390466
1503975739212902405
1503975740983103488
1503975741335158786
1503975741511196673
1503975742266392578
1503975742979272704
1503975743725916162
1503975744040747009
1503975744455720961
1503975745776930816
1503975746481664000
1503975746682949632
1503975746569707523
1503975748155359232
1503975749019123714
1503975752441729026
1503975752403808265
1503975757013520386
1503975759026827264
1503975759278489601
1503975760226258945
1503975760780210177
1503975761690206211
1503975762910535680
1503975763938189313
1503975767205715968
1503975766878748672
1503975767553847296
1503975767964676097
1503975767977259010
1503975768061272067
1503975768472231937
1503975768480747522
1503975769508298758
1503975770355826690
1503975772410761223
1503975772779945984
1503975773274841088
1503975774113591297
1503975775762100225
1503975776332713984
1503975777582215170
1503975779209674759
1503975780547670018
1503975780979998721
1503975782145789952
1503975783731236866
1503975788198174722
1503975789284392962
1503975790404378625
1503975792338141184
1503975793059581956
1503975793931792385
1503975796066693120
1503975796423024641
1503975798293815299
1503975798164041728
1503975798264385536
1503975800428797955
1503975801343332355
1503975802148319234
1503975803758862338
1503975804283228162
1503975804400635904
1503975805042380800
1503975805323714561
1503975807634403329
1503975809194758150
1503975809001955328
1503975809081802753
1503975809207447554
1503975809484308481
1503975810369306625
1503975810348490753
1503975812256706561
1503975813179269123
1503975816044027905
1503975818967621634
1503975820863279105
1503975821085618177
1503975821555470339
1503975823275143170
1503975823619104770
1503975824068071429
1503975824881602562
1503975827150626816
1503975827968770049
1503975831554576385
1503975832716341249
1503975835346169863
1503975835618840577
1503975836126367745
1503975837338464256
1503975839318175746
1503975840073367552
1503975840748605440
1503975845081219073
1503975845848825858
1503975847333609473
1503975847748935682
1503975848046903297
1503975848164184065
1503975848868818946
1503975849841901568
1503975852198883329
1503975852253405184
1503975852991651840
1503975853918593027
1503975854094708741
1503975854896041987
1503975856259035137
1503975856779440135
1503975857156632581
1503975858620534788
1503975859312541700
1503975859882893312
1503975860726284288
1503975861237821442
1503975863120850947
1503975863087362054
1503975863754256387
1503975864140062725
1503975865121746950
1503975866422149120
1503975867877400578
1503975869001486338
1503975871903846400
1503975873598279682
1503975873573097475
1503975875305525248
1503975879248003073
1503975880418336769
1503975882376941568
1503975883375509505
1503975883270688772
1503975887078760450
1503975886541901828
1503975889188626433
1503975891533135875
1503975891835052035
1503975893600923648
1503975895060692993
1503975895610150912
1503975896457224194
1503975895601713152
1503975902728056833
1503975903285575683
1503975903470231552
1503975904225423360
1503975904552267776
1503975907135995907
1503975907349905409
1503975907647799300
1503975909199544321
1503975909241470980
1503975910055284737
1503975909594112005
1503975910881566729
1503975911766786050
1503975913335275524
1503975914333376513
1503975915012960257
1503975916376150018
1503975916548104194
1503975917642653699
1503975922650824705
1503975924890484739
1503975926862073863
1503975929697034242
1503975929890029576
1503975929911119873
1503975930519298056
1503975930842259456
1503975930905063428
1503975932830392321
1503975934395023362
1503975935116152832
1503975935263059969
1503975936739319808
1503975936647000064
1503975937028739073
1503975938123522051
1503975939100884994
1503975939637760004
1503975940468224003
1503975942825291778
1503975944087740418
1503975944956129283
1503975945069285377
1503975945153224704
1503975945577074688
1503975947409637379
1503975949330640897
1503975949590740992
1503975948110106624
1503975950790238210
1503975950941310979
1503975951251947522
1503975951411068929
1503975952694779906
1503975953588166657
1503975954074710020
1503975960147685379
1503975962551418880
1503975962890969090
1503975963222163460
1503975963595448320
1503975963822014465
1503975965076066304
1503975965130694656
1503975965289943044
1503975968544722945
1503975970457280515
1503975973405880320
1503975975553576960
1503975976728166401
1503975978858528768
1503975979722887171
1503975980058263552
1503975981345869824
1503975982730203139
1503975982818119683
1503975983707455489
1503975985708150786
1503975990816813059
1503975992251011072
1503975992997470211
1503975993031208960
1503975992070529030
1503975996139073540
1503975998861238275
1503976000903794689
1503976001902198785
1503976007287537664
1503976007166210052
1503976007610474496
1503976009909080065
1503976013033709577
1503976012832509952
1503976013688156160
1503976014891954176
1503976015600791557
1503976016154308608
1503976016959660034
1503976020839321601
1503976020897984512
1503976021758201861
1503976021774815234
1503976021892161537
1503976021980237824
1503976022550757378
1503976023070851072
1503976025339826178
1503976026195472387
1503976027344752640
1503976027462455296
1503976027395080192
1503976031203516421
1503976031224532993
1503976032931618816
1503976033464188932
1503976033795649536
1503976034156220416
1503976034131066882
1503976038036082690
1503976041374785538
1503976041840525312
1503976043308277761
1503976043421614081
1503976044394532868
1503976046647025666
1503976047682985989
1503976051289911298
1503976052619870208
1503976052493897728
1503976053823635457
1503976054649544706
1503976055316488194
1503976057103286277
1503976057837301760
1503976058550374400
1503976061243211777
1503976061750628352
1503976062283223041
1503976065420697600
1503976066683133952
1503976066809016320
1503976067522248704
1503976068272869378
1503976069581643776
1503976070810599426
1503976071837872129
1503976073180200960
1503976073540751362
1503976076321562625
1503976077051449347
1503976077680545794
1503976078318379008
1503976078733418496
1503976080428118016
1503976082780815362
1503976083359604741
1503976083942567936
1503976084332855298
1503976086580826112
1503976086677336066
1503976088841568257
1503976091886792705
1503976094831054852
1503976095061741572
1503976096131428354
1503976096458551297
1503976097213562881
1503976100644282374
1503976103630995459
1503976103966228483
1503976104993820672
1503976105501655046
1503976106164056064
1503976106554232832
1503976106633826305
1503976111046205443
1503976111197229056
1503976112430407680
1503976114921820160
1503976115223752705
1503976116356145152
1503976116763168772
1503976116935036928
1503976117547384832
1503976118054912002
1503976118969421833
1503976120764362754
1503976121121058817
1503976121259507712
1503976122949591043
1503976126263177217
1503976128439939073
1503976132215214085
1503976132340711425
1503976133410402311
1503976136895864832
1503976137873100807
1503976138015748096
1503976138430840834
1503976143145295874
1503976144223285250
1503976145716498434
1503976146681008128
1503976146979143680
1503976146966298632
1503976147163365381
1503976149059256323
1503976150833692675
1503976154214019077
1503976155002548226
1503976160916492291
1503976160778403841
1503976162053214210
1503976162426458114
1503976163705856001
1503976164515205122
1503976164682989571
1503976165853253632
1503976166293749762
1503976166272634881
1503976166323113988
1503976168080699393
1503976170865537026
1503976172027318272
1503976173948522498
1503976176422952961
1503976177182019585
1503976180881387522
1503976181451964419
1503976181657669634
1503976182642982914
1503976182882226178
1503976186690650114
1503976187479031808
1503976187592380416
1503976189693628417
1503976189752328192
1503976191287611392
1503976191438602243
1503976194819047424
1503976195125551104
1503976195809226756
1503976195917897729
1503976198036090880
1503976197537075200
1503976198996578307
1503976199785271299
1503976200124907523
1503976200963870721
1503976202012610561
1503976200993390597
1503976202620399616
1503976203992334336
1503976204466278403
1503976206881878017
1503976207657934849
1503976208941432837
1503976209780293633
1503976210342178817
1503976214666653697
1503976214913900545
1503976215534727170
1503976217950576641
1503976219313942531
1503976220106625026
1503976221146816513
1503976221037711360
1503976223696904193
1503976223789109248
1503976223919460356
1503976225131438082
1503976225278406656
1503976226586771457
1503976228260552705
1503976229568872452
1503976230227525633
1503976233415380994
1503976233348268034
1503976237181517826
1503976237319946242
1503976238666293248
1503976239031222273
1503976239366877187
1503976241350975488
1503976241548111873
1503976243787894785
1503976246589460482
1503976247751151617
1503976248250302465
1503976249621766149
1503976251718979585
1503976255124692999
1503976255468847107
1503976256680779779
1503976258027208705
1503976258253705220
1503976258266603523
1503976261256945665
1503976260476694528
1503976261839949826
1503976261974065153
1503976262716456960
1503976264784297985
1503976264922800131
1503976266617171968
1503976266881388544
1503976267150147585
1503976269263814657
1503976270664994816
1503976272367689728
1503976272363356163
1503976272652902400
1503976274620030978
1503976274662162432
1503976275546804226
1503976278130573313
1503976278101176322
1503976278365552643
1503976280735244288
1503976281498845185
1503976283252072448
1503976284665303045
1503976284484870151
1503976284833128453
1503976284741058561
1503976288096186368
1503976288167477249
1503976290709168129
1503976291845898240
1503976292672151552
1503976293335207937
1503976294245367810
1503976294756802567
1503976295935639552
1503976300457119747
1503976300771426305
1503976303418089474
1503976303673761794
1503976303699103744
1503976306895114243
1503976307742281730
1503976308618915841
1503976308916715523
1503976309818486787
1503976310770737158
1503976312792403968
1503976313526259714
1503976313534754821
1503976314180550657
1503976315329806341
1503976316051197957
1503976318924427264
1503976319612293129
1503976320069353472
1503976321164222468
1503976323307520001
1503976324117184512
1503976324762902529
1503976325157117952
1503976325564051457
1503976326277255170
1503976326985773059
1503976326834933762
1503976328390840322
1503976329007579137
1503976329208815619
1503976330756456451
1503976330886479872
1503976331452706817
1503976331725271041
1503976332279140352
1503976332400726018
1503976333633675264
1503976334590038017
1503976333914738688
1503976335768649732
1503976335881900032
1503976336045445122
1503976336989245440
1503976337371189249
1503976338989985793
1503976340327907333
1503976344727666692
1503976344970952714
1503976344962867200
1503976345608458240
1503976347177304066
1503976348083097602
1503976350171893760
1503976351497261056
1503976351933546496
1503976352042688512
1503976352340402178
1503976353435062272
1503976353431015426
1503976355280695296
1503976357298065409
1503976358715744257
1503976358975836163
1503976361572339722
1503976361794310144
1503976362067042304
1503976365040701448
1503976368102551553
1503976368509382657
1503976372145950721
1503976373014118401
1503976374377324544
1503976375723642880
1503976377858633729
1503976379309867010
1503976383957118976
1503976384695353344
1503976386679083011
1503976387014762497
1503976390252716033
1503976390122782720
1503976390474944513
1503976390684676100
1503976392572166146
1503976393612222464
1503976394304462853
1503976395218763777
1503976396753756162
1503976398184402946
1503976398079373315
1503976399253565443
1503976399467597828
1503976400092827651
1503976400411402240
1503976401778745346
1503976401958887427
1503976404215484419
1503976404286775297
1503976405977079812
1503976407541583877
1503976407667740672
1503976408284278785
1503976407948734465
1503976410800705536
1503976411299782656
1503976411341606912
1503976412914630656
1503976413715734531
1503976413682040834
1503976411379343360
1503976415338803204
1503976416710643715
1503976416454627328
1503976415636635649
1503976417054265344
1503976418224521217
1503976418639859712
1503976418668998663
1503976419482812418
1503976419579232256
1503976420380332033
1503976421684760577
1503976421609570306
1503976421706059778
1503976424830644225
1503976428790075394
1503976429264191488
1503976430400593920
1503976432770314242
1503976432640294915
1503976432862646272
1503976433412042755
1503976434682896388
1503976436943794177
1503976439703498753
1503976441288962049
1503976442060849154
1503976443050487808
1503976442803404801
1503976444598583297
1503976446749904897
1503976446796173312
1503976447333265410
1503976448654258180
1503976449702711298
1503976450197647366
1503976453137854465
1503976455914594308
1503976456086601728
1503976460096184320
1503976461027495937
1503976461342064643
1503976462348845056
1503976462377840640
1503976465741848576
1503976466786181122
1503976467943899139
1503976468337991680
1503976468648382469
1503976469940387840
1503976471462912001
1503976472264028165
1503976473207930882
1503976475472830465
1503976475837575171
1503976477603291138
1503976478542868482
1503976480375808003
1503976480870891522
1503976481499746307
1503976481961091073
1503976482753982466
1503976483123040256
1503976483701747713
1503976484851097600
1503976487350767618
1503976488475017222
1503976489200631809
1503976491687858179
1503976493168590852
1503976493256306691
1503976493642248192
1503976495210921986
1503976495898845186
1503976497203273730
1503976497580687362
1503976499677904898
1503976499615088646
1503976500256808962
1503976500365647873
1503976500953030657
1503976501754359808
1503976503134011392
1503976503872172034
1503976504358809600
1503976505269014529
1503976506774667265
1503976507311464449
1503976507919716352
1503976509044043777
1503976511287746560
1503976511908585475
1503976512441180160
1503976513007357952
1503976514936840194
1503976514882539521
1503976515280670720
1503976515486289920
1503976520359944192
1503976520301232133
1503976520863256577
1503976520867409921
1503976522108989440
1503976522226536450
1503976522692153345
1503976523518427136
1503976524013137921
1503976524315123714
1503976523933446144
1503976525133090819
1503976524772372481
1503976526227730434
1503976527100215297
1503976527352205313
1503976528727916545
1503976530166239233
1503976532892475400
1503976535241285634
1503976535484780548
1503976535887392774
1503976536373968906
1503976537225248768
1503976537351024642
1503976542782771202
1503976544850440192
1503976545177661442
1503976546511437824
1503976547086213124
1503976548604416002
1503976549057499137
1503976550491860993
1503976553189081089
1503976554514518019
1503976558989656067
1503976559430062081
1503976559547498498
1503976560277131264
1503976561368002564
1503976561388576772
1503976561686429700
1503976562647080967
1503976562970054656
1503976562781270016
1503976563368673286
1503976563938893826
1503976565264236544
1503976565759041540
1503976565918646275
1503976567353098241
1503976568930066435
1503976570377019392
1503976571694161920
1503976571643699200
1503976572000251910
1503976572017156096
1503976573468393473
1503976574445572101
1503976575447883777
1503976576484093957
1503976579432546305
1503976580787294208
1503976581349339138
1503976582217576449
1503976583060946948
1503976585380212738
1503976587636756480
1503976587904966657
1503976588492242948
1503976589213986816
1503976590530670592
1503976592581615623
1503976593189912577
1503976593236103171
1503976593621807106
1503976595907829761
1503976597329793025
1503976597346750464
1503976598554382336
1503976604338618373
1503976604623593472
1503976604556431361
1503976605009743873
1503976604736778240
1503976606632538113
1503976608331284484
1503976608268525570
1503976609455689729
1503976610189701122
1503976612441767941
1503976617131061248
1503976618569568258
1503976618771251205
1503976621195370498
1503976623816720384
1503976624001220610
1503976624974299142
1503976626123644933
1503976626446495748
1503976626660519936
1503976627012878336
1503976627406921731
1503976627117572098
1503976627738402819
1503976628686241793
1503976628828966915
1503976628585594884
1503976628979785729
1503976629659262979
1503976630355648512
1503976631794339843
1503976631764877317
1503976632096284672
1503976633509756928
1503976633681670147
1503976635783032835
1503976636105957378
1503976637267951618
1503976639444574209
1503976638945574915
1503976640115793921
1503976639700430852
1503976642988941314
1503976643626680325
1503976644826083328
1503976644880437249
1503976645195177985
1503976643974549507
1503976645765611520
1503976646080094211
1503976645933166592
1503976646793080832
1503976647803891715
1503976648328286210
1503976650073116672
1503976651264303104
1503976652165955587
1503976652899962884
1503976655420854275
1503976656003899399
1503976656049872900
1503976656116932612
1503976658113552388
1503976658323349509
1503976660244250627
1503976660563111936
1503976661876080640
1503976663700365315
1503976665239543810
1503976669169668096
1503976670948167681
1503976671971782656
1503976672923553792
1503976672726597634
1503976673183739904
1503976673573842949
1503976676040003584
1503976676824211458
1503976677742985217
1503976678137106433
1503976678459994112
1503976678510452736
1503976679462551552
1503976679127097344
1503976680548880384
1503976681257648129
1503976681601650688
1503976681597399040
1503976682629251073
1503976686299357186
1503976688840966144
1503976690342514689
1503976690804011013
1503976694515916800
1503976696453615617
1503976697258917890
1503976698140033027
1503976698261368836
1503976698311847936
1503976698231939072
1503976700828299264
1503976702719975424
1503976703839948800
1503976704339030016
1503976705400008704
1503976705668657153
1503976709389012994
1503976711922216961
1503976712182263808
1503976712849264641
1503976713428086789
1503976713100922880
1503976715357331456
1503976718058803203
1503976718863843328
1503976719686017027
1503976721300987906
1503976721585823746
1503976722236121088
1503976722861068291
1503976723494412289
1503976724014723075
1503976727885668354
1503976728351281152
1503976730121408513
1503976731492818945
1503976731841294336
1503976732365254656
1503976732713492482
1503976732847751168
1503976735070912514
1503976737566183424
1503976738702958593
1503976739323539456
1503976739084681219
1503976743379488770
1503976745543766018
1503976746915438596
1503976747267923968
1503976747859005442
1503976747850952705
1503976749704654852
1503976753403813890
1503976753857019904
1503976754545061889
1503976757908713478
1503976758588198912
1503976758407999490
1503976759028744194
1503976760257523721
1503976761188569088
1503976761620635651
1503976762241273856
1503976763138854914
1503976763373760512
1503976764187492352
1503976765235994625
1503976766251151360
1503976767199277061
1503976767878574086
1503976767849119747
1503976768981536768
1503976769137049601
1503976770512429059
1503976772227977216
1503976774400544770
1503976774354579458
1503976774056689665
1503976774895484928
1503976776183123976
1503976776896233475
1503976776933916673
1503976779077324801
1503976780004466692
1503976780851744769
1503976783279968256
1503976783007285249
1503976784139677699
1503976785377177602
1503976786870382592
1503976786996056067
1503976787692462082
1503976788157997057
1503976788237905922
1503976788820561927
1503976792218116096
1503976792977469442
1503976795216953347
1503976796533841923
1503976801093099527
1503976801340919810
1503976804205436929
1503976804662448128
1503976806919118850
1503976809188237313
1503976811306561539
1503976812480798721
1503976812388360197
1503976813424353284
1503976814259146752
1503976814653415428
1503976815798325250
1503976817103106048
1503976819183157249
1503976820496023552
1503976821829869568
1503976822526320641
1503976822908006400
1503976824623476744
1503976828435943426
1503976828523982851
1503976828297433093
1503976829690028034
1503976829769568261
1503976831485038592
1503976832168779778
1503976831883558913
1503976835599663105
1503976835763380224
1503976836254031876
1503976839273877505
1503976839978573824
1503976840758796288
1503976840456974336
1503976841404633090
1503976845129424899
1503976846198681601
1503976846651641856
1503976849491169281
1503976850523049987
1503976850669948928
1503976851839934465
1503976852263690241
1503976853043916801
1503976853362589698
1503976854960545793
1503976856164483074
1503976856173027328
1503976858366394368
1503976859234619395
1503976859603804162
1503976860023144450
1503976861201846272
1503976861893754884
1503976862376243200
1503976862506229762
1503976862585868289
1503976862707552258
1503976862967812097
1503976863147905027
1503976863307386880
1503976864477589514
1503976866734120960
1503976868025753601
1503976868382453766
1503976869233897474
1503976869065945088
1503976871872110597
1503976872836833281
1503976874418098178
1503976877073244162
1503976877601529857
1503976879623049216
1503976880550326272
1503976882156437504
1503976882378788869
1503976882928332801
1503976883398062080
1503976884526522369
1503976885641830400
1503976888481558530
1503976888892542976
1503976888389476354
1503976889160855556
1503976890281107456
1503976892046655488
1503976892747350018
1503976893288050688
1503976894580015104
1503976894965899266
1503976894953234433
1503976895389442052
1503976896710823936
1503976897587384321
1503976897780269056
1503976898086699014
1503976898526818304
1503976899680382979
1503976900288561157
1503976900020121608
1503976901022556164
1503976902104686592
1503976904344616963
1503976905124376577
1503976906248495105
1503976906961555462
1503976906987012097
1503976906957500417
1503976909389983744
1503976912196145156
1503976914406551555
1503976915312422912
1503976916054908932
1503976916151410688
1503976917245915139
1503976917300514818
1503976917426339840
1503976918445703168
1503976918265348097
1503976918735101955
1503976920093966336
1503976920605933571
1503976920643477507
1503976920672788480
1503976921075396608
1503976920773500928
1503976924581834757
1503976926238887938
1503976927014522884
1503976927740235778
1503976928159551488
1503976928599965696
1503976929241833472
1503976929678049281
1503976930516873217
1503976931032989696
1503976932282621953
1503976933042028546
1503976933368991746
1503976934555881472
1503976932316090374
1503976935835279360
1503976936946962434
1503976938196836356
1503976938775662592
1503976941841489921
1503976942525161472
1503976943183556608
1503976944026759170
1503976945620598786
1503976947168206848
1503976947860312066
1503976948879572992
1503976949240119297
1503976949437325312
1503976951102418945
1503976952058761218
1503976952302088199
1503976952968802304
1503976953002483712
1503976954185547778
1503976955292655617
1503976957259747333
1503976958819975168
1503976959864311813
1503976961177227264
1503976965337858049
1503976965287555075
1503976965967122432
1503976965941780480
1503976967346917379
1503976967317516289
1503976967678398464
1503976968127225857
1503976968701763585
1503976969846726656
1503976972069838848
1503976975702048770
1503976976633118720
1503976979623981063
1503976979942584323
1503976980064051200
1503976982454759426
1503976982849245186
1503976983205761025
1503976983373381634
1503976985952808966
1503976987504914435
1503976988343627779
1503976988737953796
1503976990419865600
1503976991132991488
1503976991585812483
1503976991615238146
1503976992454377474
1503976994656161792
1503976995633483779
1503976995322925058
1503976998409949186
1503976998816804864
1503976999164989442
1503977000435912704
1503977000784248832
1503977002193367042
1503977003606691840
1503977005577957377
1503977007834865664
1503977010334515201
1503977010875486211
1503977015304613891
1503977015329935365
1503977016772730883
1503977018404503552
1503977020170162180
1503977022451818498
1503977024393662471
1503977024762884097
1503977024993509377
1503977027170443264
1503977027983986689
1503977028860915713
1503977028688629762
1503977028843974662
1503977029837893641
1503977030022762496
1503977030731419650
1503977031167586304
1503977033352679424
1503977034845929472
1503977034724229124
1503977036234346498
1503977036980891654
1503977037933203456
1503977037648007170
1503977038465564672
1503977038532997122
1503977038658813952
1503977039933894656
1503977040709529602
1503977041527558145
1503977043696005121
1503977045260447746
1503977046145306624
1503977046468280322
1503977046514483205
1503977047630168064
1503977046006853633
1503977047772708864
1503977050893389834
1503977051229155329
1503977050595463172
1503977051719565312
1503977051921219585
1503977051992252416
1503977053950918656
1503977055700283392
1503977057239408640
1503977057973248000
1503977058107785216
1503977060288577536
1503977063270727682
1503977063509725190
1503977064311177223
1503977064516358146
1503977066533998592
1503977068442394626
1503977070724259840
1503977072053600257
1503977072330481664
1503977072926269440
1503977073420951552
1503977076746952704
1503977076931579906
1503977076994764802
1503977076776325120
1503977077757788162
1503977077816668167
1503977080731889664
1503977081331339264
1503977082304536578
1503977082468311043
1503977083785170949
1503977084938379265
1503977085072723970
1503977085190164481
1503977087601987584
1503977088126173187
1503977091020124163
1503977092278538240
1503977092785983490
1503977092895186947
1503977093591441411
1503977093771669505
1503977095545999360
1503977096611303426
1503977095688507395
1503977097043226624
1503977098561552386
1503977099069374467
1503977099366862859
1503977099228585984
1503977100348469252
1503977100973387777
1503977102760108035
1503977103854759936
1503977104987336706
1503977105008209922
1503977105150943233
1503977106140712966
1503977107210518532
1503977109978497029
1503977111262048258
1503977112365109256
1503977116634914819
1503977117906006016
1503977118287364096
1503977118732111874
1503977118602080256
1503977119386595328
1503977119713415169
1503977119864479744
1503977119847698432
1503977120007340032
1503977120174952448
1503977120393052165
1503977120392904705
1503977124826255360
1503977124679467009
1503977125396635649
1503977127548362755
1503977127959580676
1503977128509186048
1503977129473716224
1503977130194964482
1503977130413244417
1503977130497085440
1503977130589368322
1503977130849353728
1503977131788967936
1503977132459917314
1503977135085604865
1503977135869939712
1503977136675344384
1503977137677684744
1503977138164482055
1503977138818805760
1503977140131287040
1503977140811108354
1503977140890619906
1503977142132039680
1503977144367476736
1503977144342376448
1503977145017769984
1503977144560791562
1503977145324171264
1503977146108329987
1503977143529017349
1503977146175303681
1503977146301120512
1503977146565464065
1503977146649395204
1503977147106721792
1503977147320385540
1503977147832090626
1503977148272771072
1503977149463597056
1503977150503870464
1503977150700998659
1503977153188306945
1503977153305538560
1503977154090094592
1503977158217248770
1503977158321979395
1503977160633372673
1503977160884690946
1503977162554351622
1503977163879432192
1503977163887894529
1503977167494938626
1503977168585428992
1503977169206317056
1503977173576790016
1503977176013893633
1503977176122949632
1503977176428908544
1503977177557389312
1503977178056245248
1503977178631147520
1503977181411745796
1503977181747331077
1503977182447947776
1503977183089512450
1503977183559266306
1503977184788156419
1503977186654625794
1503977186868531203
1503977187908718597
1503977188407726083
1503977188873416706
1503977191046270982
1503977191318634497
1503977191776059392
1503977194028421120
1503977194162253825
1503977195588497409
1503977195684859904
1503977195404165120
1503977198222385153
1503977198541320192
1503977198864134144
1503977199455846401
1503977203905622018
1503977204891348996
1503977205298249730
1503977206393053185
1503977206707490816
1503977208238456832
1503977210188746755
1503977210516238337
1503977211833253889
1503977213271674881
1503977213527355395
1503977214378840067
1503977214982987777
1503977217419796480
1503977218472648708
1503977220410204163
1503977220766937088
1503977221802835969
1503977222750699528
1503977222876532739
1503977222826340352
1503977223828774913
1503977224223215616
1503977224084627459
1503977224705294336
1503977225301168128
1503977228027129860
1503977228077776898
1503977228438106112
1503977229394792448
1503977229511843842
1503977230082449410
1503977230648684545
1503977230938304513
1503977230023774210
1503977231865028608
1503977231948738560
1503977233752342531
1503977234817851392
1503977234939494400
1503977235761541121
1503977236986310659
1503977237560836097
1503977238370390016
1503977239263731713
1503977239448363017
1503977239385284610
1503977239167262721
1503977240387850240
1503977241549623296
1503977243747385344
1503977243672035329
1503977244011773954
1503977244452032513
1503977244812734466
1503977246775599106
1503977250168967178
1503977250626183170
1503977252588978181
1503977252702363649
1503977253180526592
1503977254832861185
1503977255428509696
1503977257584721920
1503977258939305990
1503977261665382400
1503977262667886594
1503977262944645120
1503977261367762945
1503977264966520832
1503977268418424835
1503977270284800002
1503977270494519296
1503977270788395008
1503977270683348992
1503977273845862400
1503977273954738178
1503977275842502656
1503977276102393856
1503977276350033920
1503977277607997442
1503977275703771136
1503977278912540674
1503977280225300481
1503977281240199168
1503977281387216900
1503977283651989506
1503977284864290816
1503977286080491523
1503977286759944193
1503977286730600449
1503977286902509568
1503977287707987970
1503977288471351296
1503977289465446401
1503977290308505600
1503977290359009280
1503977291495636993
1503977292107767812
1503977292372103175
1503977291956719621
1503977293156257793
1503977293659934725
1503977293814841344
1503977294414553089
1503977294771097603
1503977295366684678
1503977295781908481
1503977296671166465
1503977296864161792
1503977297014976514
1503977297564495873
1503977298323808258
1503977298554494982
1503977300198576128
1503977301712809985
1503977302635466754
1503977302614589443
1503977304443207682
1503977305261101060
1503977305772683267
1503977307437940736
1503977308813549571
1503977308851425282
1503977311300947968
1503977313465217025
1503977313863675904
1503977315797241856
1503977316329918473
1503977317969940485
1503977318687121408
1503977318829608961
1503977321765949443
1503977322273116161
1503977323250565124
1503977323527213057
1503977326358454274
1503977331370913792
1503977332041666564
1503977333795221505
1503977334147543043
1503977334134685697
1503977335321776131
1503977342288502787
1503977344549146625
1503977345841254407
1503977347262783488
1503977352090603523
1503977352627650560
1503977353508114435
1503977353839620096
1503977354284400640
1503977356364775429
1503977358633897984
1503977358692298754
1503977360210677765
1503977361682972673
1503977361825406976
1503977360869437441
1503977361728950272
1503977363029504002
1503977363838799873
1503977364073684994
1503977367273984003
1503977368532176899
1503977369576558594
1503977369878470658
1503977369178193920
1503977370482622466
1503977370751225861
1503977371052953607
1503977370809606145
1503977372093145090
1503977373489786881
1503977374257455106
1503977375264030724
1503977375263981571
1503977375738077186
1503977375419224065
1503977378049110018
1503977378002845697
1503977378883989507
1503977378975989762
1503977380116893700
1503977380758491137
1503977381396037635
1503977381605752834
1503977381723533312
1503977382788669440
1503977383568699397
1503977383606435842
1503977384155963392
1503977384164433921
1503977389197770753
1503977389101137922
1503977390053392384
1503977390262800386
1503977392292859905
1503977392817201153
1503977394968969216
1503977397959471105
1503977399255552003
1503977402770157569
1503977403529703428
1503977406503260162
1503977411339337729
1503977413335736321
1503977417555144704
1503977417605783554
1503977418805366786
1503977422160601089
1503977422969925633
1503977424899305473
1503977426086465538
1503977426707091457
1503977430360354818
1503977431396454401
1503977433451704324
1503977436547100672
1503977436576329729
1503977438845411330
1503977439873343488
1503977440183431170
1503977441060085762
1503977441211174912
1503977441886445570
1503977444809879559
1503977445506043906
1503977446772670464
1503977447309524995
1503977451201966083
1503977451445227521
1503977451596259329
1503977452380594178
1503977452330106886
1503977452674351107
1503977454305951745
1503977453588709379
1503977454515359744
1503977456449032192
1503977458240212994
1503977458789666820
1503977460710400000
1503977461054259202
1503977461524344832
1503977461914038274
1503977462090412043
1503977464347119619
1503977465487986688
1503977467303927816
1503977467232534528
1503977471980437505
1503977471926050816
1503977475868545026
1503977476124413953
1503977476468637696
1503977477269762049
1503977478599200769
1503977478833987585
1503977479282868224
1503977480243363840
1503977484097765376
1503977484135677954
1503977484194308097
1503977484701765635
1503977486257995783
1503977486094598145
1503977486199279616
1503977487386128389
1503977488648597514
1503977488774426627
1503977488711442438
1503977491999838213
1503977493421715457
1503977493706985473
1503977496534032385
1503977495720255495
1503977497347600389
1503977497746022401
1503977499327283201
1503977499599986689
1503977500615098370
1503977501441224705
1503977503043448833
1503977503278444544
1503977503836315651
1503977504855449606
1503977505912360960
1503977506134704129
1503977508126879745
1503977508428926977
1503977508873637894
1503977510802927617
1503977510551314435
1503977511306227714
1503977512556183556
1503977512690675712
1503977514376777729
1503977517799120902
1503977518059376640
1503977518633684994
1503977518558294016
1503977519531319297
1503977524329652224
1503977524786835460
1503977527211032583
1503977527357935617
1503977527462838274
1503977527571791877
1503977532730662913
1503977535373463554
1503977535608029184
1503977536530833408
1503977537248112642
1503977538476908545
1503977540427436033
1503977542646177792
1503977543082385410
1503977543632044039
1503977544021786624
1503977546093764609
1503977547113299968
1503977548732153859
1503977550074159110
1503977551404072964
1503977551529758722
1503977551659937796
1503977552221999107
1503977552309891074
1503977553609953281
1503977556239822851
1503977560841015298
1503977560962584578
1503977561507905537
1503977562594476034
1503977564204851200
1503977564917936130
1503977566327435266
1503977567610679299
1503977571050045445
1503977573344239621
1503977574229286914
1503977574120128513
1503977575143464961
1503977575617495042
1503977577207246849
1503977578809413633
1503977579031805953
1503977581296721922
1503977581573734401
1503977584866086914
1503977584857473026
1503977584807227393
1503977585944182786
1503977586967388161
1503977587558682625
1503977587797684225
1503977590264115205
1503977590389981184
1503977590909984768
1503977590943784960
1503977592583557124
1503977592432443392
1503977592923344898
1503977593175003137
1503977593871400961
1503977597381844993
1503977596954062849
1503977597360910343
1503977599110086657
1503977602419109889
1503977603052584960
1503977603761582081
1503977603631390720
1503977604440895488
1503977604528975876
1503977608811229184
1503977608907796480
1503977610107400194
1503977610291789824
1503977610803511296
1503977610736390144
1503977612250693632
1503977612116623360
1503977613789904897
1503977615543386114
1503977616830836739
1503977617304735745
1503977617346682880
1503977618667888645
1503977619041435648
1503977619187937280
1503977618928185344
1503977617896222721
1503977620207112192
1503977621046104068
1503977621163499523
1503977622736453632
1503977623604539393
1503977624527380480
1503977626330750979
1503977626951892992
1503977627064803328
1503977627819905025
1503977629040496641
1503977629145260035
1503977629514403841
1503977630059614211
1503977631393353730
1503977632874233856
1503977633188495361
1503977634480361474
1503977635751288832
1503977636372295681
1503977637143887876
1503977640059084804
1503977641484857344
1503977641384194049
1503977641887555589
1503977642663501826
1503977647008886792
1503977647780597761
1503977649093361665
1503977651215626240
1503977651756695552
1503977652172034051
1503977654793687041
1503977655112278017
1503977654806257664
1503977656253042689
1503977656496234500
1503977657033183236
1503977658123706368
1503977658178490368
1503977659390652416
1503977662280175618
1503977663018397696
1503977663928619010
1503977664704495617
1503977666994606083
1503977666982076417
1503977667917348865
1503977668001345543
1503977668814987264
1503977668835889155
1503977669418905600
1503977670454960133
1503977670597812227
1503977672145133575
1503977673508327425
1503977674364145667
1503977675748220928
1503977676150824960
1503977676843151367
1503977677417504769
1503977677329350658
1503977677492998144
1503977678147260417
1503977679497879561
1503977679686619142
1503977680135340032
1503977680605421569
1503977681750495234
1503977683952173058
1503977684220710915
1503977684384292865
1503977685088886784
1503977685307035649
1503977687332884481
1503977689031487489
1503977689299968000
1503977690147213312
1503977691120287746
1503977692596637703
1503977692714131456
1503977693754372096
1503977696493195265
1503977696900091904
1503977697307160576
1503977698645114886
1503977697885962240
1503977700985225217
1503977701207642114
1503977702914768896
1503977704047230976
1503977711538085888
1503977711999467521
1503977712892854272
1503977713601679364
1503977713538781185
1503977714721734656
1503977715493326849
1503977715845799936
1503977717934477312
1503977717749858304
1503977716831379457
1503977718739873793
1503977719557926915
1503977719977103366
1503977724150370304
1503977724309913603
1503977723542257668
1503977724913893380
1503977724964188162
1503977725081849863
1503977726998417408
1503977727397081089
1503977727506120706
1503977729481650178
1503977730974515201
1503977732207689730
1503977732220194816
1503977739291959297
1503977739082412032
1503977739669356545
1503977739464097792
1503977740646563841
1503977741506465793
1503977745008631808
1503977746409603073
1503977747290509315
1503977748083224577
1503977748414742528
1503977750327173120
1503977751996293125
1503977756576559104
1503977757562220549
1503977757771976708
1503977758128582658
