1499187801929224192
1499187801878843397
1499187802684198912
1499187802671501312
1499187802822561794
1499187803053195265
1499187802797314049
1499187803271274501
1499187803376209922
1499187803531329538
1499187803216875520
1499187803518902275
1499187803715952644
1499187803812335619
1499187803032272896
1499187803795513347
1499187803908943873
1499187804206628864
1499187803510476801
1499187804210794499
1499187804470865920
1499187804445634563
1499187804579905538
1499187804823240708
1499187804873633796
1499187805221756935
1499187805309882368
1499187805456519168
1499187805850796035
1499187805833994242
1499187806006087682
1499187805875965952
1499187804768587777
1499187806362427395
1499187806274572289
1499187806211489793
1499187805859184642
1499187807092412420
1499187807188881414
1499187806077620224
1499187806463303696
1499187807260139524
1499187807251795971
1499187807218290691
1499187807193079808
1499187808208048130
1499187807927119873
1499187807616704519
1499187808447119360
1499187808287838212
1499187808581341191
1499187808556269578
1499187808556273664
1499187808518377472
1499187808648445952
1499187809327796226
1499187809260908546
1499187809265106947
1499187808975704068
1499187808618962945
1499187809344708610
1499187809923608577
1499187809751482375
1499187809705418752
1499187810762477576
1499187811064418306
1499187811517411333
1499187811240583173
1499187811756523520
1499187812553297920
1499187812540768258
1499187812633137154
1499187813127917569
1499187813417422850
1499187814591782914
1499187814839296003
1499187816181473282
1499187816420593666
1499187817250840582
1499187817137811464
1499187816705630208
1499187818446221312
1499187818861584385
1499187819025158154
1499187819952099332
1499187819939614725
1499187820505751559
1499187820971364358
1499187821055258624
1499187821596262401
1499187821629816833
1499187822124806144
1499187822544121856
1499187822888206336
1499187823051636738
1499187823286493185
1499187823257260034
1499187823596949506
1499187824175853571
1499187824540618754
1499187824880492546
1499187823592751105
1499187825316487168
1499187825534717955
1499187825618702343
1499187825849167874
1499187825455083520
1499187826453323777
1499187826428100618
1499187827506135044
1499187827539685379
1499187827187363846
1499187828059746306
1499187828302880770
1499187828466536462
1499187828776964098
1499187828844122113
1499187829171277826
1499187828814585859
1499187829603246084
1499187829359919110
1499187829917855750
1499187830333243392
1499187830723162121
1499187830832181251
1499187830349864961
1499187831163351042
1499187831688032260
1499187831641882624
1499187832048521216
1499187832287600642
1499187833067560961
1499187833038249985
1499187834544140289
1499187833625579521
1499187834732744705
1499187835316109312
1499187835244408833
1499187835311513603
1499187835777261571
1499187834783416320
1499187836217659397
1499187837157007361
1499187837077446658
1499187837568270343
1499187837266108416
1499187838994296837
1499187839417954310
1499187839480877056
1499187839640420354
1499187839883530247
1499187839967318026
1499187839820771328
1499187841091481604
1499187841347297286
1499187842081345539
1499187842525892611
1499187842874064908
1499187843129913355
1499187842475458560
1499187843557519361
1499187843670974470
1499187844279058448
1499187844077670400
1499187844727721986
1499187845763936260
1499187846216884229
1499187845822623748
1499187847605198856
1499187848146206720
1499187848150491141
1499187848741859328
1499187848888659971
1499187849429667846
1499187850436300806
1499187851031982084
1499187851132649478
1499187851216539650
1499187851346558978
1499187851539664897
1499187851526877201
1499187852059545604
1499187852361543683
1499187852701224964
1499187852927713285
1499187853061931015
1499187853170855936
1499187853514862593
1499187853833785351
1499187854269952008
1499187854085341189
1499187854911623172
1499187854945230857
1499187854806822912
1499187855557599237
1499187855540862981
1499187856014667776
1499187856102862848
1499187856149192704
1499187856316813320
1499187856270573568
1499187856320778242
1499187856455180289
1499187856992051207
1499187856744411136
1499187857445072901
1499187857222557700
1499187857755611136
1499187858615279620
1499187858539745281
1499187859256840195
1499187859529469952
1499187858800013315
1499187860926349313
1499187861060558849
1499187861442240512
1499187861421273089
1499187861916209157
1499187862016827393
1499187862520086539
1499187862461427718
1499187864256622599
1499187864654991365
1499187864403382274
1499187865112223751
1499187864868958217
1499187865733169155
1499187866068570113
1499187867536482314
1499187867800817664
1499187868748636163
1499187869889478661
1499187869914734593
1499187871462289409
1499187871349096454
1499187872452464640
1499187873165238276
1499187874176323585
1499187874109038597
1499187874356416515
1499187875144867840
1499187876084420610
1499187876336226311
1499187876562706434
1499187876982054913
1499187877015662597
1499187877422546944
1499187877703561216
1499187877984538624
1499187879951716357
1499187879410548737
1499187880425668609
1499187880714924033
1499187882891874309
1499187883437326336
1499187885077061640
1499187885299634176
1499187885916004352
1499187886545149954
1499187886809309186
1499187886553452547
1499187887178399751
1499187887589531656
1499187887509811202
1499187888050917379
1499187888805842949
1499187889497731073
1499187889967706114
1499187889959223300
1499187890210942977
1499187890101837824
1499187890940641280
1499187890995224577
1499187891267940359
1499187892555595777
1499187892597534724
1499187890580041733
1499187893201510407
1499187893117624321
1499187893537058822
1499187893843156994
1499187893885181953
1499187894463856640
1499187894627729409
1499187895638409218
1499187894875037704
1499187895894114304
1499187896074579975
1499187896196243456
1499187896393211904
1499187897173426176
1499187897404203009
1499187897764831233
1499187899023065088
1499187899417468928
1499187899757121537
1499187900084330496
1499187900235362305
1499187900591718401
1499187901946642432
1499187901904654338
1499187901543993351
1499187902852452355
1499187903448059905
1499187903729123329
1499187904190595082
1499187904312406016
1499187904681230342
1499187904874414083
1499187904916062209
1499187905838813185
1499187906006687750
1499187906346369025
1499187907046825988
1499187906958741505
1499187907185156096
1499187907092881409
1499187907210674178
1499187907294289941
1499187907797532676
1499187908124844040
1499187909517213698
1499187910154854401
1499187910024863749
1499187911551455233
1499187911652089857
1499187911928926209
1499187912088465410
1499187912566620161
1499187913149587471
1499187913162166274
1499187913321369603
1499187913694744578
1499187913963286530
1499187914080722945
1499187913841590276
1499187913904562185
1499187914470686720
1499187915251142657
1499187915716497409
1499187914768789507
1499187916551110661
1499187916890726404
1499187917075402757
1499187918392410120
1499187918367338509
1499187918484787207
1499187918807597057
1499187917918736385
1499187918660849666
1499187918778159104
1499187919239905280
1499187918652510208
1499187919764049924
1499187919621398528
1499187920342765571
1499187920711868416
1499187922125213701
1499187922209230848
1499187922821656579
1499187922586812420
1499187922733568004
1499187923320594438
1499187925451431943
1499187925921193988
1499187926621724672
1499187926327988225
1499187930048483336
1499187930132365314
1499187931600154626
1499187931533258759
1499187931768328192
1499187933311647747
1499187934683140101
1499187934666248194
1499187935047917571
1499187934989373449
1499187935979065344
1499187937195474948
1499187937530945537
1499187938349006850
1499187939204550656
1499187938969759746
1499187940127387652
1499187940056047624
1499187941733634051
1499187941880778754
1499187942471909376
1499187941993762825
1499187942610247681
1499187943113740294
1499187943520485379
1499187943881248770
1499187943851929600
1499187944002830342
1499187944627716096
1499187945961570305
1499187945970049028
1499187945907310596
1499187947089899530
1499187946905296899
1499187947500978187
1499187947614228481
1499187948042043396
1499187948054401024
1499187948301996032
1499187948360773635
1499187948339838980
1499187948838920193
1499187948897837061
1499187949375836161
1499187949984190466
1499187950055084032
1499187950587887617
1499187950470385666
1499187951305121795
1499187952387117056
1499187952714498059
1499187953016262657
1499187954480128001
1499187955126398976
1499187954887049216
1499187955663052801
1499187955977572358
1499187956233519104
1499187956791136262
1499187957114232838
1499187957210787840
1499187957043179520
1499187957529518083
1499187957659738113
1499187957701689347
1499187958263472132
1499187959244857345
1499187959253417986
1499187959492399106
1499187958724939779
1499187959601549312
1499187959064678400
1499187958536187906
1499187960444510210
1499187960499130369
1499187960574615561
1499187961270841344
1499187960947871749
1499187961195163651
1499187961463590912
1499187962785026052
1499187962914951168
1499187963057651715
1499187964827652096
1499187966773809153
1499187967000072192
1499187967193403392
1499187967616770055
1499187965813493760
1499187967822528512
1499187968023703552
1499187968677871617
1499187968711397376
1499187968615006209
1499187968921137155
1499187969596407810
1499187969856520198
1499187969856618496
1499187970221477892
1499187971500560384
1499187972230598656
1499187973157445638
1499187973547515908
1499187973665050626
1499187974029955085
1499187974398898178
1499187975393062912
1499187975380480003
1499187975917387781
1499187976026341380
1499187976286482436
1499187976399687682
1499187975694991361
1499187976374403073
1499187976324145153
1499187978173919239
1499187978819801088
1499187979226648578
1499187979465625603
1499187979700649984
1499187979952304132
1499187981265031173
1499187981478862848
1499187981655158785
1499187981931974660
1499187981928005634
1499187982519398401
1499187983072829441
1499187983630561285
1499187983718703108
1499187984096243713
1499187984842825734
1499187984804974595
1499187985102917638
1499187985329233921
1499187986185043972
1499187986323611649
1499187986868572160
1499187987090976771
1499187988093411328
1499187988189831168
1499187987728543750
1499187988345012227
1499187989922004993
1499187989876035587
1499187990031056896
1499187990949728256
1499187991130083328
1499187992069607430
1499187993868787714
1499187994175152134
1499187994322157575
1499187994724483072
1499187995483725828
1499187995827531777
1499187997207576578
1499187997564375041
1499187997363048449
1499187997710987266
1499187997790687232
1499187998113644549
1499187999866826755
1499188000441446406
1499188000558780417
1499188001661865989
1499188001854959620
1499188002018500608
1499188002282778624
1499188002165305347
1499188003218075651
1499188004484702209
1499188004858245122
1499188005101191168
1499188005222948867
1499188006040789001
1499188006527197185
1499188007324295169
1499188007332634627
1499188008871936000
1499188009635237888
1499188009551659009
1499188009719189506
1499188009748471808
1499188009979334662
1499188010268643329
1499188010251866113
1499188010499280898
1499188010549760000
1499188011719872512
1499188012072288260
1499188012206280704
1499188012554543106
1499188012865011714
1499188013280088065
1499188013808734211
1499188014181928963
1499188014571872257
1499188015360532481
1499188015041847308
1499188015406764037
1499188015716978690
1499188016992206851
1499188017109651468
1499188017038348293
1499188017482940425
1499188017671688202
1499188017776537601
1499188019546443776
1499188020653740040
1499188020167450629
1499188021865951233
1499188022402637828
1499188022499483649
1499188022385864706
1499188022146834433
1499188022847447041
1499188024810381318
1499188025359753219
1499188026068520963
1499188026928295936
1499188027146571777
1499188027175972866
1499188027284992000
1499188027486257155
1499188028966948869
1499188029696589826
1499188029927399424
1499188029977628674
1499188031147839491
1499188031664066560
1499188031647068163
1499188031705821185
1499188032796340234
1499188033043660800
1499188033135923203
1499188033140281348
1499188033760944130
1499188033853263882
1499188033953976323
1499188034285322244
1499188034448863237
1499188034771771393
1499188034767835140
1499188035899977728
1499188036084670472
1499188036592193537
1499188036814647296
1499188037225439234
1499188037976477697
1499188038303318020
1499188038647361541
1499188038827708424
1499188038940905480
1499188039309881344
1499188039494803461
1499188040316731398
1499188041151553540
1499188042355154946
1499188043122630657
1499188043391160321
1499188043303079938
1499188043911249925
1499188044968398849
1499188045362479106
1499188045630689280
1499188046721388550
1499188046943686657
1499188047027572739
1499188047652564993
1499188048113905665
1499188049111965696
1499188049841999873
1499188049930031109
1499188050261331974
1499188050286366723
1499188050727170052
1499188050860990466
1499188051066880001
1499188051398037513
1499188051368726529
1499188051599572993
1499188052207489026
1499188052261945348
1499188053809770503
1499188053868302337
1499188054220808193
1499188054845710340
1499188055021924358
1499188055273615366
1499188055906959362
1499188056154607617
1499188056322154497
1499188056502546433
1499188056661839878
1499188057228075010
1499188057186390018
1499188057081274371
1499188057714696195
1499188058037669888
1499188059094630401
1499188058314493955
1499188059295956992
1499188058087899138
1499188060348903425
1499188060478746640
1499188061288075264
1499188062437273603
1499188063209246723
1499188064584884225
1499188065390440449
1499188065608294401
1499188065725779970
1499188065587314693
1499188065973469184
1499188065704857601
1499188066145161221
1499188066262659074
1499188066799390721
1499188067231584257
1499188067843723264
1499188068133257222
1499188068326195202
1499188068699365376
1499188069177692161
1499188069991215106
1499188071186644995
1499188072772411392
1499188072935997442
1499188074307223552
1499188074713997313
1499188075121029121
1499188075242663937
1499188075641339907
1499188075746017283
1499188076014235649
1499188076035325952
1499188075980681216
1499188077104971776
1499188077251551234
1499188077675360257
1499188078249844741
1499188078237425668
1499188079260745729
1499188079403450373
1499188079596347396
1499188080414187527
1499188081978712066
1499188081974558724
1499188082888699906
1499188083174133764
1499188083861991424
1499188085950615552
1499188085875113988
1499188086412095491
1499188088010162177
1499188088274395141
1499188088308121600
1499188088341516291
1499188088496611333
1499188088651853833
1499188088618332161
1499188089272602625
1499188089675296773
1499188091118043136
1499188092107776003
1499188092711931905
1499188092900622338
1499188094704435203
1499188095467413508
1499188095585067008
1499188095610142726
1499188096067325955
1499188096927154183
1499188098311327748
1499188099280035844
1499188099481366533
1499188099817033729
1499188100940980225
1499188101356433413
1499188101419356166
1499188102929256453
1499188102891556867
1499188103231283203
1499188102841225219
1499188103130529803
1499188105500319744
1499188106183991312
1499188106167267329
1499188107501092864
1499188108121812995
1499188109816303616
1499188110022029318
1499188111603023875
1499188113452765188
1499188113767292929
1499188114970923013
1499188115566739460
1499188116011237377
1499188115923165185
1499188116300652551
1499188117361737728
1499188117642829826
1499188117634306050
1499188118016212995
1499188118745804802
1499188119505145857
1499188119651844103
1499188119836381184
1499188119962374144
1499188119895220226
1499188120918634505
1499188120851402752
1499188120616673286
1499188121946267656
1499188122084528129
1499188122596397057
1499188123263197187
1499188123120463872
1499188123313614850
1499188123510706176
1499188124626391044
1499188125314154496
1499188125679198211
1499188125608079360
1499188125909856257
1499188126656438277
1499188126933295110
1499188127436398597
1499188128107704324
1499188128233537540
1499188128199983106
1499188128757981186
1499188129626001411
1499188131727388674
1499188132050313222
1499188132473978883
1499188133103124481
1499188133039992837
1499188133379788800
1499188133568655370
1499188134143303688
1499188134638194692
1499188135154094080
1499188135095328768
1499188136257204229
1499188136341082123
1499188137624547330
1499188137662287879
1499188138261954560
1499188138412888070
1499188138836738049
1499188138161410048
1499188140736532483
1499188141466525697
1499188142150197256
1499188142368198657
1499188143207383040
1499188145182625793
1499188146646441987
1499188148022222852
1499188149125267466
1499188149666422785
1499188150039552001
1499188150358347776
1499188150945689605
1499188150895353856
1499188151687938048
1499188152749146113
1499188152023588868
1499188152799404039
1499188153202057216
1499188153567096833
1499188153487351809
1499188153676087300
1499188154712137730
1499188154867331076
1499188155815133184
1499188156033232897
1499188156238811141
1499188154745638921
1499188157279248385
1499188157660778496
1499188157841031171
1499188158440755200
1499188158499594246
1499188160294952962
1499188160433377280
1499188160668000266
1499188161661997057
1499188161762762761
1499188162303860739
1499188163511607300
1499188164581150725
1499188165881602048
1499188166724521984
1499188166686920709
1499188167005462532
1499188167815012353
1499188169144684552
1499188169442476033
1499188170361085957
1499188170826518530
1499188170973642753
1499188171568992261
1499188171875270657
1499188172068200453
1499188172328402946
1499188174278443008
1499188175029346304
1499188175201349632
1499188175457161217
1499188175893323781
1499188176040214528
1499188176639778817
1499188178200190982
1499188178103803906
1499188178447572992
1499188179295158273
1499188180066705415
1499188179953659910
1499188180083478533
1499188180368736257
1499188179726962690
1499188179374596098
1499188181627207680
1499188182361210880
1499188182206021632
1499188182369374209
1499188183904444421
1499188184172929030
1499188183988244480
1499188185368125440
1499188185838276614
1499188186240765955
1499188186697940997
1499188186513395718
1499188188916903943
1499188189445115908
1499188190959357958
1499188191336845314
1499188191852646400
1499188192557342722
1499188192720744448
1499188193383653378
1499188193538699264
1499188194235265024
1499188195774263297
1499188197296848897
1499188197217210372
1499188198051876864
1499188198529908736
1499188198563454976
1499188198420873218
1499188199020806145
1499188199691800579
1499188200522272774
1499188201759641602
1499188204401999873
1499188205236944898
1499188205534515200
1499188205525950465
1499188205622636552
1499188206650236936
1499188207585480712
1499188207644254208
1499188207430344706
1499188208210374656
1499188209103814656
1499188209259098113
1499188209523245057
1499188210123034629
1499188211364597760
1499188211918249987
1499188212421517313
1499188214313148416
1499188214820745219
1499188215093227521
1499188214963359745
1499188215558909960
1499188216238280706
1499188216997548037
1499188218452922368
1499188219052797964
1499188219228815365
1499188220285923330
1499188220692598785
1499188222701694979
1499188222932525063
1499188223762960384
1499188224186593281
1499188224429678593
1499188224824168454
1499188224878686210
1499188225109233664
1499188225369206785
1499188225893875712
1499188225973227524
1499188226275176450
1499188227114082306
1499188227613155328
1499188228040970242
1499188228926156807
1499188230016565248
1499188230125768704
1499188231761506307
1499188231858012170
1499188233070313473
1499188234437505025
1499188234592698369
1499188234722721794
1499188234982764544
1499188235058171906
1499188234970361856
1499188235154731010
1499188235054026757
1499188236735827968
1499188237541294080
1499188237813923842
1499188236479963141
1499188238119964673
1499188238677860353
1499188238845718530
1499188239068012549
1499188239336366080
1499188239420338178
1499188240104013831
1499188240066269188
1499188241140006916
1499188241165082626
1499188242511319040
1499188242822086660
1499188243920740352
1499188243903836167
1499188243933323264
1499188244390739974
1499188245481103363
1499188245942333444
1499188246106058756
1499188246382841856
1499188246248574976
1499188247519502337
1499188248450641928
1499188248568266755
1499188249394401285
1499188249847222273
1499188250199552000
1499188251445575681
1499188252334596101
1499188253513158660
1499188254398050305
1499188254385446915
1499188254846840834
1499188255887138823
1499188257070149634
1499188257078210560
1499188258315677707
1499188258374250496
1499188258974015488
1499188259918073863
1499188260987445251
1499188261209579524
1499188261788520455
1499188261750972418
1499188263151710215
1499188263319445505
1499188263956844545
1499188264045006848
1499188264166739968
1499188264393187329
1499188264405663745
1499188265802366976
1499188266121244683
1499188266154672129
1499188266255278082
1499188266297294850
1499188266754580482
1499188267287478272
1499188267476041729
1499188268025270274
1499188268231016453
1499188268310544387
1499188268637712386
1499188268478439428
1499188268637642754
1499188268872925184
1499188269254254594
1499188270189924357
1499188270621675523
1499188270831484929
1499188270940393472
1499188271657672711
1499188272181960705
1499188272576278528
1499188272496525318
1499188273557786629
1499188274052702209
1499188274463592448
1499188274375667715
1499188275042467846
1499188276141428745
1499188276015644680
1499188276296491008
1499188276435038212
1499188277177425921
1499188277265330177
1499188277122842625
1499188278251057155
1499188278901235716
1499188280482430977
1499188281443258372
1499188282734915584
1499188282709909504
1499188285201346561
1499188285826084866
1499188286190878722
1499188286689931264
1499188286887272453
1499188287809990659
1499188288720146434
1499188288933949442
1499188288938070019
1499188290225950722
1499188290330578948
1499188289659539459
1499188290842284032
1499188290968330246
1499188291882696711
1499188292603891713
1499188293828816898
1499188294499799044
1499188295187587079
1499188297020674049
1499188296454492161
1499188297742045191
1499188297968410625
1499188298958483456
1499188298996137984
1499188300120485888
1499188300585734145
1499188301286326272
1499188301236162560
1499188302439665667
1499188302657826818
1499188302695612416
1499188303538491394
1499188303530127361
1499188303559634948
1499188304507461639
1499188304608063489
1499188304465391616
1499188305505751048
1499188305568559104
1499188305627332613
1499188305799307268
1499188305874894855
1499188306399186944
1499188306017681410
1499188306449371138
1499188306734690306
1499188306889908241
1499188307003125761
1499188307061784581
1499188308051701760
1499188309226143745
1499188309653962752
1499188310127702017
1499188310199005184
1499188310543011841
1499188310471806983
1499188310769807360
1499188310853390342
1499188311088414721
1499188311499304961
1499188311612551168
1499188311855812610
1499188312388644864
1499188312476565507
1499188313848258562
1499188314334797824
1499188314401820674
1499188314623991814
1499188315609870341
1499188317132361729
1499188317568471041
1499188317585215489
1499188318411673605
1499188318701039621
1499188318650744841
1499188320114561025
1499188320194158592
1499188322031312897
1499188322035331077
1499188322480001026
1499188323092668416
1499188323067256833
1499188323063062530
1499188323562176514
1499188324866883588
1499188324950736897
1499188324518539264
1499188325365678083
1499188325659336707
1499188325751701508
1499188326439571456
1499188327555207176
1499188328775798784
1499188330231177217
1499188330151518209
1499188329770008577
1499188330746892288
1499188330927378434
1499188331019743241
1499188331044749312
1499188331762094081
1499188332072419333
1499188332315561985
1499188333360168961
1499188333125197826
1499188334970740739
1499188335973183496
1499188335818022914
1499188336258207747
1499188336803647490
1499188336916901891
1499188337415884802
1499188337478967297
1499188338258972676
1499188338628038659
1499188339479564298
1499188341270626309
1499188342650728452
1499188343791407106
1499188343858675712
1499188344722694145
1499188345112510465
1499188345523834881
1499188345200541698
1499188346265890817
1499188347478044673
1499188346765332480
1499188347889385472
1499188348354658304
1499188349004828673
1499188349118164999
1499188349759893505
1499188350485422084
1499188350573371394
1499188351261413379
1499188351471173638
1499188351672410112
1499188351789846529
1499188354235224065
1499188355157790720
1499188355954880515
1499188356500045824
1499188357800157185
1499188358060249088
1499188357968060433
1499188358102372360
1499188359851347971
1499188361210249218
1499188361793355785
1499188361914847232
1499188363051638788
1499188363013738498
1499188363219202048
1499188363370377216
1499188363617869824
1499188364901109760
1499188365148803073
1499188365010391040
1499188365316747265
1499188366251896834
1499188369175334912
1499188370651631619
1499188370962284544
1499188371390103552
1499188371524132864
1499188372459311108
1499188372232830976
1499188372434259971
1499188372547375104
1499188373361070081
1499188375303061507
1499188376028815361
1499188376678797312
1499188377014632450
1499188377089888261
1499188378251587585
1499188378268487685
1499188378935435267
1499188379463913478
1499188379862327300
1499188380709847041
1499188380751601664
1499188380860837888
1499188381699477511
1499188382160670720
1499188382265745411
1499188382261551107
1499188382433525762
1499188383502979074
1499188383440121860
1499188383851384833
1499188383951867911
1499188384308371458
1499188385285832704
1499188385348521989
1499188385499746305
1499188386355048449
1499188387315654665
1499188387655274496
1499188387776974850
1499188388699770881
1499188389299449859
1499188389945479176
1499188390839087104
1499188392722063365
1499188393955426304
1499188394043314177
1499188394462568452
1499188394962079746
1499188396161445888
1499188396148723717
1499188396887052292
1499188397205774337
1499188397059063810
1499188397700628483
1499188397868564491
1499188397377826816
1499188398338330626
1499188399235690496
1499188399776800768
1499188399734931461
1499188399869243393
1499188399063896066
1499188399692988421
1499188401085501441
1499188402830426123
1499188403140804608
1499188403635736581
1499188403975372804
1499188405107888136
1499188405544144900
1499188405959331845
1499188408266248194
1499188411009273862
1499188412212994052
1499188412405862402
1499188413165019142
1499188413530050561
1499188413949530113
1499188414171607041
1499188414264098816
1499188414721179649
1499188414628995093
1499188415186845703
1499188415287500800
1499188415413293056
1499188415987867650
1499188417321893888
1499188417871163393
1499188417971826689
1499188418047209476
1499188418261266442
1499188419095793667
1499188419766861825
1499188420853256192
1499188421138743299
1499188421629079553
1499188421595652098
1499188421734117378
1499188421994110979
1499188422514249728
1499188422371844097
1499188423772749826
1499188424066027520
1499188424493965324
1499188424699375618
1499188424938770434
1499188425622183940
1499188426234605568
1499188426117165056
1499188429430484994
1499188429338423302
1499188429342584834
1499188429757685762
1499188431540260864
1499188432228204549
1499188433020928000
1499188433100902400
1499188434002640898
1499188434170425346
1499188434572873736
1499188435868950536
1499188436204408838
1499188436221280259
1499188436674228231
1499188438238703618
1499188438482165761
1499188438641389571
1499188439123587072
1499188439304052739
1499188440218443781
1499188440742641667
1499188441027731461
1499188441044570118
1499188441631891461
1499188441661292553
1499188442747465730
1499188443292700674
1499188443821187074
1499188444433629184
1499188445410779141
1499188445217898496
1499188446782537737
1499188447948394496
1499188448422416388
1499188449760657411
1499188449928114176
1499188450905448449
1499188451442237444
1499188451555815431
1499188451773607938
1499188452423655432
1499188452499226625
1499188453518413824
1499188453908815873
1499188454084603904
1499188454298722305
1499188454915203073
1499188456337342464
1499188456341258244
1499188456756592640
1499188456706166791
1499188457939161092
1499188458744647681
1499188459172290564
1499188459583700997
1499188460560789510
1499188461361901568
1499188461961871360
1499188462372593664
1499188462670561283
1499188462905298945
1499188463073214465
1499188463408660482
1499188464180412422
1499188464960811008
1499188466042736648
1499188466399076352
1499188466835505156
1499188466415931392
1499188468374724609
1499188468534038530
1499188468987019269
1499188469448466436
1499188470241116166
1499188470606331908
1499188470610227200
1499188470442385408
1499188470778056936
1499188471176564738
1499188471327440897
1499188471813922816
1499188471621206020
1499188472032022529
1499188473122770948
1499188473844092930
1499188475358334981
1499188476579037186
1499188477145108491
1499188477908471808
1499188478000570368
1499188478524805120
1499188479506345987
1499188479590387713
1499188479971889153
1499188480643059724
1499188481427447813
1499188481943166979
1499188482497032193
1499188482702409730
1499188482845159425
1499188485944909827
1499188486657941507
1499188486620041218
1499188486791995400
1499188486875848707
1499188487223799811
1499188487488249861
1499188487790247937
1499188489191104514
1499188489895751684
1499188490256400386
1499188490638139394
1499188490017382400
1499188492273733635
1499188492580098048
1499188492798402560
1499188493251227648
1499188493259456515
1499188493393747968
1499188493989335047
1499188495549878275
1499188496338092034
1499188496367603718
1499188497697198082
1499188498913366019
1499188499140026374
1499188499483869184
1499188499534295041
1499188499873992707
1499188500125655046
1499188500318633984
1499188500855468035
1499188501044248584
1499188501027319810
1499188502147313674
1499188502713409541
1499188503111950348
1499188503468408834
1499188504219242500
1499188504366141443
1499188504424706049
1499188505074937856
1499188505318244365
1499188505490206720
1499188505624424451
1499188505712467969
1499188506400284678
1499188507167715332
1499188507331506178
1499188507650183169
1499188508690239489
1499188509718061056
1499188510145888258
1499188510548545541
1499188510934265857
1499188511265931266
1499188511764713473
1499188511978799106
1499188513610211331
1499188513329139713
1499188514025447424
1499188514394619906
1499188515015479300
1499188515111772164
1499188514868457477
1499188515455877124
1499188516353458186
1499188516445908992
1499188517053734915
1499188517846634506
1499188518983110657
1499188520216248323
1499188520925097985
1499188521654968324
1499188521873125380
1499188522619654157
1499188522544214018
1499188523638874114
1499188524196806669
1499188524884676610
1499188524955979779
1499188525056602115
1499188525291474946
1499188525694177282
1499188525647818754
1499188526511915009
1499188526662905857
1499188526612574213
1499188527002800130
1499188527531278337
1499188527590002691
1499188528173182976
1499188529313640451
1499188529401933827
1499188530416812034
1499188531465539584
1499188532350496772
1499188532283379715
1499188533394874372
1499188533503926284
1499188533558329345
1499188534292459531
1499188535307476993
1499188535286501380
1499188535991099394
1499188535886323714
1499188536280588296
1499188536356048898
1499188537064894466
1499188537262063619
1499188537597517824
1499188537811369991
1499188538956472324
1499188539547914248
1499188539682086923
1499188539694608386
1499188539786870788
1499188540269285380
1499188540185452548
1499188540248363012
1499188541011681281
1499188541242449927
1499188541166952450
1499188541426855939
1499188541749817344
1499188542114836488
1499188542085287939
1499188542207107072
1499188542475575297
1499188543712727041
1499188544081850370
1499188543968759809
1499188545059184640
1499188545205981187
1499188545264758792
1499188545302544384
1499188545893720064
1499188546174812163
1499188546636328961
1499188546803957763
1499188546200117249
1499188546929897473
1499188547328241664
1499188547454390276
1499188547894464517
1499188548712468481
1499188548691542020
1499188549270257664
1499188550071320577
1499188551929380866
1499188552600543232
1499188553972133890
1499188554823524357
1499188554806693888
1499188554865340418
1499188554844545027
1499188555590955008
1499188556178280455
1499188556560211968
1499188556215975938
1499188556731977729
1499188557197586437
1499188557302222850
1499188558669791233
1499188559059771397
1499188558648815617
1499188560192282631
1499188560007626754
1499188561396051971
1499188561299615746
1499188561891020808
1499188561752596485
1499188562385768452
1499188562969100290
1499188562901749761
1499188563585474562
1499188564369805314
1499188565120811010
1499188566236168193
1499188567196712960
1499188567419101184
1499188567972605952
1499188568027287552
1499188568211734529
1499188568207478785
1499188567976804353
1499188568773828613
1499188568853409792
1499188569260412928
1499188569319084032
1499188570447351809
1499188571302871042
1499188571659554817
1499188571873423362
1499188573026799619
1499188573010079746
1499188573509197824
1499188573362393088
1499188573823770630
1499188576055365638
1499188576638189573
1499188577187545089
1499188577506369536
1499188578391367684
1499188577883807749
1499188579922108417
1499188580199010306
1499188580475883520
1499188580475830272
1499188580580741129
1499188580840722433
1499188580996075524
1499188581575065604
1499188581952147457
1499188582195634176
1499188582677946368
1499188583432867840
1499188583734906883
1499188584770850816
1499188585500712964
1499188585689497602
1499188587295739906
1499188587870384129
1499188587774066689
1499188586855477248
1499188589091254272
1499188589791518724
1499188591137751041
1499188591200813056
1499188591498567681
1499188591708172289
1499188592563785728
1499188592366993409
1499188593113411587
1499188593159507968
1499188592962195458
1499188594463891458
1499188595151626242
1499188595298553861
1499188595306860548
1499188595332161551
1499188595181371392
1499188596426817537
1499188596796162049
1499188597437734917
1499188597852942337
1499188598255808512
1499188598582792192
1499188598729498624
1499188599945932800
1499188599924875267
1499188600411467779
1499188601573326854
1499188601934000133
1499188602433150979
1499188603699793925
1499188604798701568
1499188604362391552
1499188604920385537
1499188605147021313
1499188605213974535
1499188605901852675
1499188606279114752
1499188606686089222
1499188607340404737
1499188609437548551
1499188609399750657
1499188611597561856
1499188611593519110
1499188613678092295
1499188614080593924
1499188615754174468
1499188617109032960
1499188617847226374
1499188618958716932
1499188619021811712
1499188618824495107
1499188620648980480
1499188621244461058
1499188623324762113
1499188623756836867
1499188623937204224
1499188624079953933
1499188625870770176
1499188625589686273
1499188627200479232
1499188629280735235
1499188629406511105
1499188630698356736
1499188631143174146
1499188631281422336
1499188631487107072
1499188631621099520
1499188632028168196
1499188633605226500
1499188635824013314
1499188636692230155
1499188637929545734
1499188638302752771
1499188637967450113
1499188640110501890
1499188640236425220
1499188641045770244
1499188641104822273
1499188641465516033
1499188641494716418
1499188641716916228
1499188642530607111
1499188642849431558
1499188642874634243
1499188643646390277
1499188644350992384
1499188645135327234
1499188646250905602
1499188646410285057
1499188646376706048
1499188646334943240
1499188647131811848
1499188647391727619
1499188648251645953
1499188649921028100
1499188651779313665
1499188651749781504
1499188652257120256
1499188652114526211
1499188652563333120
1499188656300441602
1499188657156206599
1499188657265205248
1499188657294651393
1499188657990692864
1499188658305486850
1499188659857285125
1499188660415393792
1499188660616724482
1499188660792610820
1499188660771635203
1499188661581230082
1499188661103042564
1499188662604423168
1499188662533197826
1499188663816708099
1499188663829540866
1499188664794071046
1499188665322700802
1499188665855135748
1499188666190766080
1499188666488422401
1499188666463309825
1499188666496913408
1499188667067166720
1499188667230789633
1499188667507609601
1499188667562147840
1499188667692113926
1499188671177711616
1499188671697891329
1499188672054317056
1499188672163422209
1499188671953604608
1499188672385757190
1499188672998092800
1499188675007160320
1499188675841777666
1499188676496142337
1499188676546359297
1499188678219939846
1499188678484439042
1499188678337626113
1499188679532814341
1499188680015040515
1499188680031932418
1499188682330365952
1499188682925953026
1499188683492106241
1499188684297543681
1499188685660688387
1499188687502180352
1499188687632015360
1499188688068227076
1499188689473359881
1499188690488553478
1499188690429480960
1499188690479812608
1499188690513444864
1499188690601402369
1499188692489015303
1499188691541057540
1499188693290348553
1499188694422630402
1499188695248916480
1499188696112848897
1499188696440053761
1499188697052368897
1499188697404567552
1499188697274724355
1499188697811628036
1499188697941557249
1499188698029735936
1499188698507845637
1499188699875192843
1499188701347270656
1499188701351587849
1499188702593314817
1499188702601482240
1499188703771516933
1499188703998222342
1499188704547676174
1499188704296022018
1499188704342347777
1499188705482797063
1499188705524957189
1499188705600446476
1499188706342756354
1499188707407974403
1499188707126960128
1499188707689218049
1499188707445903360
1499188707873767426
1499188707982721035
1499188710100799492
1499188710906249223
1499188711313059840
1499188710927073280
1499188711459860488
1499188711816404994
1499188711950626817
1499188712395231233
1499188712663564293
1499188712898547714
1499188713712140292
1499188713678520321
1499188714118991874
1499188715272683522
1499188716572655624
1499188716757151744
1499188717478633474
1499188719017992195
1499188719596675074
1499188720179691523
1499188720762867715
1499188720825683971
1499188720448290817
1499188721564155905
1499188721786433539
1499188722293686281
1499188723921170434
1499188724332052490
1499188724609040387
1499188724592218112
1499188725007278082
1499188725301096451
1499188725406121989
1499188725942657025
1499188726295146498
1499188726299299840
1499188726684995587
1499188727301619714
1499188727813390336
1499188728333586439
1499188729281658881
1499188729776324610
1499188730988531714
1499188731462713346
1499188731613491201
1499188731617882113
1499188732582318085
1499188733106655232
1499188732670496769
1499188734062829568
1499188734507593735
1499188735878914050
1499188737561014276
1499188737602772992
1499188738357870592
1499188738617868291
1499188739981066248
1499188739955904515
1499188740777910277
1499188740794765312
1499188741323337732
1499188741360939008
1499188741025374210
1499188742174687233
1499188742766178309
1499188743344844800
1499188743508537352
1499188745148456960
1499188745387618306
1499188745492389890
1499188745601368064
1499188745916010501
1499188746331332611
1499188746306166789
1499188746348113920
1499188747329581057
1499188748638203905
1499188749674041345
1499188749825155076
1499188750059978756
1499188750617829378
1499188750848790530
1499188750638727175
1499188751104450563
1499188752429699074
1499188753105096706
1499188754283704320
1499188754615001091
1499188754531168267
1499188755172843521
1499188755160346629
1499188755097264129
1499188757261656064
1499188757664256001
1499188758599675906
1499188758582812678
1499188758775988224
1499188759702740998
1499188760432590848
1499188761648779268
1499188762055950338
1499188762110091264
1499188763104268288
1499188763167117312
1499188763251003392
1499188763385237507
1499188765603991552
1499188766593871875
1499188767105908736
1499188767399288839
1499188766736592900
1499188768183623681
1499188767319547907
1499188769689255941
1499188769819611136
1499188770423582721
1499188770364604421
1499188769823805442
1499188770729598985
1499188772424101893
1499188773434892288
1499188773527113728
1499188773548142592
1499188774206681091
1499188775234457604
1499188775238385676
1499188775431385089
1499188775746142208
1499188775901138947
1499188776215719941
1499188776437837830
1499188776752537601
1499188777142607872
1499188777327157253
1499188777662750721
1499188777843052552
1499188779256582147
1499188779831152640
1499188781454299139
1499188783870320649
1499188784008728577
1499188784121798659
1499188785082470405
1499188785032331272
1499188785560621064
1499188785799520260
1499188786277740549
1499188785082339330
1499188787703918595
1499188788219756552
1499188788492484621
1499188787703955459
1499188788861575169
1499188790497185793
1499188790719508483
1499188790413316099
1499188791411630082
1499188791625592833
1499188792208416769
1499188791386730497
1499188792510631937
1499188793479692288
1499188794922508292
1499188795320770560
1499188796172259331
1499188796444725249
1499188796914647041
1499188798877540354
1499188799485595651
1499188801486278657
1499188801607974912
1499188801889095681
1499188802618810371
1499188803646414850
1499188803621175296
1499188806251077641
1499188806678892547
1499188806716739588
1499188807345881091
1499188807689809922
1499188808008404993
1499188807819841540
1499188808121823241
1499188808717414403
1499188808889225216
1499188809153462275
1499188809828683777
1499188810826932227
1499188811485650945
1499188811645005833
1499188811863146499
1499188812097986563
1499188813578616840
1499188814195032067
1499188814971129858
1499188814971117571
1499188815054917633
1499188815080132615
1499188815012974594
1499188815390466050
1499188815608659969
1499188816024072192
1499188815994499078
1499188816640618500
1499188817487667213
1499188817932128256
1499188818645237762
1499188818548715523
1499188818817142793
1499188819953958916
1499188818733322240
1499188820243275777
1499188820952166400
1499188821342183425
1499188821493051393
1499188821610614785
1499188821715562497
1499188821782585344
1499188821929328640
1499188822558613507
1499188824945348609
1499188824269799431
1499188826148900867
1499188827101233152
1499188827503665153
1499188829290307584
1499188829319798789
1499188830091370496
1499188830234021889
1499188831316107267
1499188831270027265
1499188831706177538
1499188832507338752
1499188832859680768
1499188833946152964
1499188834550099972
1499188834751303680
1499188834994733056
1499188835594293250
1499188835737088001
1499188836760363008
1499188837225926657
1499188836760440837
1499188837809016833
1499188838115147778
1499188838463569920
1499188838673100808
1499188839755231236
1499188840426131463
1499188840510148617
1499188840636076034
1499188841235685380
1499188841823051776
1499188842712215559
1499188842930511873
1499188843161034753
1499188844658372612
1499188844620566528
1499188845358862340
1499188846621335559
1499188846789111810
1499188847217115136
1499188847334375432
1499188847355305986
1499188848542117891
1499188849259401218
1499188849750294529
1499188850354438145
1499188850337488899
1499188850383634432
1499188850769334273
1499188851528835073
1499188851629125635
1499188851365101570
1499188852036046849
1499188852317212680
1499188852438802433
1499188853529145345
1499188853982302213
1499188854070423556
1499188854343057410
1499188854644871169
1499188854892339200
1499188855576092674
1499188855936802824
1499188857253908480
1499188857635586050
1499188857362796546
1499188857958547456
1499188857979518976
1499188858390466567
1499188858549723137
1499188858570690560
1499188859287998466
1499188859485114368
1499188859581698050
1499188861280346120
1499188861628559365
1499188861640994817
1499188862375153673
1499188863071408129
1499188863624953857
1499188863457107972
1499188866410065923
1499188867794018309
1499188868553269249
1499188868947623936
1499188872470745091
1499188873196359680
1499188873670410241
1499188874056286211
1499188873984761864
1499188874475495424
1499188874391830530
1499188874949668874
1499188875478331392
1499188877180944385
1499188877357105155
1499188877260558336
1499188879152271364
1499188879726825475
1499188880410652675
1499188881022988295
1499188880720875522
1499188881614331905
1499188881761185802
1499188881928990720
1499188882121838594
1499188882415493127
1499188882465714177
1499188883300691971
1499188884093030403
1499188884768542724
1499188885242486789
1499188885812699137
1499188886940966916
1499188887737954306
1499188887779897345
1499188888069365765
1499188889059213314
1499188889466339328
1499188889415667713
1499188890141442049
1499188890468503561
1499188890544005123
1499188890615300102
1499188890929811459
1499188891282120706
1499188891483525125
1499188892267855874
1499188892855160832
1499188892821557254
1499188893656051712
1499188894318874625
1499188894272786432
1499188894461534213
1499188894541225984
1499188895698853891
1499188896197971973
1499188896793456643
1499188897317855232
1499188897234157573
1499188897686769666
1499188897846378502
1499188898488061955
1499188899033272324
1499188899020685314
1499188899226451970
1499188900983545861
1499188901130342403
1499188901436604417
1499188901495414787
1499188902103453699
1499188902585901068
1499188902422274051
1499188904045387776
1499188904322342913
1499188904620142593
1499188905630855168
1499188905664565251
1499188905865891843
1499188905924562945
1499188905953972224
1499188906977288194
1499188907295981569
1499188907342241797
1499188907547656194
1499188908587900928
1499188908579561473
1499188909045080070
1499188909271666689
1499188909346988038
1499188909619789826
1499188909800046593
1499188910131404803
1499188910190125062
1499188910232014851
1499188910227927044
1499188910508978179
1499188911163129857
1499188911444148228
1499188911469383683
1499188911888748547
1499188913507905543
1499188913029595145
1499188914778640385
1499188914845896708
1499188914976100352
1499188916217339906
1499188917106622471
1499188917307854853
1499188917668560904
1499188916313735168
1499188915722498053
1499188918725627907
1499188919031963649
1499188920499666944
1499188920591998977
1499188920050978818
1499188921602695169
1499188921657622529
1499188922043228161
1499188920461971457
1499188922882183169
1499188923570008068
1499188925251862531
1499188925411303424
1499188927755796481
1499188928141619200
1499188928519323648
1499188929161007108
1499188929349574660
1499188930436030464
1499188931346243586
1499188931727876096
1499188932034056193
1499188931774099456
1499188932931584001
1499188933703483394
1499188933787549696
1499188934466846720
1499188934047420417
1499188934747643912
1499188934902833157
1499188935439835138
1499188935754452995
1499188936979402754
1499188938984071173
1499188939332096003
1499188939449516033
1499188939772805123
1499188939885662209
1499188940380983297
1499188940984799241
1499188941412442114
1499188942360526849
1499188943711092738
1499188944285548546
1499188946982653954
1499188946974162946
1499188947116642307
1499188948056391683
1499188947599380483
1499188948572291083
1499188949025230849
1499188949524172800
1499188949784350722
1499188949881069568
1499188949725683722
1499188950132572160
1499188950724116494
1499188950853984269
1499188951915151364
1499188952552644609
1499188952858722306
1499188953311850497
1499188954435891204
1499188954226053122
1499188955383750657
1499188955685986308
1499188955937390598
1499188956461686788
1499188957258604545
1499188957191495683
1499188958139453444
1499188957673840643
1499188958659416067
1499188960265969668
1499188959104016389
1499188960593330177
1499188961192955905
1499188962128285696
1499188962237116417
1499188962308464640
1499188962329612295
1499188962619006983
1499188963336417285
1499188963726274560
1499188964011380736
1499188964229529600
1499188963051196419
1499188964560752640
1499188964938469383
1499188966398087168
1499188966511153152
1499188967656329221
1499188968293867527
1499188968747073536
1499188968872574976
1499188969086627840
1499188969258598406
1499188969346637828
1499188969430568960
1499188969673744388
1499188969463898118
1499188969925402627
1499188970743234561
1499188971405918209
1499188971221712899
1499188972437876736
1499188972630720525
1499188973083803652
1499188972211380228
1499188973343842311
1499188973440315395
1499188975289970692
1499188975738707973
1499188976435011585
1499188976476774403
1499188976741093382
1499188977068556293
1499188977110241283
1499188977471008768
1499188978229997572
1499188979916500996
1499188980402855942
1499188979903733763
1499188980776058880
1499188982139207683
1499188982424371200
1499188982541860866
1499188983305232386
1499188983435350019
1499188983657639936
1499188983972364288
1499188984299274245
1499188985184333825
1499188985200971778
1499188986723581954
1499188986740449281
1499188987403149328
1499188986274717697
1499188987130433537
1499188988162162688
1499188989567324167
1499188992205819905
1499188992364974080
1499188992515977216
1499188993061269505
1499188993799249924
1499188994214711297
1499188994822729729
1499188995724611594
1499188995678355458
1499188997310062600
1499188997553156096
1499188998203482119
1499188998329315333
1499188998484504582
1499188999369506816
1499189000124473344
1499189000430624769
1499189000149426176
1499189001416286209
1499189002104098822
1499189002389397504
1499189002406350848
1499189002968129540
1499189003425398790
1499189002624135172
1499189004276695040
1499189004801126403
1499189004880822275
1499189005522329600
1499189005719642112
1499189005723787264
1499189006382379016
1499189007388921859
1499189007414030337
1499189007044993034
1499189007556636674
1499189007959588866
1499189007829409792
1499189008089423877
1499189008303374336
1499189008332738565
1499189008471101443
1499189010387767298
1499189010761195524
1499189011109355524
1499189011251752965
1499189011683893250
1499189012413792263
1499189012459753473
1499189012807897088
1499189014594789379
1499189015513337864
1499189017014943745
1499189017040015367
1499189017283162113
1499189017472126977
1499189017723633668
1499189017924960257
1499189017878794242
1499189018340298758
1499189019095220231
1499189020085133314
1499189021192462339
1499189021892874249
1499189022593327107
1499189023176339459
1499189023184760838
1499189023398514690
1499189024052826112
1499189024489148417
1499189024849899521
1499189025206321154
1499189025705545730
1499189026158301185
1499189027764854790
1499189028159205378
1499189027924164610
1499189029039923202
1499189029421547523
1499189029698519044
1499189030432698371
1499189032403701762
1499189033104195588
1499189033196744705
1499189033397891072
1499189033905311746
1499189034329034756
1499189034488262656
1499189034379190275
1499189035545231361
1499189036627509250
1499189038225444871
1499189038342971393
1499189038602854400
1499189038791675904
1499189039362105345
1499189040381403140
1499189040695947266
1499189041165594624
1499189041157349379
1499189041040064513
1499189041274982400
1499189041475981314
1499189041736028162
1499189041983590402
1499189041971056640
1499189043241705472
1499189043225059329
1499189044290404352
1499189044848119810
1499189044806393859
1499189045754470401
1499189045863370753
1499189046131712001
1499189046089822211
1499189046903410691
1499189047604170752
1499189047650131970
1499189048316993547
1499189048556068865
1499189049252204545
1499189050493661185
1499189051353665539
1499189049810374656
1499189051802411013
1499189051886350341
1499189051919720450
1499189052020510723
1499189052641136641
1499189052792197122
1499189052905451523
1499189054088175618
1499189054419750922
1499189054302470147
1499189054650273792
1499189055258517505
1499189055225012224
1499189055812251655
1499189056617402368
1499189056793546754
1499189057376505856
1499189058022809600
1499189058496565252
1499189058601377802
1499189059016609792
1499189059637288964
1499189060664967168
1499189060685991942
1499189061076017156
1499189061134606337
1499189060883165185
1499189061298307077
1499189060748861442
1499189061646487554
1499189062082732033
1499189061818400768
1499189062414094339
1499189062707601410
1499189064381218819
1499189065018576900
1499189065769533444
1499189066071429132
1499189066130235392
1499189066239197185
1499189067103232000
1499189068067917825
1499189068806209537
1499189068827086848
1499189068604846080
1499189069443747841
1499189069804445698
1499189069821054980
1499189070903320583
1499189071175946240
1499189071658176513
1499189072295723011
1499189073302327296
1499189073482760196
1499189074107584512
1499189074426531841
1499189074258767872
1499189076397854720
1499189076746022916
1499189079522480131
1499189079707209728
1499189080172732417
1499189079002402817
1499189081325981698
1499189081901006849
1499189082181623808
1499189082576289792
1499189083335426048
1499189083385450498
1499189083913940992
1499189084119523328
1499189084472119296
1499189085012840448
1499189083414974469
1499189085453242372
1499189085549780999
1499189085247737858
1499189086770368517
1499189087420436486
1499189087542071298
1499189087437082626
1499189088796114947
1499189089098104834
1499189089194504192
1499189090050351105
1499189090067140609
1499189090239250433
1499189091216330753
1499189092080357378
1499189092508213249
1499189093183496193
1499189093078638595
1499189094189989894
1499189094416629765
1499189092180971520
1499189094445842435
1499189094571646982
1499189094600962048
1499189094588559363
1499189094953336833
1499189094961795073
1499189095427235841
1499189095519690758
1499189095637082118
1499189096127868928
1499189096534605825
1499189097990139907
1499189099088863232
1499189099986657283
1499189099789537281
1499189100695658496
1499189101081337857
1499189102368858114
1499189103249670146
1499189104579612675
1499189105112059909
1499189105061679108
1499189105430650880
1499189104797356032
1499189105531375617
1499189105833488386
1499189106072600578
1499189107641270282
1499189107876147208
1499189108660396034
1499189108807143424
1499189108534566912
1499189109167775745
1499189111231770624
1499189112133369858
1499189111785148416
1499189113332899840
1499189115228770304
1499189115782320128
1499189116600266753
1499189117308981251
1499189117946585094
1499189118474981380
1499189119125434368
1499189120480030722
1499189120492777478
1499189121943695362
1499189124384772099
1499189124007403522
1499189125987119111
1499189126167347200
1499189126402347011
1499189126423367684
1499189127518068740
1499189127715389440
1499189128029782017
1499189128268681219
1499189127946063873
1499189129585827840
1499189130818899974
1499189131481698307
1499189131846500355
1499189132077195270
1499189133197160457
1499189133327192067
1499189133444796419
1499189134488788995
1499189134602211332
1499189134614843396
1499189133788737539
1499189134878904320
1499189135671586817
1499189137018175500
1499189137584402438
1499189138062512128
1499189140071530506
1499189140323287042
1499189140759396352
1499189141912838148
1499189142831476743
1499189142680391681
1499189143204732931
1499189145725452288
1499189146518122499
1499189147520495619
1499189148497944585
1499189148481171457
1499189149298999297
1499189149349208071
1499189149731074051
1499189150121091074
1499189150150443009
1499189150343434241
1499189150565736453
1499189151140401161
1499189151610118148
1499189152281427971
1499189152658636812
1499189152650350596
1499189153619234822
1499189155514884100
1499189155368218624
1499189156232183811
1499189157607866368
1499189157914034178
1499189158388150273
1499189158484578314
1499189159499427840
1499189160078450690
1499189160678236164
1499189160913129480
1499189160963293190
1499189161261088768
1499189161550651409
1499189162884349954
1499189163421224961
1499189163866079233
1499189166067929088
1499189167078752261
1499189167925837824
1499189168387227649
1499189168710291457
1499189168668397569
1499189168785838081
1499189169465274368
1499189170006380545
1499189170635304963
1499189170996387840
1499189171013156865
1499189170937659393
1499189172870868995
1499189173034565637
1499189173726683137
1499189174250795011
1499189174720729088
1499189174523645955
1499189175156830210
1499189175161344000
1499189175811297280
1499189176066998273
1499189176344125442
1499189180601192448
1499189180873994243
1499189181624377346
1499189183528722432
1499189184325726209
1499189184711442437
1499189184904699904
1499189185701453824
1499189185751748611
1499189185693069312
1499189186565398529
1499189186716385287
1499189188247396356
1499189188238970890
1499189188167716866
1499189189396480001
1499189189467774976
1499189191632199682
1499189192068378625
1499189192110317575
1499189192701755397
1499189193318154241
1499189193880346633
1499189194429714434
1499189194886840322
1499189195465764866
1499189197034373122
1499189197860573187
1499189198133374979
1499189198229807105
1499189197978189824
1499189198644862976
1499189200280866817
1499189201002057729
1499189201560125443
1499189201828339712
1499189201643974660
1499189201870413829
1499189202470289408
1499189202650812418
1499189202730237953
1499189203300716546
1499189205628596224
1499189206425665536
1499189206727471107
1499189207121727489
1499189207268347905
1499189207969181698
1499189207998287877
1499189208208097280
1499189208640012288
1499189208925159424
1499189209415880704
1499189209567014912
1499189209478926345
1499189210200346627
1499189210406088706
1499189210418270210
1499189211131527169
1499189211961835520
1499189212356173824
1499189212469510153
1499189212624609284
1499189212746244098
1499189212641480707
1499189212368670720
1499189213295783936
1499189213606068234
1499189213589544960
1499189214126223366
1499189214428151811
1499189214423961600
1499189214864363521
1499189215325736970
1499189215371927555
1499189215959162883
1499189216776970243
1499189216705757188
1499189217016135684
1499189217066319873
1499189217947234309
1499189218261798919
1499189218215854081
1499189219167817728
1499189219478102024
1499189219415113737
1499189219620966401
1499189219712851969
1499189221285847040
1499189221436760064
1499189221738762240
1499189221809999872
1499189222321885185
1499189222577606660
1499189222669910017
1499189223362027526
1499189224049762306
1499189224419078145
1499189224968392704
1499189225467658241
1499189226230931457
1499189226864537604
1499189226956546052
1499189227183030276
1499189227422158849
1499189227187326981
1499189227258454016
1499189227652882435
1499189227661279234
1499189228332363779
1499189228911173632
1499189229091385348
1499189229422788608
1499189229204774914
1499189229787975680
1499189229934501894
1499189230345486338
1499189230953762819
1499189231121580034
1499189231771697155
1499189231821983746
1499189232136450048
1499189232904155136
1499189233449582592
1499189233528950786
1499189233646542855
1499189234112077831
1499189234405711872
1499189237505159169
1499189238167920640
1499189239220736002
1499189238994288647
1499189239933812740
1499189240537784327
1499189240965447683
1499189242131480576
1499189245042376711
1499189245168152577
1499189246065889282
1499189246111924224
1499189246036701185
1499189246468362243
1499189246938292224
1499189247340945414
1499189247949287424
1499189249416990723
1499189250633306116
1499189251321307136
1499189251598077955
1499189251409391621
1499189251610759168
1499189252151779335
1499189252235489282
1499189252718051334
1499189252969668612
1499189253221363717
1499189254047604748
1499189255456837634
1499189255675035656
1499189257402929152
1499189257675554819
1499189258925617152
1499189259227451393
1499189259491848195
1499189259970002945
1499189260603121664
1499189260653629442
1499189260758495234
1499189260628471818
1499189260317958146
1499189263568572421
1499189263530958853
1499189263799406597
1499189264235769856
1499189266018091010
1499189267641532416
1499189268144480258
1499189267297226755
1499189268534677505
1499189269340254209
1499189269520592896
1499189270023704577
1499189270053113856
1499189270421987329
1499189271282003970
1499189271751708678
1499189271705567234
1499189272791986176
1499189272909393924
1499189273060200450
1499189273517563905
1499189273882284036
1499189273983082500
1499189274058575877
1499189274268291073
1499189274444505090
1499189274624741376
1499189274981240835
1499189275455373316
1499189277036474371
1499189276873043971
1499189277514780676
1499189277644754947
1499189278437515266
1499189279179689984
1499189280572383234
1499189279951568898
1499189282044620802
1499189282317213702
1499189283353157638
1499189283487367170
1499189283764113410
1499189283814776834
1499189285110620160
1499189285374803976
1499189286004011016
1499189287224553478
1499189287325093889
1499189287199420417
1499189287367344128
1499189287883055108
1499189288398995462
1499189288495468544
1499189290504384513
1499189290609246208
1499189290697256960
1499189290999369732
1499189291888439297
1499189292161196035
1499189292484251654
1499189293319069697
1499189294354911236
1499189295239897093
1499189296322220032
1499189297085173762
1499189297840279556
1499189298167685121
1499189298569965569
1499189298507051008
1499189299023163396
1499189299899781128
1499189300373516291
1499189301615099904
1499189301694713858
1499189302974054402
1499189304593108997
1499189305503358980
1499189306627432459
1499189308510539778
1499189308854521857
1499189309290782720
1499189309269852161
1499189309609418757
1499189309794136069
1499189310976933890
1499189311069061121
1499189311291465731
1499189312994349058
1499189313594183681
1499189313996738563
1499189314265174020
1499189315322073089
1499189316438073346
1499189316786003969
1499189317939380227
1499189318153388032
1499189318354620419
1499189318392422403
1499189318962888716
1499189320833396737
1499189320997122053
1499189321374613507
1499189321634488324
1499189322066677768
1499189322305527810
1499189322394009600
1499189323073470466
1499189322871885830
1499189323517804544
1499189323564195843
1499189323845013506
1499189324180455424
1499189326537981954
1499189326671929348
1499189327238025220
1499189327217180677
1499189327464706049
1499189327812722689
1499189328026771460
1499189328630919169
1499189328655925251
1499189331788980224
1499189331738640385
1499189332132843522
1499189332632129539
1499189332204269568
1499189333198524418
1499189333789663233
1499189334121009156
1499189334154653699
1499189335450701824
1499189336423776256
1499189336532733961
1499189336545259523
1499189335635210241
1499189338265075714
1499189338416029709
1499189338604810243
1499189338789326850
1499189339028291591
1499189338793553923
1499189339250696194
1499189339678384129
1499189340030840833
1499189341263966212
1499189341494865922
1499189342966890498
1499189343621111809
1499189344095150081
1499189344451633153
1499189345483464705
1499189345865314304
1499189346498334720
1499189347408658436
1499189348666908676
1499189349119758342
1499189350537461762
1499189350457765890
1499189351267201024
1499189351741329415
1499189352265510913
1499189352651321344
1499189352928202754
1499189351820976133
1499189354576723968
1499189355377983489
1499189356623396868
1499189356904398850
1499189358393323526
1499189358213095425
1499189358913540096
1499189358464671748
1499189359869792256
1499189360511565827
1499189360524238852
1499189361262297091
1499189361623060483
1499189361551847431
1499189361694359555
1499189362021388293
1499189362814296069
1499189362935963651
1499189363020017668
1499189363028082688
1499189363648999426
1499189363699245057
1499189364072628237
1499189364613476353
1499189364726796291
1499189364857139200
1499189364924035075
1499189365368664067
1499189365511278597
1499189365838606337
1499189366157049856
1499189366559678465
1499189366765375493
1499189367092518912
1499189367318974467
1499189367281176578
1499189367520337921
1499189367482593283
1499189367813910535
1499189368669487105
1499189369273405440
1499189369529417737
1499189369885937664
1499189370385215489
1499189370762543104
1499189371274428416
1499189373266534401
1499189373434318850
1499189374910488577
1499189375401443332
1499189378295291908
1499189378568101893
1499189379302146049
1499189380279414791
1499189382305107972
1499189382653177860
1499189383928287232
1499189384188465153
1499189386315014145
1499189387388919809
1499189387556438025
1499189388151910400
1499189388852744195
1499189390731448321
1499189391419674627
1499189391666913284
1499189391771815940
1499189392748863489
1499189392962994185
1499189393638281218
1499189394351308807
1499189394640621568
1499189395664084993
1499189395781390339
1499189396058386433
1499189395890442240
1499189396544770056
1499189397861842945
1499189398646235137
1499189399321464841
1499189399606763521
1499189400080683011
1499189400508542979
1499189400491773953
1499189400680423425
1499189401171148800
1499189401007632388
1499189401464811526
1499189402068783109
1499189403411009536
1499189403977240583
1499189404304572416
1499189405231239172
1499189405742944260
1499189405994471432
1499189406640574465
1499189407936561154
1499189408104386563
1499189408741875714
1499189409278791683
1499189410927157250
1499189410298007552
1499189410931388418
1499189411048681474
1499189411120037894
1499189411682029568
1499189412323905537
1499189412747526150
1499189413133242372
1499189413296979971
1499189414236467203
1499189414613954569
1499189415440097281
1499189415666757633
1499189415792545796
1499189416002310146
1499189415486246913
1499189416379973634
1499189416702595074
1499189416480411648
1499189416811970561
1499189417575129094
1499189418871111687
1499189420318146562
1499189420699783168
1499189420855111689
1499189421928812548
1499189422415298573
1499189422612434949
1499189422675283968
1499189422717296642
1499189422864035840
1499189422868234241
1499189422696321026
1499189424076345347
1499189424994799616
1499189425582088195
1499189427133952001
1499189428153057280
1499189428325126148
1499189428350291969
1499189428853608450
1499189428698464256
1499189429285568521
1499189429562675201
1499189429491150848
1499189430078390272
1499189430048993286
1499189432397676547
1499189433928757248
1499189434360938497
1499189432485924864
1499189434713100295
1499189435677782023
1499189437250560004
1499189437535703042
1499189437946732546
1499189438420819973
1499189438475378692
1499189438760435713
1499189439033233408
1499189439406428165
1499189439922257921
1499189440467591171
1499189441059033097
1499189441726128129
1499189442975838213
1499189443118444547
1499189442464124930
1499189443433017345
1499189443520970753
1499189443885867010
1499189443818926081
1499189445718773765
1499189445219819521
1499189447660822532
1499189448034111494
1499189448453632003
1499189448847753216
1499189448868773893
1499189449166626823
1499189449279909890
1499189449389150210
1499189451171397634
1499189451251195904
1499189451511443456
1499189452115116032
1499189452748455936
1499189453423890433
1499189453973299200
1499189454803767299
1499189454812196866
1499189455160320000
1499189456120651781
1499189457374699523
1499189457643139080
1499189458020683779
1499189457920004100
1499189458893217794
1499189460881186816
1499189461690761216
1499189462215102467
1499189462504546311
1499189463133483011
1499189463204962309
1499189463251140612
1499189463443853312
1499189465394204674
1499189465675284487
1499189467055329282
1499189467512709122
1499189467856662534
1499189468145795078
1499189469014118413
1499189470570201089
1499189470712586240
1499189470666665991
1499189472298414083
1499189472637902850
1499189473208381441
1499189473984360449
1499189474684968963
1499189476022702083
1499189476031176708
1499189476496912385
1499189477457203200
1499189478430285830
1499189479168434180
1499189479705251841
1499189479608918021
1499189479831228424
1499189480149897216
1499189480133169153
1499189480498302978
1499189480540061696
1499189480674242563
1499189480862851073
1499189480867123205
1499189480867053569
1499189481651507204
1499189482125283329
1499189482230190081
1499189482330988545
1499189483543093249
1499189483866107904
1499189484264509442
1499189485451493379
1499189486151995398
1499189486202273792
1499189486260944903
1499189486206423041
1499189487133511682
1499189487196323844
1499189488341430276
1499189488534245378
1499189489238958084
1499189489624883207
1499189489838735360
1499189490153234434
1499189490824450055
1499189490270625792
1499189491294212097
1499189492607033346
1499189494205284355
1499189494355881985
1499189495035355141
1499189495119421443
1499189496121856000
1499189496201584641
1499189497505849344
1499189497652674560
1499189497812107265
1499189497946271744
1499189498105765895
1499189497644281859
1499189500081152005
1499189500622573570
1499189500622565379
1499189500769046529
1499189500723228673
1499189502350299137
1499189502468030467
1499189503822495744
1499189504447778817
1499189504426614789
1499189504829116420
1499189506406109186
1499189506456571906
1499189506896904193
1499189508708790272
1499189508696281092
1499189510202138624
1499189510328188929
1499189510852124673
1499189512068472833
1499189512152383489
1499189512227885059
1499189512232177664
1499189512244707333
1499189512987107332
1499189513276452868
1499189513335287819
1499189513456795649
1499189513884684298
1499189514669023233
1499189515700817922
1499189515780595712
1499189516271337472
1499189516296282113
1499189517420572679
1499189519131680770
1499189519597260800
1499189519807131657
1499189521862336513
1499189522025926661
1499189522080444417
1499189522763894785
1499189522944249856
1499189524093620224
1499189524739489798
1499189525943304192
1499189526643699714
1499189526723543040
1499189527226859526
1499189528590000130
1499189528858353666
1499189529105870849
1499189529634394112
1499189530150072321
1499189530267631616
1499189530683146240
1499189531689590784
1499189531656040448
1499189531798425605
1499189533346349057
1499189533476327425
1499189533899993093
1499189533996462088
1499189534533300224
1499189535162650625
1499189535820943360
1499189535997001731
1499189536433258504
1499189537066860547
1499189538237087744
1499189538702475268
1499189539151089664
1499189540283568130
1499189540375957506
1499189540606541829
1499189540724092930
1499189541281878018
1499189541814484993
1499189542007590916
1499189541768413184
1499189542208815105
1499189542602952713
1499189542619918342
1499189543429451776
1499189543223791621
1499189543400091658
1499189543613861888
1499189544142643200
1499189544188461056
1499189544213790722
1499189544314630149
1499189544922537986
1499189544679321603
1499189545795035142
1499189545249742857
1499189546776502272
1499189546725961731
1499189548865236998
1499189550178054146
1499189550341496836
1499189550253490180
1499189551155539968
1499189551860002820
1499189551897903105
1499189553239781381
1499189554565287938
1499189555064455178
1499189554892488704
1499189555454349313
1499189555806838788
1499189556163203074
1499189556700016640
1499189556595372032
1499189556427784193
1499189557576847370
1499189557996236801
1499189558365376512
1499189558474387456
1499189558466035719
1499189559107756033
1499189559212523522
1499189559388786692
1499189559829344257
1499189560160538633
1499189560999305222
1499189561146101761
1499189561469149185
1499189562454814720
1499189563482333188
1499189564228915204
1499189564556156928
1499189563881066501
1499189565369761792
1499189565113909254
1499189565533437954
1499189565566996488
1499189565885714435
1499189565818474496
1499189566007390208
1499189566221295617
1499189566233788416
1499189566476980226
1499189566451986434
1499189566405853188
1499189566598696961
1499189567089299457
1499189567148208131
1499189567152349186
1499189567118790658
1499189567282315265
1499189567668297728
1499189567425032198
1499189567726915584
1499189567399895040
1499189568528162818
1499189569589506049
1499189570520289281
1499189571992576004
1499189572391030785
1499189573343014914
1499189573385175047
1499189573754421256
1499189573804597248
1499189574093864960
1499189573339029506
1499189574836367368
1499189575628967937
1499189576044216320
1499189575675047938
1499189575981412353
1499189576363032580
1499189576941768704
1499189577248034830
1499189577806135296
1499189577390694404
1499189578162642950
1499189579110580225
1499189579332657153
1499189580096024581
1499189579953283080
1499189580930719750
1499189581043978244
1499189581291393028
1499189582813929473
1499189583157903361
1499189583010930689
1499189583149518848
1499189583388418049
1499189583782858757
1499189583732703232
1499189583874957313
1499189584093229056
1499189584348942347
1499189584420388865
1499189584672047109
1499189585724653569
1499189585687027713
1499189587540856833
1499189587872301063
1499189588388159496
1499189588643958784
1499189589881282562
1499189590913171457
1499189590980239361
1499189592322314241
1499189592804626436
1499189593383616517
1499189593798852610
1499189594407026692
1499189594750869504
1499189595174752256
1499189595325542400
1499189595518369800
1499189595824537602
1499189595908493323
1499189595942301696
1499189596927766536
1499189597213163520
1499189597833949186
1499189598034927616
1499189598295150595
1499189598848647169
1499189599398072326
1499189601860259840
1499189602485166084
1499189602975768577
1499189603760287751
1499189604385239040
1499189606360616965
1499189606683664384
1499189606696112128
1499189607057043460
1499189608709566470
1499189608160051202
1499189609418346499
1499189609368014848
1499189610064191488
1499189610500395013
1499189610752413696
1499189611288952832
1499189612228804608
1499189612828368899
1499189614036279303
1499189614334119939
1499189614371905537
1499189614740869121
1499189616146096130
1499189616116899842
1499189617920200706
1499189618343915521
1499189618113232897
1499189618981453825
1499189619392499712
1499189619585388546
1499189619589533698
1499189619971084292
1499189620361281545
1499189620529115136
1499189620768133120
1499189620935991301
1499189621556748294
1499189622164893703
1499189622236139523
1499189625499176960
1499189626031902722
1499189627961458693
1499189628674347008
1499189628863082500
1499189629379092485
1499189630587056130
1499189630599671810
1499189632227069954
1499189632638263296
1499189632453513216
1499189632558252032
1499189634470842374
1499189635225894916
1499189635733340161
1499189636022751233
1499189636354252801
1499189637515935749
1499189637847281667
1499189638074093568
1499189638715650054
1499189639021694976
1499189639172825088
1499189640108015617
1499189640854650882
1499189641139957765
1499189641358057474
1499189641873739776
1499189641995563011
1499189642163273733
1499189642612121603
1499189645875236871
1499189646680629253
1499189647850688513
1499189647603240964
1499189647431323651
1499189648765165571
1499189649402740747
1499189650103095302
1499189649608036356
1499189650727923712
1499189651118116870
1499189651785064457
1499189651747258368
1499189652099457027
1499189652334407683
1499189653114601480
1499189653055983616
1499189653219561474
1499189654284914690
1499189654536404992
1499189655085850626
1499189655182319617
1499189654934982657
1499189655509602311
1499189655614328835
1499189655576596480
1499189656377827334
1499189656751013890
1499189657438879746
1499189658562924547
1499189660089827330
1499189659590488065
1499189660676988928
1499189661150949377
1499189661561802754
1499189661465337859
1499189662539157506
1499189663512383492
1499189663961018372
1499189664397381632
1499189664552345601
1499189664611446786
1499189665307451392
1499189665563561984
1499189665781452801
1499189665735356419
1499189666716733440
1499189667236921345
1499189667337433090
1499189667589066752
1499189667496796160
1499189668465631235
1499189668763484162
1499189671972196353
1499189673863917572
1499189674182647812
1499189674585296897
1499189675222872067
1499189675524775942
1499189675478630400
1499189675558330373
1499189677231910916
1499189677831692293
1499189677969997829
1499189679144398852
1499189679639252992
1499189680755122186
1499189680939892738
1499189681086504967
1499189681635958790
1499189682005061632
1499189682034384904
1499189682730676227
1499189682231517185
1499189683083001859
1499189684781600769
1499189684962013187
1499189685565808640
1499189687247945732
1499189687616827397
1499189687700930566
1499189687516282881
1499189688103759875
1499189689047212032
1499189689063931905
1499189689231708162
1499189690452221956
1499189690938896388
1499189690808901633
1499189691769257984
1499189692431953923
1499189692943712262
1499189693014949888
1499189693124124680
1499189693103095813
1499189693329686529
1499189693707014144
1499189693702881283
1499189694105636866
1499189695443439616
1499189695556861956
1499189695695175690
1499189695586177036
1499189695716147201
1499189696093687813
1499189695951081477
1499189696278241290
1499189697150652417
1499189695128879104
1499189697482010627
1499189697385488384
1499189697888849922
1499189697888804871
1499189699595833348
1499189700132810759
1499189700229320707
1499189701500194826
1499189703127359492
1499189703374897152
1499189704998146051
1499189705497325575
1499189706885640197
1499189707237998601
1499189707414319104
1499189707498045447
1499189709486104580
1499189710283055106
1499189710236889089
1499189712409722881
1499189712560398338
1499189712816570368
1499189713789501451
1499189714204573701
1499189713869033474
1499189715060334593
1499189716041621509
1499189716083740681
1499189716587057157
1499189717283180548
1499189718029901830
1499189719258869766
1499189719753584640
1499189719976099847
1499189720173408257
1499189720244690949
1499189720051601415
1499189720777048068
1499189722119168002
1499189722329100288
1499189722404429827
1499189722656260100
1499189722815479809
1499189723142574083
1499189723226644486
1499189724015071232
1499189724119846913
1499189724757430274
1499189725336412163
1499189727278546944
1499189728406605829
1499189728616218626
1499189728733655041
1499189729610240000
1499189730033950726
1499189730520489988
1499189730491125760
1499189731677986820
1499189732659449858
1499189733049651201
1499189733661892610
1499189734735859720
1499189735767613441
1499189736350437380
1499189736610672643
1499189735973167106
1499189736988155913
1499189738888073221
1499189738409971715
1499189739970342916
1499189739852812288
1499189740691595267
1499189740880289794
1499189740981166085
1499189741392125953
1499189741589307395
1499189743497662476
1499189743007023111
1499189743946510338
1499189744810426372
1499189746550992896
1499189747050328068
1499189747603939335
1499189747905961988
1499189750049095681
1499189750896513028
1499189751148019712
1499189752213344257
1499189752305754115
1499189752427278336
1499189752418877441
1499189753039626240
1499189753408733184
1499189753798922242
1499189753786286080
1499189754071498752
1499189754541514752
1499189755656900613
1499189756043075585
1499189756235714560
1499189758274125829
1499189759054385156
1499189759960354822
1499189759993913344
1499189759906029569
1499189760987996168
1499189762179092484
1499189762493714437
1499189763852619776
1499189765236830212
1499189766897733636
1499189767098941441
1499189767950405633
1499189769024286725
1499189769015906307
1499189769070419972
1499189769087164421
1499189769351450628
1499189770131415043
1499189770358083587
1499189769846378500
1499189770697777155
1499189771515613186
1499189771872129024
1499189772559945733
1499189773336035329
1499189773722071041
1499189773944119298
1499189774045048834
1499189774770393088
1499189775118471168
1499189775101612034
1499189775298809856
1499189776272052231
1499189776628559872
1499189776741646338
1499189778448896009
1499189778725675013
1499189776053792769
1499189779518275584
1499189780252434432
1499189780864712707
1499189780923367424
1499189780827222017
1499189781238059009
1499189781175148555
1499189781661732864
1499189782072729603
1499189782987034627
1499189783893004294
1499189786556391432
1499189786552279043
1499189786938126339
1499189787193856000
1499189787575697408
1499189788087398402
1499189788397563905
1499189788561207301
1499189789144363019
1499189789182021636
1499189789580480513
1499189789794336769
1499189789878325249
1499189791304335360
1499189791413387266
1499189791858077696
1499189792625549318
1499189791090483205
1499189794005520387
1499189794416463873
1499189794366177288
1499189794492067845
1499189795611758593
1499189797121781762
1499189797079994370
1499189798065557507
1499189799038689288
1499189799055417344
1499189799374053378
1499189800129150977
1499189801530146816
1499189802607865858
1499189803002343425
1499189803908317188
1499189804268933122
1499189804323463171
1499189805556682755
1499189805778972672
1499189806256906242
1499189806080962563
1499189807129542658
1499189808035512322
1499189808547221506
1499189809205727233
1499189810803712003
1499189811290255361
1499189813265719302
1499189813471326213
1499189813668421636
1499189814649884673
1499189815086137346
1499189815232892934
1499189814993764353
1499189815165734915
1499189815387979776
1499189815895633920
1499189816432410626
1499189816545759233
1499189817493667841
1499189817636110339
1499189818470846468
1499189819171553280
1499189820081455105
1499189821897588742
1499189822250000389
1499189823063658497
1499189823126523906
1499189823885635585
1499189824359653384
1499189825487785985
1499189825760604161
1499189826364616705
1499189826591019017
1499189827086045186
1499189829556387841
1499189829988462600
1499189830344863744
1499189830395129857
1499189830562955266
1499189830961479686
1499189831510994945
1499189831414390788
1499189831464804355
1499189831590633473
1499189832785883138
1499189832928706565
1499189834082095111
1499189834123935751
1499189834124042240
1499189834832773120
1499189834358820868
1499189835042471940
1499189835675971586
1499189835822780422
1499189835856285696
1499189836019748864
1499189836019867650
1499189837957578757
1499189838326632448
1499189838314102784
1499189838494547971
1499189840113553412
1499189840017248256
1499189841531215872
1499189841690599424
1499189841350692866
1499189841795461123
1499189841984200711
1499189842583957511
1499189842860773378
1499189843129208832
1499189843284353024
1499189844735578114
1499189845457051648
1499189846174097409
1499189847805861891
1499189848057389057
1499189848837861381
1499189850448171010
1499189851232604166
1499189851639664641
1499189851685638146
1499189852394434561
1499189854864916481
1499189854961168385
1499189854965432322
1499189855263285256
1499189855103901697
1499189856001568768
1499189856018251776
1499189856660033537
1499189857582821383
1499189858207735809
1499189858388041728
1499189859621167109
1499189860518662145
1499189860518797316
1499189861068447748
1499189861374377986
1499189862011846657
1499189862385307653
1499189863618338816
1499189863882526724
1499189865015095300
1499189865862336516
1499189865925287940
1499189865937727493
1499189866055282688
1499189867057922057
1499189867149881347
1499189867305132038
1499189867493920779
1499189867837804549
1499189867791761409
1499189868685058053
1499189869423300618
1499189869427539970
1499189870123749378
1499189870669008896
1499189871407247362
1499189871122001921
1499189871038152705
1499189872598335490
1499189873005449220
1499189873840095232
1499189874473197568
1499189874594832386
1499189875370860546
1499189875580366848
1499189875618512897
1499189875928567810
1499189876423602180
1499189876834676741
1499189877136625665
1499189877325324298
1499189877606338561
1499189877740613633
1499189878650810374
1499189879409979397
1499189879397306377
1499189879238008833
1499189879506280448
1499189880475332610
1499189880072679426
1499189881137864704
1499189881452511236
1499189881905500162
1499189882035445760
1499189882379505670
1499189882522312704
1499189884145307649
1499189884212310016
1499189884535418881
1499189884631797762
1499189885588357120
1499189885840015363
1499189886766784518
1499189887215489024
1499189887697784833
1499189888519852035
1499189889174224903
1499189890470141965
1499189890382061569
1499189891170721802
1499189892147986439
1499189892819173381
1499189892810747905
1499189894412832771
1499189894362636289
1499189895381897216
1499189895696420876
1499189896023789568
1499189896312987650
1499189897248350214
1499189897529524225
1499189897797718020
1499189898011623428
1499189898619744262
1499189899618041858
1499189899794210818
1499189900154912775
1499189900314177537
1499189902457638914
1499189902780473535
1499189904244453376
1499189905091670017
1499189905074831368
1499189905259388929
1499189906786045955
1499189909625655301
1499189909663399939
1499189910187741184
1499189910540111874
1499189911035035648
1499189911223681031
1499189911303639040
1499189914130341896
1499189914574852101
1499189915145613314
1499189914604568579
1499189916160466945
1499189916567232519
1499189917401894922
1499189917225824256
1499189917724733442
1499189918211264515
1499189918492282881
1499189919348137987
1499189919440330760
1499189919654498304
1499189919704657923
1499189921143300096
1499189921713692672
1499189921940180998
1499189923303378956
1499189923295166466
1499189924490366978
1499189925048107013
1499189925434085377
1499189925773824008
1499189926704918528
1499189927833124868
1499189927900188677
1499189928567005184
1499189928697417728
1499189928944717828
1499189929427017730
1499189932027531265
1499189931906072577
1499189933046525955
1499189933315084293
1499189934845874181
1499189935462662144
1499189936599093248
1499189936666382341
1499189936888893441
1499189936959811584
1499189937412792322
1499189937580564487
1499189937622683649
1499189937618698241
1499189938759532544
1499189938910228481
1499189939438768129
1499189939728261130
1499189939774402563
1499189939854098436
1499189940332027904
1499189941989003273
1499189942425165825
1499189942806794240
1499189944073527299
1499189944145027072
1499189944656531463
1499189945021440010
1499189945130438659
1499189945717739521
1499189946544017423
1499189946732720129
1499189947307204609
1499189947458277384
1499189948838072321
1499189949119275012
1499189949408624642
1499189950100787204
1499189950457208833
1499189950885072896
1499189951094685697
1499189951640051713
1499189952919195652
1499189953607127040
1499189953808539653
1499189954093723651
1499189955980976129
1499189957503631361
1499189957520289794
1499189957784530953
1499189957713354752
1499189958027841536
1499189958791159810
1499189958615121921
1499189959311384577
1499189959294603269
1499189960116682755
1499189960431349764
1499189960813031424
1499189960972328961
1499189961391845382
1499189963191107587
1499189963597963265
1499189964323622914
1499189964852297731
1499189965233795073
1499189965388857346
1499189965405954050
1499189966609711104
1499189966781526018
1499189967402192900
1499189967897210885
1499189968455053313
1499189968547287042
1499189968748814336
1499189969012854789
1499189971001004032
1499189971193892871
1499189973135810562
1499189973244727297
1499189973807173633
1499189974746337280
1499189975262195714
1499189975367262222
1499189975774113792
1499189978005389313
1499189978521378817
1499189978957496321
1499189980496908291
1499189980626837508
1499189981172092934
1499189981406920705
1499189981461377024
1499189982078160901
1499189982841696256
1499189983877509121
1499189984095612938
1499189984175210497
1499189984447934468
1499189984795922437
1499189985299386368
1499189985320349701
1499189985714577409
1499189986717016069
1499189986964475904
1499189988159901700
1499189988314988545
1499189988956639235
1499189990118633475
1499189990210822147
1499189989942480896
1499189990932180993
1499189990932488193
1499189991972368388
1499189992324681729
1499189992538591232
1499189992765083650
1499189992698138627
1499189993033580544
1499189993750863877
1499189994652504066
1499189994648662016
1499189995407650820
1499189996753932293
1499189997177434113
1499189997639024648
1499189998461063168
1499190000155566081
1499190000096710660
1499190001028026368
1499190001635975170
1499190003951456260
1499190004899360772
1499190005293453312
1499190005608103939
1499190007965302788
1499190007940059137
1499190008535994369
1499190009181904898
1499190012012867584
1499190012876787712
1499190012566388737
1499190012998561794
1499190014122414080
1499190014193946624
1499190015045390337
1499190015225733121
1499190015284244481
1499190016135729155
1499190016022515715
1499190016878301185
1499190017066950659
1499190017662586880
1499190017817997312
1499190019205984256
1499190021202808833
1499190022351867904
1499190022737702917
1499190023207350273
1499190024079917060
1499190024398643201
1499190024377667584
1499190024725667840
1499190024985849858
1499190026277580802
1499190027368243205
1499190028639031296
1499190028785709056
1499190028982906881
1499190029025005570
1499190028966277127
1499190028630691845
1499190030287265793
1499190031407321091
1499190030619013120
1499190032657223681
1499190033932296193
1499190033789685761
1499190034372587523
1499190034460811264
1499190034179792900
1499190034603380737
1499190035412828171
1499190037375713284
1499190037614788611
1499190037581160451
1499190037765836804
1499190037430214657
1499190039271510016
1499190039300882432
1499190039250710530
1499190039665778690
1499190040185954305
1499190040072761349
1499190040609824771
1499190040601239555
1499190040924205061
1499190040986935298
1499190041792364550
1499190042748948480
1499190043231014914
1499190043562614784
1499190043461623809
1499190043876941828
1499190044241711106
1499190044455845891
1499190045344878594
1499190045189849095
1499190045583966208
1499190046842232834
1499190047509082114
1499190047261683715
1499190049857961986
1499190051200135169
1499190051682533376
1499190052626305025
1499190052877963264
1499190052785692674
1499190053070848001
1499190053280657409
1499190053498728452
1499190053758996480
1499190053817491458
1499190055134396417
1499190055297900544
1499190055658786816
1499190055646212100
1499190056053006337
1499190055700930561
1499190056690409474
1499190057303154688
1499190057852411909
1499190057856606212
1499190057277796360
1499190058263351297
1499190057504284676
1499190058313785353
1499190058645032960
1499190058854887425
1499190059500769280
1499190059412643846
1499190059790184450
1499190059500670982
1499190060087980037
1499190060322750466
1499190062763888642
1499190062869020672
1499190064580284416
1499190065909702661
1499190067084115970
1499190067025391618
1499190066932973572
1499190067549593601
1499190067071369219
1499190067948142596
1499190068120268802
1499190067927134210
1499190068413620226
1499190069134979076
1499190069370015748
1499190069156249601
1499190069558714369
1499190069525049344
1499190070296776710
1499190069961412613
1499190071504912386
1499190071781642242
1499190072435904513
1499190072289153028
1499190073174245380
1499190073862021124
1499190074235179010
1499190075141283842
1499190075271360521
1499190075770511361
1499190076269641730
1499190076089192454
1499190077280370695
1499190078240870410
1499190078953951233
1499190079490650112
1499190080698785792
1499190081868865544
1499190081940336641
1499190081650839562
1499190082405908481
1499190083202826243
1499190083504717828
1499190083697709057
1499190084897181696
1499190086428073988
1499190086843330560
1499190086935756801
1499190087074127874
1499190087472582664
1499190087757623297
1499190088684736512
1499190088957415424
1499190089749909504
1499190089909297157
1499190090798702594
1499190091671080961
1499190091943755777
1499190092635717634
1499190093168328707
1499190093512380427
1499190094439141379
1499190095089389571
1499190095559204869
1499190095810904067
1499190095848607744
1499190097442394120
1499190097815781378
1499190098298122242
1499190098960781312
1499190099342675968
1499190101297016834
1499190101481512960
1499190101263400961
1499190102278361091
1499190102391767042
1499190102601478146
1499190103058653186
1499190103654248451
1499190104157573120
1499190105491320838
1499190105684131840
1499190105415823361
1499190107525451776
1499190107714191363
1499190108041400323
1499190109237051392
1499190109513478144
1499190109656293377
1499190109668790272
1499190109756960776
1499190110268633088
1499190110679564297
1499190110935412740
1499190111896064004
1499190112973950978
1499190113104195584
1499190113473277952
1499190113737318410
1499190114592907266
1499190114668396544
1499190115242942466
1499190115779944450
1499190116442681345
1499190116736196620
1499190118439133187
1499190118682353667
1499190119592513544
1499190120162873344
1499190120192548866
1499190120599076864
1499190120704090124
1499190120943026183
1499190121178009604
1499190121433911296
1499190121513381889
1499190122050424835
1499190123078078464
1499190124038565889
1499190124113924096
1499190124130627586
1499190126018109440
1499190127096127488
1499190127431663618
1499190127737905153
1499190128325152774
1499190128543211524
1499190128702541825
1499190130250240003
1499190130791182342
1499190130686398465
1499190131189768198
1499190130057170944
1499190132246999044
1499190132334751746
1499190132477415426
1499190133328912391
1499190134033780739
1499190134201516032
1499190134222303233
1499190135098904580
1499190135065395202
1499190134864068609
1499190135291793419
1499190135954489347
1499190136264790019
1499190136411721730
1499190136403218435
1499190137456050177
1499190138533986308
1499190138903093250
1499190139116998656
1499190139976835074
1499190140270366721
1499190140392161280
1499190141180542977
1499190143009411072
1499190143722340353
1499190144787701762
1499190144968331270
1499190145290891264
1499190145379188736
1499190145693663239
1499190145827815424
1499190146658447360
1499190147501461505
1499190147711127556
1499190148076032004
1499190148659040259
1499190148897988613
1499190149237911565
1499190149535596545
1499190149854470149
1499190150630309889
1499190150920032258
1499190151200788483
1499190152299966469
1499190152777777152
1499190153205596163
1499190153427968000
1499190154497388547
1499190154610810880
1499190154338004992
1499190155025940484
1499190155349196802
1499190155638358021
1499190155567063041
1499190156137353216
1499190156296957955
1499190157462880256
1499190157609603074
1499190157819449344
1499190158352355328
