1594541109908078593
1594541109786689536
1594541110516645890
1594541110814453760
1594541110969307136
1594541111619428352
1594541111875362818
1594541111992729601
1594541112336814082
1594541111942561793
1594541111074508802
1594541111846096897
1594541112651227136
1594541112257138688
1594541113200680960
1594541113963999235
1594541113993412608
1594541115126222849
1594541116338057216
1594541116589604865
1594541117176827905
1594541120671084544
1594541121933303809
1594541122591903744
1594541123522871296
1594541127402721280
1594541128048869379
1594541129516449792
1594541131429052416
1594541131676655616
1594541134360891393
1594541134491320320
1594541136399732736
1594541140589498369
1594541144394076164
1594541144838656002
1594541147338473472
1594541147749519361
1594541147447517187
1594541149821231104
1594541151511805952
1594541154258898944
1594541155563307009
1594541154619604993
1594541156322320385
1594541156062224385
1594541159140974592
1594541161682972673
1594541162609655808
1594541164987826176
1594541165608665090
1594541167122735108
1594541166992637953
1594541168427241481
1594541170553630721
1594541173393137664
1594541173653516291
1594541174953414656
1594541175025065990
1594541177902366720
1594541179491721216
1594541179432992769
1594541181203251202
1594541181203013632
1594541181555417097
1594541182717026305
1594541183468199936
1594541183757209602
1594541184759709696
1594541186022199298
1594541185883832322
1594541185242206208
1594541187570233344
1594541187805118464
1594541189746905088
1594541191235878913
1594541191265398784
1594541191491731457
1594541193404157952
1594541192594984964
1594541197204549632
1594541198152273921
1594541202019618816
1594541202455527428
1594541203261100032
1594541203260936192
1594541204376784897
1594541204401983488
1594541206687698946
1594541207476375553
1594541208423960576
1594541209636065280
1594541209862619136
1594541209967476736
1594541210353504257
1594541210319757312
1594541210676371457
1594541210919522304
1594541211506786305
1594541210940674049
1594541220982050818
1594541221875269634
1594541221975769089
1594541222739472384
1594541220365205507
1594541222697500673
1594541224773435398
1594541225209651200
1594541226329772032
1594541229072596993
1594541237021048832
1594541238128107521
1594541238409220104
1594541238942064645
1594541239151755267
1594541241663836160
1594541244029468672
1594541244285329409
1594541247540203520
1594541250384134144
1594541251709132800
1594541252300636161
1594541251554074624
1594541252921692160
1594541253340930048
1594541256897691648
1594541258185539584
1594541259552854016
1594541260286529536
1594541262324920320
1594541263428063232
1594541263830847489
1594541264925790209
1594541265223294976
1594541266942844928
1594541268931059713
1594541269145247747
1594541270466285571
1594541271913320448
1594541273763188736
1594541273838505985
1594541274140643330
1594541274669158400
1594541274916392961
1594541277567074311
1594541278498557953
1594541278951530496
1594541280385646592
1594541281400627200
1594541281744519168
1594541281983741955
1594541282730418176
1594541288988499968
1594541289940606976
1594541290196172801
1594541290611707905
1594541291760754689
1594541292662542336
1594541293102923776
1594541294390431746
1594541294465867776
1594541295745253376
1594541295854297088
1594541296194146305
1594541297666342912
1594541297637130240
1594541298588913665
1594541299000303616
1594541299675594753
1594541304700174342
1594541305387950080
1594541306805686274
1594541307409895424
1594541308542160896
1594541308542349313
1594541308978290688
1594541310509125633
1594541311134162944
1594541311990067200
1594541314229514240
1594541315131600896
1594541315236167680
1594541317690130432
1594541318230925313
1594541318486867968
1594541318956810240
1594541320114167808
1594541320902959104
1594541323566125058
1594541323700555776
1594541325151600642
1594541327458631681
1594541329035497473
1594541329283006464
1594541329799053313
1594541330083901440
1594541330784571393
1594541331019595777
1594541332642820096
1594541335410884609
1594541337554083842
1594541337512026113
1594541344692633600
1594541345175019520
1594541345481580546
1594541347708575744
1594541347909820419
1594541348811866114
1594541346890866688
1594541349331947521
1594541351336493056
1594541353849049088
1594541355015208960
1594541356961046528
1594541357015654400
1594541358177734656
1594541357393068033
1594541360073539584
1594541360945799169
1594541361989963776
1594541362275573760
1594541362665336832
1594541362753724416
1594541363827130368
1594541364032802818
1594541363105648640
1594541364649172993
1594541365635211266
1594541365903622145
1594541367115538432
1594541367937871872
1594541368751394823
1594541370290610176
1594541372702224385
1594541373239087106
1594541373562421248
1594541373851672577
1594541374434582530
1594541374833324038
1594541378947932160
1594541379119898624
1594541381933887488
1594541383087521793
1594541384479932417
1594541386770321408
1594541387621482496
1594541391882776576
1594541393472536578
1594541396198825986
1594541396295241728
1594541397389942785
1594541400267247617
1594541404948004864
1594541405401120768
1594541405849866242
1594541406022144000
1594541406940704773
1594541407724662784
1594541407955406848
1594541410828550144
1594541412254556160
1594541412393287680
1594541414469320707
1594541414670475264
1594541414200889345
1594541416444674048
1594541417946177541
1594541420303597571
1594541421570449408
1594541422195113986
1594541422845210625
1594541424048885760
1594541425059893249
1594541425504419842
1594541425676685312
1594541426116677632
1594541426670460928
1594541427626762240
1594541427865911296
1594541428327292928
1594541429388353536
1594541429711597568
1594541431749840898
1594541433192861699
1594541433792638976
1594541435046412288
1594541437181386754
1594541438435577859
1594541439161339905
1594541438884274176
1594541440222142466
1594541442080595968
1594541443632496640
1594541444248707072
1594541445087567872
1594541445498773504
1594541451287101441
1594541451379097600
1594541451748188160
1594541451777830912
1594541451802656768
1594541452612276225
1594541453149057026
1594541454444986368
1594541455510409216
1594541457305731074
1594541458861826050
1594541461022081035
1594541461470519296
1594541462041284609
1594541464276680706
1594541465006481408
1594541466223017984
1594541466658881536
1594541467128979459
1594541467405541378
1594541468953284608
1594541468844457984
1594541470232371201
1594541470693949440
1594541471042260993
1594541471738183680
1594541472891768832
1594541473613094912
1594541475303415808
1594541475697672193
1594541476117352448
1594541478411239424
1594541481963954179
1594541482262007808
1594541482400448512
1594541482484326401
1594541482467270656
1594541482333335555
1594541484979560448
1594541488188567554
1594541488481918976
1594541492004978688
1594541491791302657
1594541493741449216
1594541494396153857
1594541494831980546
1594541495062700032
1594541496228642817
1594541497784967169
1594541500142059521
1594541500700168192
1594541501627138049
1594541502155431936
1594541503090769923
1594541504613294085
1594541504420319233
1594541506370715649
1594541507532431365
1594541508752908288
1594541508887191552
1594541511605161984
1594541511915737088
1594541510267224065
1594541514117496832
1594541514608508928
1594541515866443776
1594541517007425536
1594541520354512896
1594541522548330497
1594541522694934533
1594541524779294725
1594541526428028928
1594541526805258240
1594541527204007940
1594541530471366656
1594541533969063936
1594541536519553026
1594541537970397184
1594541538205659137
1594541538440138754
1594541539342004230
1594541541724688384
1594541541980356609
1594541543524032512
1594541543595147265
1594541545058758656
1594541545499271169
1594541547093381121
1594541547764289538
1594541548322295810
1594541548594659329
1594541549660307457
1594541549664321543
1594541552726147073
1594541553724567553
1594541554596651008
1594541556001710081
1594541558178512896
1594541559428841472
1594541563702558720
1594541566135500800
1594541566210736128
1594541567989010432
1594541570996416512
1594541572724490242
1594541572019736577
1594541573982670848
1594541575622647808
1594541577350750210
1594541577430786048
1594541583411466240
1594541582757539840
1594541584930013185
1594541584929894400
1594541585072390144
1594541588512116736
1594541589468090368
1594541590847946752
1594541594103156736
1594541594190946304
1594541594404847616
1594541595160104960
1594541598846717952
1594541598943182848
1594541600105189378
1594541601136730113
1594541604890550272
1594541605008048131
1594541607696613376
1594541608690647040
1594541609261363200
1594541610620293120
1594541612410863620
1594541612658577410
1594541613572771842
1594541618010681344
1594541620019580933
1594541620934103040
1594541622498164737
1594541623484243968
1594541624784207873
1594541625191141376
1594541626747387904
1594541629410770944
1594541631650533376
1594541631977447425
1594541633122574337
1594541633709785090
1594541634842042370
1594541636062629888
1594541636834541568
1594541636775968769
1594541638872756224
1594541641771225090
1594541642320863233
1594541644543832064
1594541647429357568
1594541647626321920
1594541647580528640
1594541648784261120
1594541648461328384
1594541648952045568
1594541649992249344
1594541650524524546
1594541651053379586
1594541652433051648
1594541655570657280
1594541657311293443
1594541658125012995
1594541658724798464
1594541658812846086
1594541659487965184
1594541661883097088
1594541662877155328
1594541661513711618
1594541664332193792
1594541666576519169
1594541667545100288
1594541667813625858
1594541668459495424
1594541668447178754
1594541669671895046
1594541671089377280
1594541672301576193
1594541676508610562
1594541677334925312
1594541681935802368
1594541682241961990
1594541684129497088
1594541684397834241
1594541684934819841
1594541684976943104
1594541687099228160
1594541688252268544
1594541689678569473
1594541698201571329
1594541697975070720
1594541700621668353
1594541702060339202
1594541702500360192
1594541702135664640
1594541703050002435
1594541703234404354
1594541703641243648
1594541704635650053
1594541706263007232
1594541706917339138
1594541706757611521
1594541709530046464
1594541713313374208
1594541714500636673
1594541715842797570
1594541716937351168
1594541717553786881
1594541722465247234
1594541722939396096
1594541728400302081
1594541728593125376
1594541731646685184
1594541731646967808
1594541733265567745
1594541738294743040
1594541738525237248
1594541739896967168
1594541741365157888
1594541741515964424
1594541740089909248
1594541743093211137
1594541746288873473
1594541746595434496
1594541747245293568
1594541747857547265
1594541748797468672
1594541752446320642
1594541752546828291
1594541753654079488
1594541754606571520
1594541754828525568
1594541755105411073
1594541755201949697
1594541755982118913
1594541766195101697
1594541766455136257
1594541766359023616
1594541769818927104
1594541771127750657
1594541771325071362
1594541775875604481
1594541777012547585
1594541777767235585
1594541782209290241
1594541786524839936
1594541788123246593
1594541789511577600
1594541790907940864
1594541793219313665
1594541795764887552
1594541796616454144
1594541798617387008
1594541799435116545
1594541799498211328
1594541799875411968
1594541800324485120
1594541801062338560
1594541801964113921
1594541804153720833
1594541802450817024
1594541804073865216
1594541806557233153
1594541806544646144
1594541807202967552
1594541808377135104
1594541809635663876
1594541810088484864
1594541813985337344
1594541814077304832
1594541816002527233
1594541817210572800
1594541817449836544
1594541819445903361
1594541821798907906
1594541821866430464
1594541823799820288
1594541825368285184
1594541827021209606
1594541830317678592
1594541831525892097
1594541832221884416
1594541833174093824
1594541835653111808
1594541836105908224
1594541838400360448
1594541838765264898
1594541839960444929
1594541844016336896
1594541844473470978
1594541847161946112
1594541848286367746
1594541851159166977
1594541853898162177
1594541855709876224
1594541856779427841
1594541856905658368
1594541858289508352
1594541859879124992
1594541860676317184
1594541865973456897
1594541867991011330
1594541868850679808
1594541870562033664
1594541874064547840
1594541874387517440
1594541876350263301
1594541877075841024
1594541878073913346
1594541880246784000
1594541881937088513
1594541881970806784
1594541884667355136
1594541886563266562
1594541886790041603
1594541890518622209
1594541891160518657
1594541892162707456
1594541892280147968
1594541892221509633
1594541893320429568
1594541895921045504
1594541896956870658
1594541897992675334
1594541898865471488
1594541899678990336
1594541899922436097
1594541900723544065
1594541903252373505
1594541904443899905
1594541907429818369
1594541909585821696
1594541909938036737
1594541910039089153
1594541910265401345
1594541915181002752
1594541916892598272
1594541919023104001
1594541919174017025
1594541919647899648
1594541920990150658
1594541921124241409
1594541920415617024
1594541921103278081
1594541922189987841
1594541926266867712
1594541927579484160
1594541928678363136
1594541933573046272
1594541931849138176
1594541935250874369
1594541936215756801
1594541939109801984
1594541939394859008
1594541940149817344
1594541941748011008
1594541942993346560
1594541944524660736
1594541945405476864
1594541947271761920
1594541948525637632
1594541949612355585
1594541951591673858
1594541951834988544
1594541951868874752
1594541952359632896
1594541953961451520
1594541958500069376
1594541961016664064
1594541963805687809
1594541964149809155
1594541965986566144
1594541966951419910
1594541967916109824
1594541972391591936
1594541974509568000
1594541976401035264
1594541976963076097
1594541978359767040
1594541981006544896
1594541981023215619
1594541982059495425
1594541982763741184
1594541984953225217
1594541985389494272
1594541985263767552
1594541990435250176
1594541992020791296
1594541992217911297
1594541992339333120
1594541994155671552
1594541994239578112
1594541994529132546
1594541995976003584
1594541997716430848
1594542000254386178
1594542000501841920
1594542000606322688
1594542001076117504
1594542001252622336
1594542001982431240
1594542002858643457
1594542003307843586
1594542003538530305
1594542009246978048
1594542011905884160
1594542014057644033
1594542016960106496
1594542017639378944
1594542017962729472
1594542018339954688
1594542018583306240
1594542019489288197
1594542019803611137
1594542020982280192
1594542020973977600
1594542021531803651
1594542024535035904
1594542024778203137
1594542025264795654
1594542026476998657
1594542027445743622
1594542028330717184
1594542030524657664
1594542030641930240
1594542031094833152
1594542034055897089
1594542032345010176
1594542035385597954
1594542036539310080
1594542043610550272
1594542045242302464
1594542045108260864
1594542046546518016
1594542048081747968
1594542048312692737
1594542048689938433
1594542049948319744
1594542050292432897
1594542052775432192
1594542052817207297
1594542055061336064
1594542056583602176
1594542061394743297
1594542062401392640
1594542062426157056
1594542062648508416
1594542064657567744
1594542064863158273
1594542065022816257
1594542066087866368
1594542066637283328
1594542070190178304
1594542072530599937
1594542075080499202
1594542077173723136
1594542078926667776
1594542080155688960
1594542081774538752
1594542086451232769
1594542087873081346
1594542092012994560
1594542094541942784
1594542094793969665
1594542096316235778
1594542096379256834
1594542097574813697
1594542097511563264
1594542098921172992
1594542099357388801
1594542099726471168
1594542101470986240
1594542102897115136
1594542105913077760
1594542107095535616
1594542108387352576
1594542108672954369
1594542112565260288
1594542113706102786
1594542116516302848
1594542117531308032
1594542118479228930
1594542119388995584
1594542121100394497
1594542121469771776
1594542123961184256
1594542121301979136
1594542124258758659
1594542128944013312
1594542130420383744
1594542133196644352
1594542133549346816
1594542136267255808
1594542137097719808
1594542137122893829
1594542139165532161
1594542140818100224
1594542143003013121
1594542144253050881
1594542145188274178
1594542146715062272
1594542148426293248
1594542149101826048
1594542149269426176
1594542149689049088
1594542149911171072
1594542153962766336
1594542155766325248
1594542156282269696
1594542156525539328
1594542156835954688
1594542157242793984
1594542158559662080
1594542159784452098
1594542160229302274
1594542162275868674
1594542163660247042
1594542164239069185
1594542164465303553
1594542168365899777
1594542166197428225
1594542169989292034
1594542170739863552
1594542170752557056
1594542174741450759
1594542175135711232
1594542175676678145
1594542175806595072
1594542175555325953
1594542177333710848
1594542176897159174
1594542180114128897
1594542182165159936
1594542184006549505
1594542186645032960
1594542187508912128
1594542187894620160
1594542191648833536
1594542192500314112
1594542192789540864
1594542195100745728
1594542195016892416
1594542195293491201
1594542196664913920
1594542200188129280
1594542206450561024
1594542206622502918
1594542206781644801
1594542207624974337
1594542207523901440
1594542208476409856
1594542211659862017
1594542214629113856
1594542216785330176
1594542217573863427
1594542217212923905
1594542218504699904
1594542218253049856
1594542221029933058
1594542224368611329
1594542225211510784
1594542225995624448
1594542226402471936
1594542226545475586
1594542228503990272
1594542231024705536
1594542236657557504
1594542238306115586
1594542239266443264
1594542239023251457
1594542240965472256
1594542241552699392
1594542244224434176
1594542245478285312
1594542248661684225
1594542249358016512
1594542250809503744
1594542251723886592
1594542253384556551
1594542253153783808
1594542254944722944
1594542253208322049
1594542258413502464
1594542259302985728
1594542260393504774
1594542258744971265
1594542261278507008
1594542261593079808
1594542264868605952
1594542264671686656
1594542262297378816
1594542267670630400
1594542268500742144
1594542269662728192
1594542270853677056
1594542274436042752
1594542275014496257
1594542275241058304
1594542275757248514
1594542276839342080
1594542279985090560
1594542280224169984
1594542280408440835
1594542281012301826
1594542284325806080
1594542285575921664
1594542288927326209
1594542289069740032
1594542289400918016
1594542290160484352
1594542291930255360
1594542296179032065
1594542297865015297
1594542299454881794
1594542299932827649
1594542300612681731
1594542301703028740
1594542301917106176
1594542304106258433
1594542304123293696
1594542307105452033
1594542307373903872
1594542307474214914
1594542307784949760
1594542307990294532
1594542308804169728
1594542308187607040
1594542311203020801
1594542313707081730
1594542314319396865
1594542314718113793
1594542314952663041
1594542315321712640
1594542317037314048
1594542317439959042
1594542316445999105
1594542318480019456
1594542320350679040
1594542322313998337
1594542322628366337
1594542322728869888
1594542323073179651
1594542324096172032
1594542322016202758
1594542325723983878
1594542325916925953
1594542326311010306
1594542327871201281
1594542329460768768
1594542331696500736
1594542336050085889
1594542336209739777
1594542337383866369
1594542338117963777
1594542340630319104
1594542341016387584
1594542343579144194
1594542344497696768
1594542344816463872
1594542349367103488
1594542350134566913
1594542350793347072
1594542352818921473
1594542354458972160
1594542355784212481
1594542354882781184
1594542356472205318
1594542358011543553
1594542358267584512
1594542360154849285
1594542360222105600
1594542365020401665
1594542366408511488
1594542366618451973
1594542367708774406
1594542369302491136
1594542370053406720
1594542370380447744
1594542371794026500
1594542373769461760
1594542374705049601
1594542375170412545
1594542375543652354
1594542378072756224
1594542378492530692
1594542378630938624
1594542378743992321
1594542379553656832
1594542381822607363
1594542383319875588
1594542383986839553
1594542384217718784
1594542384700067840
1594542385320660992
1594542384913985538
1594542385735684096
1594542385798619136
1594542386855972865
1594542384645275648
1594542387228921856
1594542389993304064
1594542391075213313
1594542393453412352
1594542394124685312
1594542399417483264
1594542399753453568
1594542400000630784
1594542400084402176
1594542400772444160
1594542400827019265
1594542404455075841
1594542408766668801
1594542409576337410
1594542410293735428
1594542411404943361
1594542411396648962
1594542412969672704
1594542414760329216
1594542417000431617
1594542416635248644
1594542418967564288
1594542418938003457
1594542420905332736
1594542424793452546
1594542425447731200
1594542427477614592
1594542428182413312
1594542428349861888
1594542430141181953
1594542430698684417
1594542431319773185
1594542431214612480
1594542431902781441
1594542432162496512
1594542434733772801
1594542441981435905
1594542442044350464
1594542442597924864
1594542443458068480
1594542444317589504
1594542445106454529
1594542445391450112
1594542445643137024
1594542445093847040
1594542446394118144
1594542446716649472
1594542447991873536
1594542448012713984
1594542448805826560
1594542449740890112
1594542450214830082
1594542453016920065
1594542453465706501
1594542454442586113
1594542454669283329
1594542454891421696
1594542455722213379
1594542459001851904
1594542460100820992
1594542461065445376
1594542461069586432
1594542464408354816
1594542466774228992
1594542469483356161
1594542471647612928
1594542472482390016
1594542472621101056
1594542472469745664
1594542473225076738
1594542475569336320
1594542476018307073
1594542476735680518
1594542478211928064
1594542478140805123
1594542480535453698
1594542484260290561
1594542484624809984
1594542486072225793
1594542486311079936
1594542486361604096
1594542487032532997
1594542486923378688
1594542487083057152
1594542488488153088
1594542487854538752
1594542493558722560
1594542493659299840
1594542495429533696
1594542495857262592
1594542499208761346
1594542499535945728
1594542500319985665
1594542498818367488
1594542501406261248
1594542500907462656
1594542505160167425
1594542506355863557
1594542507924283394
1594542508314624000
1594542508432044032
1594542509560328193
1594542510596321281
1594542510726352898
1594542512525709312
1594542512794136576
1594542512592785408
1594542513330978818
1594542513787994112
1594542517705482241
1594542520780083200
1594542522788896769
1594542523023650816
1594542523028230145
1594542524470906881
1594542524735135746
1594542525477437444
1594542526949646337
1594542529168478209
1594542529797828608
1594542531097677824
1594542532419280897
1594542532607606784
1594542533425582080
1594542533819789314
1594542535166529537
1594542534574972930
1594542535833432064
1594542536139640832
1594542541646462976
1594542542615236608
1594542545907814401
1594542551201157120
1594542551775997952
1594542552711335936
1594542553285636096
1594542557278736384
1594542559220506624
1594542559363493889
1594542560512458752
1594542560638377986
1594542561125097472
1594542561527762944
1594542563419037697
1594542564173967363
1594542565428281344
1594542565419802627
1594542567525437442
1594542569639190528
1594542571119788033
1594542573569429505
1594542575792316416
1594542574194151425
1594542576765267968
1594542577620963328
1594542578703237120
1594542580641202177
1594542582662828032
1594542581177733122
1594542586320097280
1594542587729260544
1594542590036414465
1594542591336480773
1594542592330723328
1594542592837922817
1594542592662048768
1594542595236978690
1594542596524998657
1594542597283860481
1594542597577793542
1594542597862608896
1594542599058096128
1594542599213264896
1594542602648539141
1594542606700224512
1594542608432656386
1594542611670265856
1594542614530777088
1594542615445348353
1594542616083075072
1594542616363909120
1594542618406309888
1594542624114778112
1594542624454905856
1594542625809305600
1594542625985789952
1594542626081935360
1594542626526601218
1594542630628896769
1594542632088219648
1594542632272805889
1594542633606840320
1594542634776768513
1594542636408397824
1594542638136541184
1594542638316879873
1594542639965093888
1594542642205163520
1594542647548743680
1594542648542609408
1594542649008361474
1594542652086591490
1594542654884577281
1594542653131063298
1594542657162076160
1594542657610649600
1594542660165201921
1594542661570301953
1594542666037035013
1594542666795974656
1594542667316498432
1594542666963828737
1594542670571270144
1594542670612930560
1594542670516748288
1594542670638370817
1594542671703740417
1594542675075760128
1594542678372671489
1594542681035870208
1594542680985554944
1594542681723752451
1594542684081115136
1594542686291300353
1594542689843814401
1594542690246758400
1594542690607239170
1594542691039076358
1594542692050034691
1594542692280995842
1594542691450523648
1594542696378830848
1594542699453059073
1594542700765843456
1594542701113810945
1594542701466484738
1594542702389252097
1594542703068745729
1594542704339275776
1594542705329451010
1594542706356797441
1594542706771927041
1594542707221106688
1594542709477441536
1594542710420951051
1594542711671263233
1594542711784210433
1594542711855407104
1594542711947796485
1594542713780973569
1594542714888097792
1594542716326936577
1594542720097419264
1594542720642469890
1594542720584151041
1594542722966249472
1594542724040265728
1594542724186882052
1594542725646675973
1594542726011576325
1594542726632345600
1594542727068528642
1594542727277867010
1594542727441809408
1594542727487782912
1594542728570077184
1594542727563132928
1594542729664483328
1594542731153403904
1594542732550107137
1594542732730847232
1594542733829488642
1594542733909233665
1594542734647459840
1594542735553339392
1594542736048533504
1594542736715046913
1594542738917429248
1594542740204920832
1594542740104433667
1594542740259364864
1594542743291838469
1594542743790944262
1594542743962861568
1594542745196298241
1594542745657360384
1594542746626162689
1594542747540942848
1594542747188436992
1594542748694380544
1594542749281312771
1594542749339901953
1594542752049627142
1594542753513623553
1594542755199725568
1594542756789190656
1594542757674160128
1594542757955018752
1594542759079206912
1594542759012098050
1594542761448873984
1594542767359000576
1594542771674779648
1594542771918049280
1594542773025136640
1594542774782726145
1594542775181217792
1594542775503986694
1594542774539681793
1594542780302229504
1594542780428058624
1594542781866778624
1594542783070670848
1594542784081719296
1594542786212429824
1594542786686205954
1594542787457712128
1594542788338589696
1594542790804852736
1594542792809664513
1594542794261266433
1594542795699752961
1594542803736199173
1594542803987619842
1594542804541530112
1594542807276195843
1594542808374747136
1594542808865579009
1594542808832299010
1594542810920669189
1594542813320204290
1594542814163251201
1594542814431526915
1594542817803571200
1594542819389370369
1594542820190478336
1594542820995391488
1594542821444403202
1594542821721112576
1594542823235280896
1594542823625424899
1594542825424789504
1594542827505356800
1594542829271142401
1594542833440014336
1594542833842593793
1594542838456336385
1594542840738111488
1594542840973230082
1594542841048481792
1594542843187662849
1594542843703742464
1594542844378861568
1594542846027083776
1594542852591472640
1594542857104560130
1594542857331044353
1594542860577419264
1594542860967329793
1594542861923467264
1594542864037744640
1594542865450823681
1594542868877774848
1594542871054778368
1594542870798618624
1594542871977553920
1594542872115793920
1594542874183573504
1594542874020155392
1594542874967711744
1594542876314152960
1594542877580750848
1594542877606035457
1594542879426445312
1594542882341326848
1594542884577214466
1594542888293224449
1594542888444391424
1594542889815662592
1594542892835553280
1594542890893873154
1594542894244925440
1594542897914941442
1594542898326171650
1594542898737197057
1594542900314079233
1594542904948985856
1594542904885661696
1594542906525724672
1594542907431694336
1594542910070222849
1594542910527393792
1594542912616161280
1594542913018425344
1594542912955629571
1594542914352418816
1594542914574729216
1594542914885283840
1594542917292539906
1594542919335100416
1594542919557709825
1594542921730097153
1594542921897967616
1594542924053684225
1594542924070412289
1594542925870161921
1594542931137818624
1594542933931307014
1594542935248445440
1594542935458123778
1594542935844028416
1594542937899253760
1594542936943124481
1594542938721132544
1594542941686714377
1594542942584274944
1594542942873858048
1594542943616090112
1594542944236642309
1594542945528516608
1594542946652950529
1594542948339056640
1594542948309676034
1594542949869572096
1594542948636831749
1594542950327128066
1594542951111196672
1594542951459430400
1594542949156945920
1594542953254354944
1594542953296719872
1594542954688847872
1594542956304007168
1594542962553524225
1594542963551457280
1594542965728452609
1594542967012102145
1594542969381535744
1594542970413498370
1594542978671984644
1594542980014440448
1594542981846925313
1594542982908334080
1594542987437973504
1594542988839030785
1594542990659297280
1594542990714114048
1594542990777004032
1594542990886055936
1594542991267729408
1594542991523610624
1594542993301966848
1594542997865218048
1594542998074937344
1594542997911138304
1594542998213181440
1594542999337594882
1594542999756836866
1594543000021250049
1594543000352215040
1594543003733032961
1594543004559486976
1594543007927136256
1594543008678043648
1594543008879452160
1594543009508507649
1594543012134035456
1594543012553822208
1594543012985466881
1594543015410151424
1594543016429035520
1594543018966937603
1594543019986157569
1594543021223301121
1594543026374062082
1594543028248739842
1594543028995297281
1594543029532385289
1594543031071670272
1594543032426442752
1594543033256935424
1594543033827065857
1594543034527809537
1594543036780130304
1594543036847226880
1594543037572517894
1594543040118415360
1594543041779404800
1594543041951547394
1594543043255803904
1594543043683782656
1594543052810436608
1594543055817699334
1594543056874885122
1594543057546117123
1594543057718120448
1594543059609554944
1594543061060947969
1594543061681446912
1594543065615994883
1594543063694643205
1594543067385974784
1594543068971147265
1594543069906419712
1594543070758031362
1594543071051403264
1594543071571709957
1594543071777394689
1594543072066641921
1594543074902175746
1594543080459624448
1594543080694218754
1594543082346790912
1594543082728398848
1594543083454140418
1594543083605008384
1594543084762984449
1594543084758507521
1594543084834295809
1594543085995933696
1594543087203733504
1594543089900605441
1594543090554916865
1594543090810834944
1594543089582243840
1594543091889090561
1594543092400390144
1594543093042540544
1594543094149562368
1594543094485114881
1594543094522863616
1594543097857249280
1594543097933107200
1594543100311097344
1594543102089625600
1594543106879377408
1594543107156021249
1594543108137418752
1594543108024578048
1594543108691300352
1594543109324824576
1594543111572709378
1594543118371917824
1594543119571222529
1594543119751593984
1594543122281033728
1594543123065368577
1594543123576889349
1594543124109369349
1594543125116162049
1594543125904883712
1594543126492110849
1594543127876227072
1594543128606027776
1594543128740257792
1594543131302715400
1594543131319406592
1594543132729016320
1594543138223398915
1594543138202423297
1594543139418624000
1594543144900567041
1594543145534070784
1594543145613664256
1594543147358494721
1594543149753389057
1594543150869188608
1594543155101462529
1594543155646722049
1594543155877015553
1594543156736974848
1594543157152096256
1594543157332828160
1594543159043706881
1594543162428489728
1594543163154104320
1594543163339067392
1594543166577053702
1594543166501572608
1594543167310790658
1594543173891940352
1594543176500797440
1594543176551116800
1594543176744054784
1594543176349630465
1594543178710933504
1594543180778594307
1594543179743006720
1594543182091620352
1594543185849511936
1594543186755452928
1594543188093857792
1594543190924619776
1594543192115974145
1594543194469208065
1594543194636578816
1594543195245142016
1594543193701466112
1594543195685552130
1594543196209664000
1594543199363600384
1594543200697344000
1594543201947635713
1594543202799063041
1594543202937188354
1594543203323191297
1594543205059424257
1594543206389407745
1594543206800429056
1594543208213749761
1594543209140879360
1594543210495627265
1594543208897605633
1594543210642153473
1594543210700881922
1594543213045772289
1594543216900337665
1594543216577376256
1594543217323966465
1594543215268405248
1594543220679380993
1594543221434208256
1594543221715390464
1594543224433119232
1594543224663592960
1594543227109052416
1594543227238895616
1594543229881532416
1594543230053482502
1594543230657388544
1594543231068348417
1594543232972910592
1594543233266200576
1594543235502075904
1594543235900510208
1594543236009410565
1594543241805733889
1594543242363785217
1594543244448354305
1594543248776765440
1594543250211307520
1594543250270044160
1594543250026758146
1594543254799716353
1594543255081091073
1594543255110094848
1594543255227604993
1594543255403872256
1594543255752159232
1594543255844102144
1594543256813342720
1594543256905416709
1594543259308761090
1594543259963035648
1594543260478935042
1594543262790045696
1594543265021304833
1594543265033789441
1594543266518937601
1594543267579760640
1594543272214646785
1594543272570953728
1594543274882113536
1594543274727018496
1594543276857905154
1594543279391006720
1594543279928147969
1594543282624897027
1594543282645770242
1594543282582966272
1594543283686232064
1594543284465979392
1594543285057748992
1594543286235979776
1594543286534156293
1594543287615922178
1594543293160988673
1594543293337333760
1594543294385688576
1594543294670938117
1594543295065370625
1594543295740403712
1594543297300660224
1594543298055577601
1594543299917774849
1594543300408741890
1594543300333142021
1594543300865716224
1594543302707417088
1594543302929715201
1594543304481325057
1594543304452247552
1594543305945219074
1594543307111424000
1594543306440073223
1594543309715906560
1594543313922985984
1594543314228879360
1594543314652778496
1594543317525594114
1594543319199395840
1594543320218230784
1594543320860135424
1594543319614631936
1594543323783520256
1594543324127297536
1594543325377433601
1594543325696360449
1594543327894200320
1594543327621263361
1594543331685588992
1594543332830519296
1594543334042865664
1594543334172884992
1594543336291205120
1594543338320932864
1594543344017084417
1594543344947908608
1594543345216413698
1594543347028602880
1594543349062684672
1594543348735389696
1594543350291566593
1594543351382290432
1594543352749645824
1594543354934710273
1594543356410896384
1594543358369742849
1594543358533423104
1594543360378691584
1594543360848502784
1594543359972249600
1594543363394605057
1594543364430450688
1594543367475499008
1594543369753047040
1594543370340167681
1594543372932349953
1594543372789694464
1594543374580781056
1594543375113256960
1594543375176564737
1594543377382772736
1594543377797632000
1594543377982230529
1594543378645016576
1594543379328761856
1594543379639050240
1594543379962298368
1594543380272672768
1594543380964466688
1594543381081821184
1594543383682465793
1594543385821462529
1594543393094348800
1594543393568194563
1594543398803091457
1594543402686767111
1594543403437625345
1594543407816265734
1594543409284399105
1594543410282524673
1594543411188879360
1594543415139569664
1594543415316078594
1594543416456642563
1594543416653893633
1594543417794924545
1594543418155433985
1594543418541498368
1594543420479270913
1594543422999707649
1594543423389835265
1594543424421642240
1594543426108018688
1594543426649088000
1594543426552627202
1594543427823493122
1594543428418916352
1594543430205837313
1594543430784278530
1594543434794426370
1594543434991296515
1594543435381366784
1594543437046431745
1594543437667127296
1594543439252709376
1594543440125042688
1594543439986790402
1594543440699588608
1594543442247532544
1594543443174268929
1594543444675858434
1594543444730388481
1594543445162725376
1594543445477306369
1594543446383009793
1594543446982811649
1594543448711122946
1594543449398804481
1594543451093147648
1594543455442706432
1594543455853838337
1594543456365445122
1594543458941042689
1594543461306621952
1594543461713457154
1594543462590058497
1594543462954565632
1594543463307313153
1594543467195035648
1594543471054196737
1594543471389728769
1594543471569776640
1594543471712522240
1594543471615885313
1594543472559661057
1594543472991555584
1594543474849767430
1594543475055525888
1594543475764117508
1594543476972167169
1594543477454344192
1594543478003859456
1594543477907505152
1594543478842589185
1594543480126115840
1594543481049198597
1594543481963298816
1594543483074711552
1594543483896864769
1594543484618563585
1594543485205372929
1594543485608230912
1594543487000580096
1594543488061698048
1594543488292442112
1594543488632487936
1594543491220410369
1594543492528631808
1594543494969716738
1594543498476531713
1594543498430406658
1594543499482988544
1594543503107063808
1594543503656513536
1594543505032024065
1594543507523260416
1594543507850788866
1594543508316200960
1594543509641404417
1594543510513926146
1594543510589513729
1594543513508745216
1594543513743622146
1594543513965776896
1594543518038560770
1594543522270437377
1594543524325871616
1594543530927874048
1594543531708010497
1594543536250445824
1594543538863218688
1594543540167921664
1594543541140611072
1594543541027364866
1594543541627531265
1594543541866311685
1594543541916782597
1594543543367831552
1594543545368444928
1594543545498886145
1594543546073321478
1594543546345742336
1594543546455199745
1594543548422311936
1594543548489428992
1594543549596450816
1594543550569467905
1594543554042511361
1594543554944081920
1594543555569389569
1594543555464527873
1594543555904782339
1594543558358597633
1594543559989862400
1594543562326147072
1594543564842745856
1594543570148642817
1594543571323035649
1594543571449040897
1594543573147521024
1594543573747339264
1594543574158295040
1594543577425756162
1594543579191558144
1594543580130865152
1594543586183614466
1594543586535694336
1594543586636607489
1594543586778832896
1594543587877961728
1594543591359016960
1594543591933755394
1594543592344690688
1594543594261647360
1594543594756513793
1594543596476194816
1594543598623522816
1594543599185645568
1594543600138063873
1594543599890288641
1594543600473460736
1594543601857581059
1594543602251829251
1594543604856328192
1594543604864892929
1594543605427081216
1594543605598879744
1594543609159639040
1594543609231347712
1594543609239699457
1594543609549754368
1594543611047297024
1594543611978227713
1594543612150239232
1594543612934905856
1594543614603952128
1594543617074503681
1594543619981340674
1594543620631060480
1594543621545594880
1594543622031974400
1594543622674059264
1594543624586375169
1594543624787841024
1594543625538445312
1594543625681108992
1594543625853190145
1594543626071048192
1594543626549432322
1594543631360294915
1594543633062977536
1594543633461649410
1594543633818353664
1594543633742512128
1594543636393254912
1594543636339109888
1594543635558633472
1594543639572905985
1594543640755453953
1594543643335196673
1594543644333248512
1594543645465579520
1594543649538600961
1594543651874799616
1594543655083089920
1594543656261672962
1594543658434711552
1594543657394135041
1594543658472275968
1594543667666194436
1594543668236455937
1594543672787345409
1594543673819025408
1594543675216125952
1594543677078372352
1594543680911773696
1594543681272709120
1594543681226276865
1594543681301643265
1594543682287415296
1594543681482391552
1594543685370204160
1594543686733697024
1594543687723278337
1594543688562122754
1594543690613129222
1594543693586993152
1594543693981274116
1594543693989642241
1594543697596747777
1594543699010035713
1594543699043954688
1594543702923481088
1594543703309287444
1594543705624559617
1594543705200816128
1594543707574919168
1594543707763589120
1594543709206548480
1594543710905081857
1594543710943182850
1594543711643488256
1594543712301768704
1594543713169965056
1594543713178779648
1594543713685938176
1594543713845678080
1594543714327621633
1594543716114513924
1594543716802658304
1594543717746200576
1594543718069051392
1594543719302463488
1594543720417763328
1594543721735139328
1594543726432374784
1594543728190173186
1594543730681581568
1594543732099092480
1594543733634387970
1594543734363852800
1594543734363983873
1594543736574181376
1594543737585082369
1594543737799057408
1594543737883226112
1594543737824477184
1594543738658951168
1594543741473378304
1594543741796089856
1594543741926526978
1594543742161412102
1594543742475796480
1594543742874456064
1594543743318753280
1594543743478079488
1594543745885646848
1594543751908597760
1594543752491802624
1594543753070624770
1594543753003692032
1594543755302154240
1594543756706861057
1594543758133014528
1594543759458721792
1594543759357841408
1594543760779747328
1594543761421471745
1594543762390163457
1594543765615697923
1594543766853279746
1594543766848688130
1594543767280926720
1594543768333877249
1594543768937848832
1594543769541484545
1594543770011602945
1594543770460209153
1594543770930130944
1594543770007371777
1594543771861061633
1594543775149268993
1594543775116046337
1594543775581634560
1594543779180347393
1594543780417667072
1594543782292525057
1594543787094986752
1594543787317002240
1594543799266484225
1594543802357645312
1594543802420699136
1594543802613637120
1594543802613915649
1594543804337385472
1594543805071470592
1594543806883721218
1594543807210876928
1594543809630679040
1594543809605513216
1594543809773174784
1594543810389876738
1594543810708901889
1594543810855710720
1594543811434119168
1594543811983720451
1594543815544676356
1594543815976964096
1594543816836530176
1594543817201397760
1594543817256239104
1594543817767559168
1594543818153422849
1594543818207989760
1594543818660990977
1594543820209020928
1594543822150803458
1594543822201126919
1594543822691672069
1594543823761592324
1594543824646406144
1594543829385986048
1594543830468018177
1594543832288272384
1594543834460889089
1594543834179870720
1594543842891644929
1594543843256725504
1594543843788980224
1594543844674408449
1594543849002655744
1594543850936471553
1594543851473100802
1594543852551286784
1594543852584833024
1594543852022538240
1594543852840710145
1594543854883160065
1594543857986936832
1594543858129735682
1594543859203133441
1594543859412844544
1594543861149351937
1594543858733711360
1594543861262700544
1594543863741366272
1594543865423437825
1594543865066930176
1594543866241236992
1594543867075829760
1594543866379649024
1594543867340234753
1594543873165885441
1594543873438654465
1594543873816240128
1594543874659131392
1594543875015806976
1594543874990448640
1594543875082838016
1594543875708059648
1594543875661635584
1594543876660162560
1594543877658390528
1594543879369302017
1594543879474515968
1594543881206394880
1594543881546305536
1594543882276343810
1594543881093550080
1594543883765141504
1594543886050988033
1594543886197612545
1594543884620926976
1594543887665594368
1594543888009949189
1594543888274194432
1594543888584564736
1594543888806592512
1594543890954354688
1594543890832494592
1594543895169273857
1594543897526476800
1594543897581068290
1594543898726113289
1594543899045138432
1594543901750489089
1594543901695770624
1594543901985370112
1594543905630195712
1594543906150309889
1594543906384855040
1594543906506838016
1594543909404700672
1594543910134898688
1594543910176423936
1594543911841632256
1594543917348933632
1594543917390782465
1594543917495898114
1594543919240728578
1594543920419332097
1594543920662265856
1594543922755375104
1594543923292409856
1594543925225787395
1594543929038635008
1594543930401751047
1594543931295141888
1594543932930670593
1594543932062715906
1594543934486749184
1594543936147640321
1594543938068692994
1594543939616317440
1594543940145119232
1594543942858866688
1594543943169052672
1594543943685144576
1594543943898873860
1594543946566619136
1594543949036732417
1594543948986388480
1594543949468704768
1594543951134216195
1594543955697455104
1594543958637838340
1594543959111368704
1594543961615601664
1594543965792980993
1594543966661509121
1594543969127448576
1594543969413009408
1594543970578751495
1594543972533391360
1594543972630024193
1594543974110445573
1594543975536513024
1594543975448576002
1594543975666417665
1594543976572297216
1594543977604481024
1594543979583791104
1594543980536102916
1594543982004293632
1594543980070375425
1594543984013344768
1594543986475433990
1594543987016499201
1594543988295581696
1594543988287057921
1594543988518055936
1594543991432785920
1594543993219866625
1594543993395847171
1594543993869705216
1594543994440241153
1594543998009372672
1594544002380058625
1594544002854195200
1594544004691296256
1594544005379153920
1594544005446266881
1594544005953376256
1594544005962166273
1594544007840862208
1594544008197701633
1594544008013176832
1594544008889602048
1594544008910573569
1594544009858658304
1594544009162137600
1594544011326676992
1594544012987453441
1594544013310570498
1594544013910183936
1594544014476587008
1594544015550054403
1594544015722307584
1594544016657633280
1594544017223491584
1594544017358098434
1594544018154823680
1594544019094503424
1594544020357025792
1594544021757517824
1594544021611089921
1594544025931247616
1594544026534834176
1594544027856211969
1594544031408824321
1594544031534813184
1594544034483257344
1594544036379070465
1594544037733752835
1594544038111514624
1594544040417992705
1594544041760559104
1594544043366572033
1594544044302106624
1594544044293894144
1594544044641763329
1594544045036019712
1594544046122315776
1594544047057948672
1594544050711187456
1594544052657324032
1594544056603901952
1594544056545296385
1594544057912541184
1594544062291664897
1594544063201837056
1594544066191970304
1594544069522300928
1594544073964421121
1594544074413023232
1594544078305513472
1594544081400901634
1594544083883950081
1594544084160593920
1594544085381124096
1594544085821689856
1594544090598842368
1594544091278475264
1594544093216272384
1594544094319091713
1594544095770595328
1594544105216000001
1594544108223143937
1594544112803479557
1594544116880347137
1594544117643902976
1594544118604120065
1594544119359365120
1594544121183887361
1594544122358267906
1594544122974859265
1594544123129782272
1594544122693844992
1594544123826274304
