1348522907513679879
1348522907513704448
1348522907706814464
1348522908109295618
1348522909338267649
1348522910378381312
1348522910382759936
1348522910332305410
1348522910764261378
1348522911871635456
1348522912102313984
1348522912681177088
1348522913004015617
1348522914002292736
1348522914774216704
1348522915113930752
1348522915755483137
1348522915772256257
1348522915889782787
1348522915592073216
1348522915994558464
1348522916535824384
1348522917005463553
1348522917059956737
1348522917206786049
1348522917722656769
1348522918091874304
1348522918188261378
1348522918268043265
1348522918620274690
1348522919966633984
1348522921153716224
1348522922240040966
1348522922806108160
1348522922869104640
1348522923141820418
1348522924874018818
1348522924483833858
1348522925033279489
1348522925264044032
1348522925909938176
1348522926119604229
1348522927646515200
1348522927881383938
1348522927742799877
1348522929475047425
1348522929659764743
1348522930079150080
1348522930427187201
1348522930645262339
1348522930582392832
1348522930813235201
1348522931362557953
1348522931551424512
1348522931337396231
1348522931773710337
1348522932125847552
1348522932960698370
1348522933639995392
1348522933656768513
1348522934055395329
1348522935129001984
1348522935753928704
1348522936681066497
1348522936609591296
1348522937985339394
1348522938035798021
1348522938534912000
1348522938597740545
1348522941596667904
1348522941751975936
1348522941936504832
1348522942020390913
1348522942137839616
1348522942347415552
1348522942527909889
1348522942595026945
1348522942796161025
1348522942783746048
1348522942557204480
1348522943467245568
1348522943886872576
1348522944054534144
1348522944843161601
1348522945753174017
1348522946260852736
1348522946382336001
1348522947032453123
1348522946650910723
1348522948588490753
1348522948576088066
1348522949926641666
1348522950027317248
1348522952015413248
1348522952350957568
1348522952409673730
1348522953114230788
1348522953881763841
1348522954427129856
1348522954439593986
1348522954792046596
1348522955181969412
1348522955576389634
1348522955798622208
1348522956247457792
1348522956511698944
1348522958688382977
1348522959657308161
1348522959741206539
1348522959888130050
1348522960970158083
1348522961104367616
1348522962434060289
1348522961322430464
1348522962308063233
1348522963084038151
1348522963625144322
1348522963759337478
1348522963927109639
1348522964472381443
1348522965277798401
1348522965273628672
1348522965818777600
1348522966439530499
1348522966561284102
1348522967412723712
1348522967588855811
1348522967836336128
1348522968389849090
1348522969060950021
1348522970021568512
1348522971015606272
1348522971015512064
1348522972378591239
1348522973267779585
1348522973343473664
1348522973582516225
1348522974937313282
1348522974932992000
1348522975469785089
1348522977764102144
1348522978242408453
1348522978867367936
1348522979181744134
1348522979760726016
1348522979815084040
1348522981581066240
1348522982180757504
1348522983263002626
1348522983544000518
1348522983652954112
1348522983560720389
1348522983564877824
1348522983417999363
1348522983741026307
1348522984038936576
1348522984173150208
1348522985578225667
1348522986437967873
1348522986668781633
1348522987180466176
1348522988556218369
1348522989877424128
1348522989873086464
1348522990032592901
1348522990296711170
1348522990720442370
1348522991848710144
1348522992691802113
1348522993849405440
1348522994021314560
1348522994512011269
1348522994780446721
1348522994742673409
1348522996634365953
1348522996621840386
1348522997582323712
1348522998081466370
1348522998274412545
1348522998849024000
1348522998878228480
1348523000484675587
1348523001164173312
1348523001663381505
1348523001998938112
1348523002116395009
1348523002502242305
1348523002711789571
1348523002850373635
1348523004876136448
1348523005119442952
1348523005165465601
1348523005324918787
1348523006428143617
1348523010005757955
1348523010152689665
1348523012811751424
1348523012769927168
1348523013705228289
1348523015328264192
1348523015990964224
1348523016217624579
1348523016985206785
1348523017274617858
1348523017266024454
1348523018163777536
1348523017891061769
1348523017912008709
1348523018855862273
1348523019325595648
1348523019811975168
1348523019832971266
1348523019795263493
1348523020353228800
1348523020441288706
1348523022869815296
1348523022823649280
1348523023138230272
1348523023180075009
1348523024153153537
1348523024253911041
1348523024677548032
1348523027772923906
1348523029337399297
1348523030100627457
1348523030490669062
1348523030469869569
1348523031371472896
1348523031274999809
1348523031845429248
1348523031317028864
1348523033305231363
1348523033594617856
1348523033649180673
1348523033657438210
1348523034680954881
1348523034911662081
1348523035532267522
1348523034903072770
1348523035624669186
1348523035666436096
1348523035687604224
1348523037377720321
1348523038904643586
1348523040079032320
1348523040758370306
1348523041526079488
1348523043262504960
1348523043606441985
1348523044692746240
1348523044785049602
1348523044831068160
1348523045149962241
1348523045674229770
1348523046345216001
1348523046248837121
1348523046156476421
1348523047205167104
1348523047498764288
1348523048102715392
1348523049172291584
1348523046559244290
1348523050031976448
1348523051680456704
1348523051911176192
1348523053303685121
1348523053945274368
1348523054452912129
1348523054868135937
1348523055027511297
1348523055014760448
1348523055459557382
1348523056088674304
1348523056893988867
1348523056994476036
1348523057644711937
1348523057967624192
1348523058894680065
1348523058986815489
1348523060270411777
1348523061130260480
1348523061553766403
1348523062019321858
1348523062346575874
1348523063600676865
1348523064032714752
1348523064238235648
1348523064556851203
1348523066226184192
1348523066335383553
1348523066578538501
1348523067400740865
1348523067430096896
1348523068478599168
1348523068986036224
1348523069145493504
1348523069065850880
1348523069216841729
1348523069208461313
1348523068562366464
1348523069850099713
1348523070990925825
1348523071632793600
1348523071993376772
1348523073058779136
1348523073063018496
1348523073125933060
1348523073549393921
1348523075248267269
1348523074849800194
1348523075462172672
1348523075365609474
1348523076212805632
1348523078117175296
1348523079547248641
1348523079731965954
1348523080210067459
1348523080696487940
1348523081711505409
1348523082214854656
1348523082324074501
1348523084186320896
1348523084626747392
1348523084672806920
1348523085419302912
1348523086765838341
1348523087105556480
1348523090238574600
1348523091765424131
1348523091933192197
1348523093996822528
1348523094227480576
1348523094374170624
1348523094491635714
1348523096010088448
1348523096731312131
1348523097033486344
1348523097280950273
1348523097935249408
1348523098157539329
1348523098434371585
1348523099277434880
1348523099315003394
1348523099659132928
1348523100611207168
1348523102217658369
1348523102905511938
1348523102859382784
1348523103765164033
1348523104251863041
1348523104134262784
1348523104260206592
1348523104625168384
1348523105216565248
1348523105526931456
1348523105921208324
1348523105984139264
1348523104780226561
1348523106802003968
1348523107255021569
1348523107657502721
1348523109679304711
1348523111176577026
1348523112057475074
1348523113999437826
1348523113676500992
1348523113361899525
1348523114326589440
1348523114632658944
1348523114876055554
1348523115161088003
1348523115442278400
1348523115890950145
1348523116692082688
1348523116507455490
1348523116348272640
1348523117635907584
1348523117656768515
1348523118109851653
1348523118617194496
1348523118973710338
1348523119200280578
1348523119485587456
1348523119926009859
1348523120517292033
1348523120697757696
1348523120911470592
1348523120995442690
1348523121192693760
1348523122333425664
1348523122354315267
1348523123398766592
1348523123763798016
1348523123612606465
1348523123616964608
1348523124590043136
1348523125043040256
1348523125902893058
1348523125919637505
1348523126154432512
1348523126318129152
1348523128130035712
1348523128520118272
1348523128616468482
1348523129749057536
1348523129140891648
1348523130063630336
1348523130264952833
1348523130323689473
1348523130487242758
1348523131284107264
1348523131405807616
1348523131338698752
1348523131472801794
1348523131812499456
1348523134765441025
1348523135801249793
1348523135939837952
1348523136291983361
1348523136426373120
1348523137793724417
1348523138980536325
1348523139475636224
1348523139983175680
1348523140561985537
1348523141291655169
1348523141291773952
1348523141073661952
1348523141396512769
1348523141732118529
1348523143535747073
1348523144378675200
1348523144395558912
1348523144521404418
1348523145611927552
1348523146043944960
1348523146517880834
1348523146253627398
1348523148417896449
1348523149776867328
1348523149944565760
1348523150334513152
1348523151555239936
1348523152872239109
1348523153501384704
1348523154751283200
1348523156231782400
1348523156428898304
1348523156244320256
1348523157813080064
1348523158081564674
1348523157926371330
1348523159314718720
1348523159251611648
1348523159646068736
1348523160438796289
1348523162020020224
1348523162078597121
1348523162292662273
1348523162452033536
1348523162611441665
1348523163114725377
1348523163580248065
1348523163320246272
1348523163651477510
1348523164372881408
1348523164448514048
1348523165652115456
1348523166046560257
1348523166445035520
1348523166939938819
1348523167568912385
1348523167795486720
1348523169611583489
1348523169733292032
1348523169582260224
1348523169812983808
1348523169817055238
1348523170429591553
1348523170689642498
1348523170995716099
1348523171255750657
1348523171582865411
1348523171234934786
1348523171771674628
1348523172551942146
1348523172983930882
1348523173600497666
1348523173642428420
1348523173948567552
1348523174573457409
1348523175991255041
1348523176012218371
1348523177710768129
1348523176666402817
1348523177807237127
1348523178818154496
1348523179304656896
1348523179560505346
1348523180911190016
1348523182626660354
1348523182798430211
1348523182945226759
1348523183876440064
1348523184446963714
1348523184509751296
1348523184543264771
1348523185923366912
1348523188053889024
1348523188200689664
1348523188892782595
1348523189106720770
1348523188804837376
1348523189748396032
1348523189668777984
1348523190780248066
1348523190843301888
1348523190893604865
1348523191262535683
1348523191627436033
1348523191883296768
1348523192676016129
1348523194349735937
1348523194508922880
1348523193741561857
1348523195511549953
1348523196618846208
1348523197193285634
1348523198246051840
1348523197705068544
1348523198581760002
1348523198791479297
1348523199080796162
1348523199634558977
1348523199538065411
1348523200091541504
1348523200162918402
1348523200200593415
1348523200204910593
1348523200561364993
1348523200771223554
1348523201048027138
1348523201706524673
1348523202113376256
1348523202293633025
1348523202750730241
1348523204411850757
1348523204655022085
1348523204646555649
1348523204868853770
1348523203300360192
1348523206005542913
1348523206437572609
1348523206408286208
1348523206722818050
1348523207351930880
1348523211445698561
1348523211613483013
1348523212049575938
1348523212229931008
1348523213072945153
1348523213417013249
1348523213639331842
1348523214482259969
1348523215447068672
1348523215308509185
1348523215174434817
1348523215874904065
1348523216856248320
1348523217447768064
1348523217519054851
1348523218286555137
1348523218437488642
1348523218953498631
1348523219930685440
1348523220668874753
1348523220672991234
1348523220660596739
1348523221109399557
1348523221759389697
1348523221931487238
1348523222308851713
1348523222875185152
1348523224959766528
1348523226159173637
1348523226469519364
1348523225844744192
1348523227316936706
1348523227950292993
1348523227979665410
1348523228172578816
1348523228294213632
1348523228747026435
1348523229200191489
1348523229531439104
1348523229560909824
1348523229598646274
1348523229934092291
1348523230118731777
1348523230630342658
1348523231771181057
1348523232899420163
1348523232907837446
1348523233176391682
1348523233453236224
1348523233667117056
1348523233847386113
1348523234023665665
1348523234170335232
1348523234321264640
1348523234992533507
1348523236284268545
1348523237609766912
1348523238008229890
1348523238322790401
1348523239983628289
1348523240352854016
1348523241040609282
1348523241258713088
1348523241447456768
1348523241841827840
1348523242928001033
1348523243376963585
1348523244010283008
1348523244148514816
1348523244433784835
1348523244786221057
1348523245146755072
1348523245612519426
1348523246279294977
1348523247021776897
1348523246925336577
1348523247147618306
1348523248875671552
1348523249026609152
1348523248900780032
1348523249999646722
1348523250117005315
1348523250796687360
1348523251572551681
1348523252566675457
1348523252767985665
1348523252839112705
1348523253455872000
1348523253443211264
1348523254298914822
1348523254206455810
1348523254332485632
1348523254772744192
1348523255317942273
1348523256140214274
1348523256081379329
1348523256714825728
1348523256945364993
1348523257323024384
1348523257528401924
1348523257415282689
1348523257985703936
1348523259126575104
1348523258673463296
1348523259868938240
1348523260527341568
1348523262087671808
1348523262867738626
1348523263404568576
1348523264276975616
1348523264927215618
1348523265753575424
1348523266277847040
1348523266424635392
1348523266445627394
1348523266881826820
1348523266948755456
1348523267208871936
1348523267418714113
1348523268026863616
1348523268060438530
1348523268496527362
1348523268525867011
1348523269029302273
1348523267838140417
1348523269503152132
1348523270119641096
1348523270069342209
1348523270249848833
1348523270686072834
1348523271814336513
1348523271810146305
1348523271814225923
1348523272451756032
1348523272636424192
1348523271864647681
1348523272946806789
1348523272430776322
1348523273307316226
1348523273638670342
1348523273055727616
1348523274301558784
1348523274918105088
1348523275312365568
1348523275647766530
1348523275756990464
1348523275727609862
1348523276725731328
1348523278722240512
1348523279020122112
1348523279875796999
1348523280089501696
1348523281159249921
1348523280458633216
1348523281293451266
1348523283000381443
1348523283390468096
1348523283134566402
1348523284137127936
1348523284711809024
1348523285047230466
1348523284917325824
1348523285324066816
1348523286188019715
1348523286112530432
1348523286372749312
1348523286389514240
1348523287538774016
1348523287505215488
1348523288176295936
1348523288935460865
1348523289191227393
1348523289719808000
1348523289820463105
1348523290491379714
1348523290231406594
1348523290709602304
1348523290696974337
1348523293343698945
1348523294085894145
1348523294488547342
1348523295029690369
1348523295226748932
1348523295222738944
1348523296002723840
1348523296057217024
1348523297873522688
1348523298364166144
1348523298649374721
1348523298754342913
1348523299324751879
1348523301304487942
1348523302411792384
1348523303259004928
1348523303900643329
1348523303988654085
1348523304014008320
1348523304240476162
1348523304538099712
1348523304965926912
1348523305041448960
1348523305301536770
1348523305154834433
1348523306547367936
1348523308069904386
1348523309063929857
1348523308837462017
1348523309349089283
1348523309823102976
1348523310385008643
1348523310720581633
1348523311018467328
1348523312431984645
1348523312930983937
1348523313031639041
1348523313862209536
1348523313677676544
1348523313778151427
1348523314361245700
1348523314612867072
1348523314763874307
1348523315225370624
1348523315615289348
1348523315774726146
1348523316567367680
1348523316676591617
1348523316848414721
1348523317737578498
1348523318853455874
1348523320585703426
1348523320803684353
1348523322061979655
1348523323689488384
1348523323949522946
1348523323857141761
1348523324335337473
1348523324226342914
1348523325279121409
1348523325232971776
1348523325803409408
1348523326596018177
1348523327149764608
1348523328487776257
1348523330312302594
1348523330370940929
1348523331121799168
1348523331033694216
1348523331767693312
1348523333118275585
1348523334980558850
1348523335970398208
1348523336075079680
1348523336008138752
1348523336511483905
1348523337354514433
1348523337828339712
1348523337853534209
1348523339082391559
1348523339950776324
1348523340231700482
1348523340751843328
1348523341590786049
1348523343230640128
1348523344107368453
1348523346233851905
1348523346498093057
1348523347097870337
1348523348146450432
1348523349144719361
1348523349643718656
1348523349648044033
1348523349870321664
1348523350017142786
1348523349044039680
1348523350512050178
1348523351854075905
1348523352277839872
1348523352323981315
1348523354941112320
1348523356090372098
1348523356107251715
1348523356245659649
1348523357038399490
1348523357277462529
1348523357638193153
1348523357772382210
1348523358288289792
1348523358254727168
1348523358741213184
1348523359332573184
1348523359471095809
1348523358951010304
1348523359739514883
1348523359773057025
1348523360221687809
1348523360213413888
1348523360871993344
1348523362088345610
1348523362142855168
1348523362478395392
1348523362830721024
1348523363132604419
1348523363388387334
1348523363912667140
1348523364566986752
1348523365485654016
1348523365166968832
1348523365632339968
1348523365632516096
1348523364437028870
1348523366471368706
1348523367117201412
1348523367222153218
1348523367993729026
1348523368891506688
1348523369189285890
1348523369914892293
1348523370602782720
1348523372829831169
1348523372607635456
1348523373798842368
1348523374595641345
1348523375510040576
1348523375761747968
1348523376940253188
1348523377644826624
1348523377888264192
1348523378198663169
1348523378043338752
1348523378349645824
1348523378878119937
1348523379230388224
1348523379301654530
1348523379859415041
1348523381067419650
1348523381134651393
1348523381222748162
1348523381474222081
1348523381621104643
1348523381847597059
1348523383521071110
1348523383676305409
1348523384393576448
1348523384762736641
1348523385471561728
1348523385878323200
1348523386897534977
1348523388046753792
1348523388189470721
1348523388428550149
1348523388894015494
1348523389380665344
1348523389573451777
1348523389816893440
1348523389812678657
1348523390722863104
1348523390618005505
1348523391867707394
1348523391922413568
1348523391771406336
1348523392157306881
1348523392287318017
1348523393625321477
1348523393625300993
1348523393692225536
1348523395042975746
1348523396443865088
1348523396649218049
1348523397366607872
1348523396741607424
1348523397878218753
1348523398553432065
1348523398880776193
1348523399375712259
1348523400906600449
1348523400915001345
1348523401325936640
1348523401535750144
1348523401611132931
1348523402009702400
1348523402240249860
1348523402508713985
1348523403490193409
1348523403548848129
1348523404509532160
1348523405193084928
1348523405490978817
1348523405121880064
1348523406048845824
1348523406619275264
1348523406644269058
1348523407198056454
1348523407722221569
1348523408124993538
1348523408221466625
1348523408624115712
1348523409488048135
1348523410175873025
1348523410758852611
1348523411895676928
1348523412512251905
1348523413334237190
1348523413468545026
1348523414504366086
1348523414475206656
1348523415104233472
1348523415620235266
1348523415532048389
1348523417847230472
1348523418904363008
1348523419072135169
1348523419185287174
1348523420221382656
1348523421194473472
1348523421299257344
1348523421596979200
1348523422276489222
1348523422754729984
1348523422758813697
1348523423098572802
1348523423132250112
1348523424054874113
1348523424956751872
1348523425296384001
1348523425510277120
1348523426529628161
1348523426940547075
1348523428039503874
1348523427834056709
1348523429310316544
1348523429608230915
1348523429838745601
1348523431378223105
1348523432103858177
1348523432665772036
1348523432988835840
1348523433634762752
1348523433685110787
1348523433928355842
1348523434947477506
1348523435782250497
1348523436008759296
1348523435975012354
1348523436444971008
1348523436608524289
1348523436801290240
1348523436944076801
1348523437032140803
1348523437728395264
1348523437212409857
1348523439326457861
1348523440496635904
1348523440471347203
1348523440597213188
1348523441046040576
1348523441146589184
1348523441725571072
1348523441624793088
1348523441683623937
1348523442065211392
1348523442312769536
1348523442652418052
1348523443092860929
1348523442774138881
1348523443604520960
1348523443520733186
1348523443759693825
1348523445202522113
1348523445487759360
1348523445533904899
1348523445789761536
1348523446335102977
1348523447073181696
1348523447756988416
1348523447903801344
1348523449342337024
1348523450877566978
1348523451204595712
1348523451762446336
1348523452777472001
1348523453817651202
1348523454027493376
1348523454136520704
1348523454631473152
1348523455151558656
1348523455252213761
1348523455415775234
1348523456199938049
1348523456753635333
1348523457462620160
1348523458250960898
1348523458653777920
1348523459073216513
1348523459211571200
1348523459668750336
1348523459765276675
1348523459802853380
1348523461149290499
1348523461371719682
1348523461908566016
1348523462785003520
1348523463368175616
1348523463636619264
1348523464110456833
1348523464328581122
1348523465309966337
1348523465658155009
1348523465892974592
1348523465897201666
1348523466799149058
1348523466887024640
1348523467306622976
1348523469038751744
1348523469688995841
1348523470263500802
1348523470456573953
1348523470544457729
1348523470922027010
1348523471047970816
1348523471236722689
1348523471257571328
1348523471278465024
1348523471563677696
1348523472822161408
1348523473983836161
1348523473954598913
1348523475032440833
1348523475074355201
1348523476764807169
1348523476236316672
1348523477830144001
1348523477926506500
1348523479369334785
1348523480128647168
1348523480845668352
1348523481026146304
1348523481177104386
1348523481508491270
1348523483580428288
1348523483941261312
1348523484050317314
1348523484096434177
1348523484297613314
1348523484968742913
1348523485434408960
1348523486130569220
1348523486034206720
1348523486654865409
1348523487443496960
1348523487669997569
1348523488504668161
1348523489200906240
1348523489238650881
1348523489498701824
1348523489771323392
1348523490224320513
1348523490572464128
1348523490526310400
1348523490945748992
1348523490966556674
1348523490979229697
1348523491117723657
1348523491314847744
1348523491339878400
1348523491654594561
1348523491776229376
1348523491327430656
1348523492954796032
1348523496368988161
1348523497329455104
1348523498050736129
1348523498516447233
1348523498977648642
1348523500630384641
1348523502001913856
1348523502228410368
1348523502735941635
1348523503314616322
1348523503436394496
1348523503398608896
1348523504220708864
1348523505118306304
1348523505357213698
1348523506716184576
1348523507727024129
1348523508603756547
1348523509069225986
1348523510394728448
1348523510793166848
1348523511070003202
1348523512777093120
1348523515029422080
1348523515180314629
1348523516140736521
1348523516480663553
1348523516740710405
1348523517109624841
1348523517139030017
1348523518082748416
1348523518623842304
1348523519110483968
1348523519446024192
1348523520976945153
1348523521148936196
1348523521903833090
1348523522088321025
1348523524206551042
1348523524290441217
1348523525187858434
1348523525200613377
1348523526819467265
1348523526899310594
1348523527016599559
1348523527662661633
1348523526928670722
1348523528283447296
1348523530237825026
1348523531248820224
1348523530804195328
1348523531647164416
1348523532691582977
1348523532838383618
1348523533471608833
1348523533513629705
1348523533895405570
1348523533773672449
1348523533882720258
1348523534239342594
1348523534247735297
1348523534415507456
1348523534587486209
1348523534935416835
1348523535090724864
1348523535208214529
1348523535505842183
1348523536911003648
1348523536390922241
1348523537099849729
1348523538399916034
1348523539121512448
1348523539385655297
1348523541323419650
1348523541512253440
1348523542468550656
1348523542569234433
1348523544158760962
1348523545308106752
1348523545819820032
1348523545350057985
1348523546977427457
1348523547900178432
1348523548218851328
1348523549292515331
1348523549745672196
1348523549875691523
1348523549485539330
1348523549959458819
1348523550563389441
1348523552518008833
1348523552488759296
1348523553126141953
1348523553466036224
1348523555219251200
1348523555403702275
1348523555542089729
1348523555542216704
1348523556922122241
1348523557265936386
1348523557500964869
1348523557756796928
1348523558641651713
1348523559858163713
1348523559857975300
1348523560478912513
1348523561342799878
1348523561837727744
1348523562039128066
1348523562127261697
1348523562521550853
1348523563255386112
1348523563435913216
1348523564585070592
1348523564551573505
1348523565042311168
1348523565176352770
1348523565621129216
1348523565046394882
1348523565944074247
1348523566912987136
1348523567764353025
1348523568485847040
1348523568783622146
1348523569039482882
1348523569723146241
1348523569450520581
1348523570297790464
1348523571035975682
1348523571535032320
1348523573468565506
1348523573632233473
1348523573124599810
1348523574017945604
1348523574232047616
1348523575586787328
1348523575532081153
1348523575519703042
1348523576002011138
1348523576840908801
1348523578694647808
1348523579034513408
1348523579923701760
1348523580439539712
1348523580594683904
1348523581899038720
1348523583035879425
1348523583111270406
1348523583333560322
1348523584399015937
1348523585334370305
1348523586819002368
1348523587506999298
1348523588035387396
1348523588349878274
1348523589016940545
1348523589306208256
1348523589285285889
1348523590874849282
1348523591076294663
1348523591055278082
1348523591067832328
1348523591395115009
1348523591449653250
1348523591655161856
1348523591722291201
1348523592019972099
1348523592326262784
1348523593215471624
1348523593169313792
1348523593219629061
1348523593584545794
1348523594045939712
1348523594175959040
1348523594859634689
1348523594914041856
1348523596268896257
1348523596663058432
1348523597476679682
1348523598038749190
1348523598424641537
1348523598512877570
1348523598735142913
1348523598688866309
1348523598625918980
1348523599041228801
1348523599288651776
1348523599846461441
1348523600022745090
1348523601025069058
1348523601163481088
1348523601461448706
1348523601646002176
1348523601817870336
1348523601851338752
1348523602098978816
1348523602287632386
1348523602421825538
1348523602946228224
1348523603587788800
1348523606800814080
1348523607127953408
1348523607622750211
1348523607748612100
1348523608826646528
1348523609967497219
1348523610059767808
1348523610193895430
1348523610902827008
1348523613171970048
1348523614098714625
1348523614350487552
1348523614715469825
1348523615210377217
1348523615604539392
1348523615621287936
1348523615705133058
1348523615831130112
1348523616200257536
1348523617508843520
1348523618003808256
1348523618762944512
1348523619022893059
1348523618976763905
1348523619471613953
1348523623129243648
1348523623406063616
1348523623611510785
1348523623867240450
1348523623833862144
1348523625100374020
1348523625654075395
1348523626648236035
1348523626736148481
1348523626845200384
1348523626346270720
1348523627163996161
1348523627608756224
1348523627965247488
1348523628405682176
1348523630209101824
1348523630288769025
1348523630582525959
1348523631421349890
1348523631626870784
1348523631500996609
1348523632100720643
1348523632310423556
1348523632511889409
1348523632608337924
1348523632688062464
1348523633501745152
1348523633724051456
1348523634978136065
1348523635213021184
1348523636190109697
1348523638123802625
1348523638568357889
1348523638899703808
1348523640053239808
1348523640359321601
1348523640736813056
1348523641105891328
1348523641110085633
1348523641525436416
1348523641789562880
1348523641785511937
1348523642062311424
1348523642620162048
1348523642666283010
1348523642913751040
1348523643366744064
1348523643580473344
1348523643958124546
1348523645409390592
1348523646550216705
1348523647246299139
1348523648542511105
1348523648542416896
1348523649641361408
1348523649721102337
1348523651881029638
1348523651939905536
1348523651927220225
1348523652107550723
1348523653676163073
1348523654498328577
1348523654771052544
1348523655316164608
1348523654892679168
1348523655018336257
1348523655857369089
1348523655907729409
1348523656146677760
1348523656356524032
1348523655718973442
1348523658503835649
1348523658835324929
1348523659804160000
1348523659825082370
1348523660647288832
1348523660802457600
1348523660982685697
1348523662844940288
1348523662865960963
1348523663297892353
1348523662920413185
1348523663637798913
1348523664069832706
1348523664858370049
1348523665911029762
1348523666028556288
1348523666565423104
1348523667098013696
1348523667832016898
1348523669392384000
1348523671279714308
1348523672198254593
1348523672722575362
1348523672575770627
1348523675109060615
1348523675427991554
1348523676048756736
1348523677415968771
1348523677399265280
1348523678674415616
1348523678842179584
1348523679018332160
1348523681631399937
1348523681937584130
1348523682180710406
1348523682503790592
1348523682797215751
1348523683283812357
1348523683904516096
1348523683715796993
1348523684298805250
1348523684403818498
1348523684462534658
1348523683816435715
1348523685284614144
1348523686404317184
1348523688132370434
1348523688610721793
1348523691131375618
1348523691844493313
1348523692192641024
1348523693039702016
1348523693442543617
1348523693568270340
1348523693983420417
1348523694486818820
1348523694767923200
1348523695363547142
1348523695858360320
1348523696445558786
1348523696756051969
1348523697661829132
1348523701159874561
1348523701613043714
1348523702082822144
1348523701881417728
1348523702590300160
1348523702711775235
1348523702833577986
1348523703764742149
1348523703865274369
1348523703923929090
1348523703882039296
1348523704955899906
1348523705287237637
1348523706109157378
1348523706944004097
1348523706570604544
1348523707262586888
1348523707640250368
1348523708927901696
1348523709007491072
1348523710257496070
1348523710618206210
1348523711528398851
1348523712304320513
1348523712421765120
1348523714107699201
1348523714418257920
1348523716045467648
1348523716020482048
1348523717341573120
1348523719384207360
1348523720487411713
1348523721460473856
1348523721926074368
1348523722475409410
1348523724312432643
1348523725138833410
1348523725222780931
1348523726002741250
1348523726892007425
1348523727605084160
1348523728410435586
1348523729391915009
1348523729635188737
1348523729991700480
1348523730365001732
1348523730981498880
1348523731954515971
1348523732185174017
1348523732151791616
1348523732596350977
1348523733263077379
1348523733623791617
1348523734139867139
1348523733946871808
1348523734412324865
1348523734580289536
1348523734680825859
1348523735163285504
1348523735297490945
1348523735599386624
1348523735767199745
1348523735784038400
1348523737314979841
1348523737784545288
1348523737839124480
1348523738564763657
1348523739604987904
1348523739592482816
1348523740263448576
1348523742255865856
1348523743228911616
1348523743212052480
1348523744885497856
1348523745690984449
1348523746836033538
1348523747574226945
1348523748027199489
1348523747905396740
1348523748194807809
1348523748375339009
1348523748429688832
1348523748576665609
1348523748685737984
1348523749352599552
1348523749440679936
1348523749524578304
1348523749830651905
1348523750279569408
1348523750602416133
1348523750380093442
1348523751063711745
1348523751516692480
1348523751709749248
1348523752385089536
1348523752502431747
1348523753353981952
1348523754767446017
1348523755971244033
1348523756222877698
1348523756201807874
1348523756801593344
1348523758080954370
1348523760094216193
1348523760584806403
1348523760534564864
1348523761704841221
1348523762350649344
1348523763202191360
1348523762564608002
1348523764078817280
1348523764812820481
1348523764917497856
1348523764930273280
1348523765487992834
1348523765597155328
1348523766314369026
1348523766226317314
1348523766503018497
1348523767723655168
1348523768277127168
1348523768487022592
1348523768667369474
1348523768692412416
1348523768986087424
1348523770026323970
1348523770214957056
1348523770533867522
1348523770500280320
1348523771041177603
1348523772249321472
1348523772219858945
1348523772605648896
1348523772555522054
1348523773163577345
1348523773574656000
1348523774140846080
1348523776573661185
1348523776951136256
1348523777630507009
1348523778314129408
1348523778385604608
1348523779396259841
1348523780419821568
1348523780923002882
1348523781996883969
1348523782667952128
1348523783594811393
1348523783867523075
1348523783964008448
1348523784454762496
1348523784890765318
1348523786023399424
1348523786304368640
1348523787264913409
1348523786795012097
1348523787784867841
1348523787730513920
1348523788476973057
1348523788535676928
1348523788346994688
1348523788808413191
1348523789609562112
1348523789919907840
1348523790419025922
1348523792226607104
1348523791857586177
1348523793908580354
1348523794139287552
1348523794802077708
1348523795452203008
1348523796383334400
1348523796794273793
1348523797129920512
1348523797192855554
1348523797515796480
1348523797511458823
1348523797406765056
1348523798094467073
1348523798182637568
1348523798308528128
1348523798795051008
1348523798925082625
1348523798807465984
1348523799231176706
1348523800011292676
1348523800472653827
1348523799638106112
1348523801055789056
1348523801722683394
1348523801357770753
1348523803022917637
1348523803991826432
1348523803811442688
1348523804713078786
1348523804851625986
1348523804822294529
1348523805220757505
1348523805602439170
1348523806361608193
1348523807036813312
1348523807124938752
1348523807397449728
1348523808790093825
1348523808785715201
1348523808873975810
1348523809318469638
1348523809431818242
1348523809444253697
1348523809314398208
1348523810979409921
1348523811335852032
1348523811277316096
1348523811600101376
1348523811835174914
1348523812393013248
1348523812455907334
1348523815891054593
1348523816239161345
1348523816864116736
1348523816826257408
1348523816989970434
1348523817816252416
1348523818059493382
1348523818051018754
1348523818306859009
1348523818931916801
1348523820089548801
1348523820420722690
1348523820718678017
1348523821146513413
1348523821133795329
1348523822111203329
1348523822438297601
1348523823000260612
1348523823231074304
1348523823780548608
1348523823948292096
1348523824531316737
1348523824598323202
1348523824870903812
1348523825500221445
1348523825214877698
1348523826452303872
1348523826817216513
1348523827207098369
1348523828075507712
1348523828746584065
1348523830373982209
1348523831770550273
1348523831242096640
1348523832043216897
1348523832735199238
1348523833137905664
1348523833175769089
1348523833293119488
1348523833775456256
1348523834589077506
1348523834530414593
1348523835377688580
1348523835503616000
1348523836434571267
1348523838397698048
1348523838322008066
1348523840012476416
1348523839895040000
1348523840167673856
1348523840159113219
1348523840469676032
1348523840217997313
1348523840922652672
1348523842990460928
1348523843648966656
1348523844827455489
1348523845125165059
1348523846018551808
1348523846010167297
1348523845662203904
1348523846308159489
1348523848128319488
1348523848778485761
1348523849059598337
1348523850493947909
1348523849671868417
1348523851592830978
1348523851643113472
1348523851408404480
1348523852955963394
1348523853404729345
1348523855694999552
1348523856831643648
1348523858047987713
1348523859121606660
1348523859398459393
1348523859553648642
1348523860988026882
1348523862200176641
1348523862523211776
1348523863781605377
1348523863848738816
1348523864058437632
1348523865152974849
1348523865354469376
1348523865169776642
1348523867904614401
1348523868223229952
1348523867971571716
1348523868768518145
1348523869083078656
1348523869179572229
1348523869041270784
1348523869657821184
1348523870727397376
1348523871197147137
1348523872174292994
1348523872669327361
1348523873046720512
1348523873134907393
1348523873566773248
1348523874426654722
1348523874913144832
1348523874921701377
1348523875236241409
1348523876393881600
1348523876809105409
1348523877471838210
1348523877878571009
1348523878042234880
1348523878620876800
1348523879745130496
1348523879757615109
1348523879522660355
1348523879950651392
1348523881703768064
1348523883096395777
1348523883348045826
1348523883737976835
1348523884295770116
1348523885394759681
1348523886145662976
1348523886502055937
1348523887005478912
1348523887034728449
1348523887277924353
1348523888624492544
1348523890448900096
1348523891241742338
1348523892256632835
1348523893976231939
1348523894005587970
1348523894265753600
1348523894185938944
1348523895570239490
1348523895654150144
1348523895960190978
1348523896765620224
1348523896845324290
1348523897180844032
1348523897726005249
1348523897985982466
1348523898564980737
1348523898640465921
1348523898955046912
1348523899055722496
1348523900175478785
1348523901182160896
1348523902377603072
1348523902499131393
1348523902725718017
1348523902809612288
1348523903451324416
1348523903933505537
1348523905263267842
1348523906198609920
1348523907125567488
1348523907146461184
1348523908262207488
1348523908589211650
1348523908987719681
1348523910917140481
1348523910908805120
1348523911365988353
1348523911814787072
1348523912603201536
1348523914033557504
1348523914406711296
1348523914595500034
1348523914838814721
1348523915803582464
1348523915870687232
1348523915388219392
1348523916667531264
1348523917476982788
1348523918089445376
1348523918504636416
1348523918533935106
1348523919435816960
1348523920937385985
1348523921184747520
1348523921792970753
1348523921738510338
1348523922015342593
1348523922850000896
1348523922879340545
1348523923483328512
1348523924632424452
1348523924930310145
1348523924871499777
1348523925244940289
1348523925232259073
1348523925874106369
1348523925966188545
1348523927392305156
1348523928524787715
1348523928839454720
1348523928856256513
1348523929242116097
1348523929296633856
1348523929443430400
1348523929988603906
1348523931184099329
1348523930542370816
1348523932253515778
1348523932958134274
1348523933058928640
1348523933683785728
1348523935013466112
1348523935340654593
1348523935831388162
1348523935994822663
1348523936070381568
1348523936250814464
1348523939623002113
1348523939790782465
1348523940868743168
1348523941057335299
1348523941124575234
1348523941476798467
1348523941682409472
1348523942273720320
1348523942462439428
1348523942768570370
1348523942890381314
1348523943087517696
1348523944135909378
1348523944450662400
1348523945360642050
1348523946228985857
1348523946300370944
1348523946329726976
1348523947017469956
1348523947663388672
1348523947952926721
1348523948322017280
1348523949030846469
1348523949466869760
1348523949513089025
1348523950951821314
1348523951824232453
1348523952017174530
1348523952226914304
1348523952205778946
1348523952830865409
1348523952864448512
1348523954214821889
1348523954152075264
1348523955276062721
1348523955569639426
1348523955611721728
1348523955657838592
1348523955645149186
1348523955808854016
1348523955997401089
1348523956890845184
1348523957083754502
1348523957633249281
1348523958174326784
1348523958421905408
1348523958862295041
1348523959336235008
1348523959495454722
1348523959818596354
1348523959944404992
1348523960678322177
1348523960854589441
1348523961286598658
1348523961445974017
1348523961622130689
1348523961454354432
1348523962137939968
1348523962129547264
1348523962737717251
1348523962968338435
1348523963115319296
1348523963203272704
1348523963421491200
1348523963547226114
1348523963589120002
1348523963710922753
1348523964688166913
1348523964977483778
1348523964960792576
1348523965229260802
1348523965308801026
1348523965547827200
1348523966181347329
1348523967116574721
1348523967879860224
1348523969255714816
1348523969670828034
1348523969889136643
1348523970035900419
1348523970061103104
1348523970660855810
1348523970723803136
1348523971747131393
1348523973542346752
1348523974200872961
1348523974381215744
1348523975157166080
1348523975945592832
1348523976868315137
1348523977317212161
1348523977464033281
1348523977610825728
1348523979305320448
1348523979619749888
1348523980144205824
1348523980257447938
1348523981217914880
1348523981305827331
1348523981368922112
1348523981846900740
1348523981955952643
1348523981326872584
1348523982350376961
1348523983096918016
1348523984028135424
1348523984065712128
1348523984413839361
1348523984946651136
1348523986301276160
1348523986737573888
1348523987882692608
1348523988113383424
1348523988297854978
1348523989224681473
1348523989426085888
1348523990260838400
1348523990936072193
1348523990810128384
1348523991951093761
1348523992014061569
1348523992156672001
1348523992626253824
1348523992790016001
1348523993402384384
1348523994367062018
1348523995348430849
1348523995281444867
1348523995591708676
1348523995830751232
1348523996489379842
1348523998750142467
1348523999152758786
1348523999110721536
1348523999337226242
1348523999370698752
1348524000163491840
1348524000750694409
1348524000843083776
1348524000801148928
1348524000880840704
1348524001476415488
1348524001547624448
1348524002176716801
1348524002264961025
1348524002533384193
1348524003103797248
1348524003397394434
1348524003422466048
1348524003678326787
1348524006241161216
1348524006916255745
1348524008006950912
1348524007914668032
1348524008111824897
1348524008124280832
1348524008216543235
1348524008317313024
1348524008527065093
1348524009063927808
1348524009156202496
1348524009206345730
1348524009143590912
1348524009516904450
1348524009412034562
1348524009403666432
1348524009822908417
1348524010120884224
1348524010481483778
1348524012352073728
1348524012343726080
1348524012444389377
1348524013333733376
1348524013707022336
1348524014197764096
1348524015166623745
1348524015439081479
1348524015460093958
1348524016487682048
1348524016538042369
1348524016714145795
1348524016307478528
1348524018043940865
1348524017762885632
1348524018308063232
1348524021386801156
1348524021973921797
1348524022494081027
1348524023198740480
1348524023290978306
1348524023383252994
1348524024184393728
1348524024603795457
1348524024809271296
1348524024935161856
1348524025744666624
1348524026692567041
1348524026709352448
1348524027237855233
1348524028080873472
1348524028764499968
1348524029435662337
1348524030912032775
1348524032145182721
1348524033076199426
1348524033516646401
1348524033621585921
1348524033772437505
1348524034414137349
1348524035861344256
1348524037111123969
1348524036658262018
1348524037165649921
1348524037262237696
1348524037656477697
1348524037845245953
1348524038621073411
1348524038545567745
1348524039174819842
1348524039506194432
1348524039795568641
1348524040454074368
1348524040240160769
1348524040990806018
1348524041242628097
1348524041469108224
1348524041628389377
1348524042119213056
1348524042647707650
1348524044648378369
1348524045541675008
1348524046900596737
1348524046208675841
1348524047852687361
1348524047030771718
1348524049484435456
1348524049840762890
1348524050369298434
1348524051124379650
1348524051363291140
1348524052177166337
1348524052751773698
1348524053070446600
1348524053284360192
1348524053255102464
1348524053921845255
1348524054110564352
1348524053620027393
1348524054320447488
1348524054567821313
1348524055293546496
1348524055629099011
1348524055712964610
1348524056379842560
1348524056392425472
1348524057512308736
1348524057701048320
1348524057650720770
1348524058103701506
1348524058711904261
1348524058816569351
1348524058929979392
1348524060158865408
1348524061396238336
1348524062558052353
1348524062948016131
1348524062725730307
1348524062931300353
1348524063124320256
1348524063346597889
1348524063669571585
1348524064286019584
1348524064319668225
1348524064734801920
1348524068010663936
1348524069151453184
1348524070179123201
1348524070011367426
1348524070246051840
1348524071072518144
1348524070912946178
1348524072120946690
1348524072364253186
1348524071651311618
1348524073807069188
1348524073916264448
1348524074142736384
1348524074385997824
1348524074235023360
1348524075094781952
1348524075455537153
1348524076449452035
1348524076558520320
1348524076516614150
1348524077498073088
1348524077238132738
1348524077745582080
1348524078731300864
1348524080555675659
1348524080497119232
1348524080664883200
1348524080337735680
1348524081239363586
1348524081612812288
1348524081679892480
1348524082053214208
1348524082522779649
1348524083126824962
1348524084947247104
1348524086448762882
1348524086247346179
1348524086327189504
1348524087329566721
1348524087627440129
1348524088134828034
1348524088776486913
1348524089862975488
1348524089737162752
1348524090836070400
1348524091976765442
1348524092404613126
1348524092975165440
1348524093172232192
1348524093474287617
1348524094442991618
1348524094585622530
1348524095046967297
1348524095974100993
1348524096041021441
1348524096540332033
1348524097295278080
1348524097408532480
1348524098465394690
1348524098343694337
1348524098746511360
1348524099103031296
1348524100407472128
1348524101414105088
1348524102580019203
1348524103821619200
1348524103636959234
1348524104459042818
1348524104568115200
1348524104694034432
1348524104853319680
1348524104970862592
1348524104102543366
1348524105176289281
1348524106912837633
1348524108380717057
1348524109282480128
1348524110582833153
1348524110427561986
1348524111044222977
1348524111081984001
1348524111409143809
1348524111782424576
1348524112461799424
1348524113099251713
1348524113598443521
1348524114399531008
1348524114751971328
1348524115485986817
1348524115985006594
1348524116421185539
1348524116647804928
1348524117121708032
1348524117343891459
1348524117809532928
1348524118170357760
1348524119910973441
1348524120368181248
1348524120326082561
1348524120561000450
1348524122465304577
1348524122226114561
1348524123111100416
1348524123434192898
1348524124226932736
1348524124365352962
1348524124939939846
1348524125128699904
1348524124973502465
1348524124944134144
1348524125514555392
1348524127435452419
1348524127477489667
1348524127544619008
1348524127401857024
1348524128077107200
1348524128505122817
1348524128698048513
1348524129834643457
1348524130749083648
1348524131495542784
1348524132640518146
1348524132997201920
1348524134301536256
1348524135912067073
1348524136457506816
1348524138336575488
1348524141410873354
1348524141603745793
1348524141834600450
1348524142400823297
1348524144271515658
1348524144758050821
1348524145923919873
1348524145940848640
1348524147287187457
1348524147496820737
1348524147136073728
1348524149854109696
1348524149229166592
1348524151619784704
1348524151405907968
1348524152055943170
1348524152483938304
1348524151754141702
1348524152454602752
1348524154119720960
1348524154480427008
1348524155294117888
1348524156095262722
1348524157277925378
1348524157886226433
1348524158091608064
1348524158515179520
1348524158586507267
1348524160297926656
1348524160759312384
1348524161132589056
1348524161132605441
1348524161367498752
1348524161715548162
1348524161879011336
1348524162470473729
1348524162634051586
1348524162659143681
1348524162881564673
1348524162566873090
1348524163313631232
1348524164186066946
1348524164316065792
1348524164248788994
1348524164777447424
1348524165335113731
1348524165452726272
1348524165758939136
1348524167000432640
1348524167340163073
1348524166836875266
1348524167537291264
1348524167776272384
1348524168040443906
1348524168275484673
1348524168392933376
1348524168720089089
1348524168933896192
1348524169454116866
1348524169521209345
1348524170792083456
1348524171014377472
1348524171123257344
1348524173258326016
1348524173979656195
1348524174642302977
1348524174608719873
1348524174847975424
1348524175007174657
1348524175112212480
1348524174831136769
1348524175728791554
1348524175820992512
1348524175179190272
1348524176349540356
1348524176886419457
1348524177578483712
1348524177591046145
1348524177427349512
1348524178035650561
1348524178056519681
1348524178224394240
1348524179683885058
1348524179855822856
1348524180480925698
1348524181000884225
1348524181160398850
1348524182167035904
1348524183207124994
1348524184570195973
1348524184998014978
1348524186415865857
1348524186054975488
1348524186508124162
1348524187015634944
1348524187665588225
1348524187611242497
1348524187447685120
1348524187804184578
1348524188118753282
1348524188328456192
1348524188328361984
1348524188957630464
1348524190450634753
1348524190542884878
1348524191683813377
1348524192224854019
1348524193109987328
1348524193223208960
1348524195576213505
1348524195924357121
1348524196461207552
1348524196859695104
1348524196788199424
1348524198080163842
1348524199363686401
1348524199329976323
1348524199711830019
1348524201620209665
1348524201750179841
1348524202983370754
1348524203457212417
1348524204451196929
1348524204291887104
1348524204379934725
1348524204396847106
1348524204950511619
1348524205004886020
1348524204879204352
1348524205738962949
1348524206087139329
1348524206229745669
1348524206913433601
1348524206993117184
1348524207123136513
1348524208310124546
1348524208347770880
1348524208758927361
1348524208842809344
1348524209539067904
1348524210008821761
1348524210302320642
1348524210860257280
1348524211451654146
1348524211959189504
1348524212613500928
1348524213330706432
1348524213447979010
1348524213548634112
1348524214102282240
1348524214974771200
1348524215671140355
1348524216568565762
1348524217508065282
1348524218787516416
1348524218602848256
1348524218774769664
1348524218963648513
1348524219546570757
1348524219672506369
1348524220419080192
1348524220612042754
1348524220997726209
1348524221765283840
1348524222717444096
1348524223078293505
1348524224990875650
1348524225590657024
1348524226395975681
1348524226555219969
1348524228333588480
1348524228438609922
1348524229180985345
1348524230061694986
1348524230032453632
1348524230925824002
1348524230959190019
1348524231164895232
1348524231257190400
1348524231114551296
1348524231714197507
1348524232351772675
1348524232653750273
1348524232842604545
1348524232821469185
1348524232867676164
1348524233543069697
1348524235501744128
1348524235635871745
1348524236109979654
1348524236781084673
1348524239519969285
1348524240195051528
1348524240971161601
1348524241088622592
1348524241281548290
1348524241386426370
1348524242082680832
1348524242862813184
1348524244502781953
1348524244553007104
1348524244955779073
1348524245387669504
1348524245312286722
1348524245500964865
1348524245706539009
1348524245773594624
1348524246209802241
1348524246109192193
1348524246507651073
1348524247627431939
1348524247723831299
1348524249082974208
1348524249393336320
1348524250664062978
1348524250789859328
1348524253277261824
1348524253201764352
1348524253981896704
1348524254329933825
1348524254418014208
1348524255542194176
1348524255819030531
1348524256041213955
1348524255642841088
1348524257496756224
1348524257664401414
1348524258100731906
1348524258104909824
1348524258327056386
1348524258427809792
1348524258998292480
1348524259447025665
1348524259967180804
1348524260914958340
1348524261024129024
1348524261804179464
1348524262269845504
1348524262185861120
1348524263255506945
1348524263729491970
1348524264559882240
1348524265381965824
1348524266082476032
1348524266569015296
1348524266808029185
1348524266736685059
1348524267617411074
1348524267726462977
1348524268175425540
1348524269626658816
1348524269957910528
1348524270205464578
1348524270041882624
1348524271329546240
1348524271941931008
1348524272482881537
1348524273456066560
1348524274164723713
1348524275603558406
1348524275926384641
1348524276874321924
1348524277780238336
1348524278312955904
1348524278380195841
1348524279181291520
1348524279038570503
1348524281127440384
1348524281207001094
1348524281198612481
1348524281739808768
1348524281597194240
1348524282599522305
1348524282582880256
1348524283266387971
1348524284390604802
1348524284919087105
1348524285527257090
1348524285833330689
1348524285502087168
1348524286277951493
1348524286949027842
1348524287167242240
1348524287322423296
1348524287888601088
1348524288303902721
1348524288333250560
1348524288438013961
1348524289423794177
1348524289436344321
1348524289948004353
1348524290279407616
1348524290610753548
1348524290921082880
1348524291466219522
1348524291881533441
1348524292103929857
1348524292569325572
1348524292602875907
1348524293655822337
1348524294289162240
1348524294632980481
1348524295945809920
1348524295232753665
1348524296747032578
1348524296835002368
1348524297023705088
1348524296864370691
1348524297955008512
1348524299599056896
1348524300567932934
1348524301171916800
1348524301494923265
1348524302090571777
1348524301926899712
1348524302300106755
1348524304078692352
1348524304489734146
1348524304858836992
1348524304951111682
1348524305944989698
1348524306263904256
1348524307014578179
1348524306893074432
1348524308595761154
1348524309111660544
1348524311682949122
1348524313570283521
1348524312643461122
1348524313859780609
1348524314589478912
1348524314992070658
1348524315138957314
1348524315940179968
1348524316380561408
1348524317408022533
1348524318272204801
1348524318389624836
1348524318133637122
1348524318888783873
1348524318947479554
1348524319375323136
1348524319798865920
1348524319765372929
1348524320692297728
1348524320310652928
1348524320931409921
1348524321438904327
1348524322554585088
1348524322718183426
1348524323531796487
1348524323976351746
1348524325335392257
1348524326182653952
1348524326262362112
1348524326354472960
1348524326694301696
1348524327050874880
1348524327252099079
1348524327642124291
1348524327919095811
1348524328162365441
1348524328191746051
1348524328980242433
1348524329076727809
1348524329294827523
1348524329429061632
1348524329575714818
1348524329718394880
1348524330435682304
1348524330846720000
1348524331270287360
1348524331979010049
1348524333614841862
1348524334327992321
1348524333531017216
1348524334017601536
1348524335733026816
1348524336668401698
1348524337234538497
1348524337242861568
1348524337637179394
1348524338086109184
1348524338870276098
1348524339390398464
1348524340887781376
1348524340804001796
1348524340992569351
1348524340896268289
1348524342095831045
1348524342301368320
1348524342452375554
1348524342498394113
1348524342229958659
1348524343165390851
1348524343295406082
1348524343618371585
1348524343953920000
1348524344071241765
1348524344276881408
1348524345421942785
1348524345585410051
1348524344809549825
1348524347586187264
1348524347636461568
1348524347649093637
1348524348273876994
1348524348458471433
1348524348961906695
1348524350824189952
1348524352082477059
1348524352468299776
1348524352850030593
1348524352359313409
1348524354032832514
1348524355836276736
1348524356448743427
1348524355454689282
1348524356918534144
1348524358474604544
1348524358952693761
1348524359481135105
1348524360051675137
1348524360240394240
1348524360253005825
1348524360433356802
1348524361414799360
1348524361909751808
1348524363465691138
1348524363935604736
1348524364388560896
1348524364442992642
1348524365026000896
1348524365508468736
1348524366414270464
1348524366850617345
1348524367764836354
1348524368087945216
1348524368297652229
1348524368402341891
1348524368410906624
1348524368461131778
1348524368788414466
1348524369816006656
1348524370617102336
1348524372051505158
1348524371904589824
1348524373020442630
1348524373024641024
1348524373272129536
1348524375264415744
1348524375809556482
1348524376283623426
1348524376312967168
1348524376363188224
1348524376568725504
1348524377315319811
1348524378242248705
1348524378900885504
1348524379156656129
1348524380628934658
1348524380964278276
1348524381274836992
1348524381702553600
1348524381606006785
1348524381719420928
1348524382109327361
1348524382495207426
1348524382956777472
1348524383791407104
1348524383925657600
1348524384609202181
1348524386723135492
1348524387553714176
1348524389172609025
1348524389185318913
1348524390535729153
1348524390565208065
1348524390615457794
1348524390913363968
1348524391529918464
1348524392603533312
1348524392821760000
1348524394092453891
1348524393316581378
1348524394457522176
1348524396697284608
1348524396919533574
1348524397821353985
1348524397905133572
1348524398375034880
1348524399314542593
1348524399712993282
1348524400602132480
1348524401466212353
1348524401013174274
1348524402997137408
1348524402703556609
1348524403642888194
1348524404511223808
1348524404700033029
1348524405060722689
1348524406457290752
1348524406872502274
1348524407615062018
1348524407724060673
1348524408697077763
1348524409162756097
1348524409644978176
1348524409800192000
1348524409741582338
1348524410274254848
1348524410760663041
1348524410894893056
1348524411280887809
1348524411398324226
1348524411557736450
1348524411905859584
1348524415013670914
1348524415391158273
1348524415387127811
1348524415831707649
1348524415970127873
1348524417316388866
1348524417622679552
1348524418121818115
1348524418717212674
1348524418885058569
1348524418897764352
1348524419958726656
1348524421858791430
1348524421926027265
1348524421867315201
1348524421959602178
1348524422643281920
1348524423394054145
1348524423469441024
1348524423893164032
1348524423888908289
1348524424874496003
1348524424891301890
1348524425340076039
1348524425553985539
1348524425654784001
1348524427785355266
1348524427898707970
1348524428225863680
1348524429815369730
1348524430079750144
1348524430159278087
1348524430541139973
1348524430880722946
1348524431098880001
1348524431132348419
1348524431585533953
1348524431442927619
1348524432021741571
1348524432466305025
1348524432684244993
1348524433338630146
1348524432831123457
1348524433883844608
1348524436257820674
1348524436719366144
1348524437465923584
1348524437499478016
1348524437579001858
1348524437876838400
1348524438275452929
1348524438866644994
1348524439315611649
1348524439605043202
1348524439906955264
1348524439881838593
1348524441165303808
1348524441857351683
1348524442129817603
1348524442649985027
1348524443312803842
1348524444659146755
1348524445669838848
1348524445355401216
1348524446143934466
1348524446332538881
1348524446429024256
1348524446676488195
1348524447192424448
1348524447423074306
1348524447544832001
1348524448035393536
1348524448417079300
1348524448576581634
1348524448836710401
1348524449327427586
1348524449973350400
1348524450409574400
1348524451588173824
1348524452926156805
1348524453207138304
1348524454876336129
1348524455279140864
1348524456210096128
1348524456151560192
1348524456524853249
1348524456495390722
1348524457027989505
1348524457262944256
1348524457921449985
1348524458185777152
1348524458622017538
1348524459196436483
1348524459217575939
1348524460110983168
1348524460152918017
1348524460777889792
1348524462065389570
1348524462245892097
1348524462250057729
1348524462778556416
1348524463072141316
1348524463218806787
1348524463252377600
1348524463399137281
1348524463705518082
1348524463805984769
1348524464040906754
1348524464321908738
1348524464431112198
1348524464762474498
1348524464955383809
1348524465567760384
1348524465227968515
1348524465953492992
1348524466456961024
1348524467161616385
1348524467870429185
1348524467870425088
1348524468872818689
1348524469594320901
1348524469543989248
1348524469103550469
1348524469682372609
1348524470336589825
1348524471322349568
1348524472538599424
1348524472479997952
1348524472555470853
1348524473553543171
1348524473100587009
1348524473562124288
1348524474392522754
1348524474505814016
1348524475168407554
1348524478003773440
1348524477978537986
1348524478079397888
1348524478574305280
1348524478083473408
1348524479790665728
1348524479748714498
1348524480247734273
1348524481740894208
1348524482852499456
1348524484442157056
1348524485796798464
1348524487722020864
1348524487906643969
1348524488791613441
1348524489357676547
1348524489395625986
1348524490494529536
1348524490817470465
1348524492465664002
1348524495338942469
1348524494692917248
1348524498849562625
1348524499654873088
1348524499579281409
1348524498316894209
1348524501886242822
1348524501936476162
1348524502167166977
1348524502364381187
1348524503559675909
1348524504281088000
1348524504356569088
1348524506059595776
1348524506265096194
1348524506269294593
1348524508093837313
1348524509410725888
1348524510329393153
1348524510731898880
1348524510732054529
1348524511403122688
1348524511713349633
1348524512388608000
1348524512220860416
1348524512824991744
1348524512955035649
1348524513818861568
1348524514347511809
1348524514410426368
1348524514775343105
1348524514670362631
1348524515500957696
1348524516566130690
1348524516817981441
1348524516859895808
1348524517191151623
1348524519053524992
1348524519145820160
1348524519275823104
1348524519842062336
1348524520722886658
1348524521448419328
1348524521796546560
1348524522148933633
1348524523016974339
1348524523138678785
1348524523612733441
1348524523843325959
1348524523897856001
1348524524661301248
1348524525047209985
1348524524715708417
1348524525131063297
1348524527584759808
1348524528432001024
1348524528104734722
1348524529149239296
1348524529505730560
1348524530353000456
1348524530562719745
1348524531053285382
1348524531070062593
1348524531133149185
1348524532013871104
1348524531758075904
1348524534257905664
1348524534534721537
1348524535021244422
1348524535708991493
1348524535780433920
1348524536074035200
1348524535943892994
1348524536615067650
1348524537076359171
1348524537432862724
1348524538842124290
1348524538989051910
1348524539479777280
1348524539668533248
1348524541555863555
1348524542017351681
1348524542424014851
1348524542335979523
1348524543263039489
1348524543355318274
1348524543493746689
1348524543585906688
1348524544290643968
1348524544873533445
1348524545293119491
1348524546014515205
1348524546056310785
1348524546987536384
1348524547268505602
1348524547486703618
1348524547608252418
1348524547415318533
1348524548774387712
1348524549122519040
1348524549906829313
1348524549843812354
1348524550397554690
1348524549969747970
1348524551127314433
1348524551848611842
1348524552331132929
1348524552968613888
1348524553429868546
1348524553840984067
1348524553983688704
1348524554222784514
1348524554751275008
1348524556093431810
1348524556726792194
1348524557343326208
1348524560279347208
1348524560770068483
1348524561059479555
1348524561323712512
1348524561696960512
1348524561629790211
1348524562430926849
1348524563240529920
1348524563064213505
1348524563378802688
1348524564616196097
1348524564620349443
1348524565392097282
1348524566537125888
1348524567032000514
1348524567078313984
1348524568198017024
1348524568932073474
1348524570819624961
1348524571083894784
1348524571553624064
1348524572413407232
1348524572761493506
1348524572975509505
1348524573159952388
1348524573008908288
1348524573738889216
1348524574216957955
1348524575357890560
1348524575533854720
1348524575131275270
1348524575341084673
1348524576460787714
1348524576511242240
1348524577077555203
1348524577241116673
1348524577492787200
1348524578168045569
1348524578117586945
1348524578444771332
1348524578759454720
1348524579698864131
1348524580114194432
1348524580705628161
1348524581242470400
1348524581405872129
1348524581380911106
1348524582110519296
1348524583138304000
1348524584061046784
1348524584572772352
1348524584191066113
1348524584811651072
1348524585289965576
1348524585852030977
1348524586401374210
1348524586892222471
1348524588599300097
1348524589740134401
1348524590264414210
1348524591027781632
1348524592210595840
1348524592348979200
1348524592437071872
1348524592520826882
1348524595612065794
1348524596530712576
1348524596933353475
1348524597314953216
1348524597877071874
1348524598682378240
1348524599051476992
1348524599269593088
1348524598854184962
1348524599651176451
1348524599747649536
1348524599923810304
1348524601538531334
1348524602247569409
1348524602884980737
1348524602989936640
1348524603203866624
1348524603531026434
1348524603681996800
1348524604248256512
1348524604818558977
1348524605879758849
1348524606332624896
1348524606353678337
1348524607314161665
1348524607649812480
1348524608333475841
1348524608824037379
1348524609876869121
1348524610011209728
1348524610090921986
1348524612037058560
1348524612380815363
1348524612607332354
1348524612905172996
1348524613857325061
1348524614008385536
1348524614016589827
1348524614264250368
1348524614406656003
1348524615073738752
1348524615371522048
1348524615572672514
1348524615761588226
1348524615837093891
1348524616021651456
1348524616487211008
1348524616617254912
1348524617212850176
1348524617267343363
1348524617305096193
1348524617296728065
1348524618936504323
1348524619003613186
1348524619733544962
1348524619851059205
1348524619880411137
1348524620165509120
1348524620329201664
1348524620979318786
1348524623462354945
1348524623558828032
1348524624280248320
1348524624947138561
1348524625429319680
1348524625546895360
1348524625765031937
1348524626553540608
1348524626780057600
1348524628029960193
1348524628365496320
1348524628277420032
1348524628885454849
1348524629359525889
1348524629518901248
1348524629791395840
1348524630579941376
1348524630718492672
1348524631507021826
1348524632148684802
1348524634954719232
1348524635407704064
1348524636028465154
1348524635801989120
1348524636334477317
1348524636238090241
1348524637395816448
1348524637877981184
1348524639362965510
1348524639807545349
1348524640981954560
1348524641585934336
1348524643158683648
1348524643418660864
1348524644375158784
1348524644832210946
1348524644886835200
1348524645033660416
1348524645075480577
1348524646627422208
1348524647172743169
1348524647252299778
1348524647244062722
1348524648397500416
1348524649932496896
1348524649756299265
1348524650448359426
1348524650612060166
1348524651132030979
1348524651404644356
1348524651991900161
1348524652935700480
1348524653980119041
1348524654072365056
1348524654802006017
1348524654974164993
1348524654969950208
1348524654919516162
1348524655829807111
1348524656383418373
1348524656513347585
1348524655976464389
1348524657427832832
1348524659021541376
1348524659013251072
1348524659419926528
1348524659659206656
1348524659692642305
1348524660082675712
1348524661378715655
1348524662423048195
1348524663081730048
1348524664239370240
1348524664637820929
1348524665392701440
1348524665690578944
1348524665640128512
1348524666005188608
1348524666512662531
1348524666718199809
1348524666869194753
1348524667540267008
1348524668341288964
1348524668265795584
1348524668106379264
1348524668668416003
1348524668651757568
1348524669729587206
1348524669649915904
1348524669758885891
1348524669872300032
1348524670946070528
1348524671017373696
1348524671277256705
1348524671197732864
1348524671554248704
1348524672418271233
1348524672611201025
1348524674657910785
1348524674741915649
1348524675006144512
1348524675413008384
1348524675916292096
1348524675995893763
1348524677396889600
1348524679162699777
1348524679221436416
1348524679695241218
1348524681410711555
1348524681729503235
1348524681838604296
1348524682362851328
1348524682488766464
1348524682358775808
1348524682673147907
1348524683226873859
1348524684485087233
1348524684262797315
1348524687840735233
1348524687584710656
1348524688687828994
1348524688977391616
1348524690256629765
1348524691581882372
1348524692773113856
1348524692802441216
1348524693544792064
1348524693788225536
1348524693087789059
1348524694220115968
1348524694245314565
1348524693964382209
1348524694375424003
1348524695029735426
1348524695235284992
1348524695298064385
1348524695944126464
1348524695939928065
1348524696225144832
1348524696342388739
1348524696665346051
1348524697194000387
1348524697592369156
1348524697508433926
1348524697709928450
1348524698599100417
1348524698829787136
1348524698703781888
1348524699429564416
1348524699526029312
1348524699869917184
1348524701421694982
1348524701765697540
1348524702617247749
1348524702646607872
1348524702831140865
1348524703497916418
1348524703875358721
1348524704164761602
1348524704592580612
1348524705494360067
1348524705028849664
1348524706476023810
1348524706496802816
1348524707176448000
1348524708954738689
1348524709172838400
1348524709298778112
1348524709365760001
1348524710045351942
1348524710255079425
1348524711131680768
1348524711316135938
1348524711509192705
1348524712154918912
1348524714092879872
1348524715183202306
1348524715372019714
1348524716298964999
1348524717028777985
1348524717519613954
1348524717829877761
1348524719054708736
1348524719687929857
1348524721109938176
1348524721428688897
1348524723152498688
1348524723404201984
1348524723471192067
1348524724255678464
1348524725094412289
1348524725157441537
1348524725287473153
1348524725421572096
1348524725413273601
1348524725509750785
1348524726600294401
1348524726973464577
1348524727204077568
1348524728906960897
1348524731360628736
1348524732287750150
1348524733126430725
1348524731943669761
1348524734993092608
1348524735563526145
1348524735865384960
1348524737333497856
1348524736993746945
1348524739132841984
1348524739204161536
1348524741242593281
1348524741666082816
1348524741397774337
1348524742437961728
1348524742471516163
1348524743272652800
1348524744908312579
1348524747097735171
1348524747005583365
1348524748867657734
1348524748544892928
1348524750075789317
1348524750029557765
1348524750587502593
1348524750616756232
1348524752642576384
1348524753011712004
1348524753108176896
1348524753292849152
1348524753691136001
1348524754588884992
1348524754286874624
1348524755301900288
1348524756534874112
1348524756824444928
1348524757768163331
1348524758216880131
1348524757520510977
1348524760804827136
1348524760955809792
1348524761228472320
1348524761458954246
1348524762268536837
1348524764554354692
1348524764411944961
1348524764525039618
1348524764810371072
1348524764957089792
1348524765179486210
1348524765435158531
1348524766542512129
1348524766559432705
1348524766534230018
1348524766882394112
1348524766844628993
1348524767150792707
1348524767410839554
1348524767972790275
1348524768090271744
1348524768673345537
1348524769105248263
1348524769227005953
1348524769457659904
1348524770183286786
1348524770577448960
1348524770929881089
1348524770992779265
1348524771160584194
1348524771605176326
1348524771915431937
1348524772502618115
1348524773387735040
1348524774197137417
1348524774872522754
1348524774826369030
1348524775786819584
1348524776621539331
1348524777724551168
1348524777699360768
1348524777905004545
1348524780463513602
1348524781218353153
1348524785421209600
1348524785874075651
1348524785588793346
1348524786725629952
1348524787061161984
1348524787602137088
1348524788315168769
1348524789430849537
1348524789590339584
1348524789665652737
1348524789699403776
1348524789992837123
1348524790143848450
1348524790420623363
1348524790743666692
1348524790785536003
1348524791465054211
1348524792752656388
1348524792476012545
1348524794334113792
1348524794661253128
1348524794774392833
1348524795885998080
1348524796619812864
1348524796695363584
1348524797114908673
1348524797974745089
1348524799102832649
1348524799052587009
1348524801359376385
1348524803158892544
1348524803418832897
1348524804090060800
1348524804354179075
1348524804710649862
1348524804962283521
1348524805776048130
1348524805968969730
1348524806015127552
1348524806090727424
1348524805998448640
1348524806346567681
1348524806904414208
1348524806774390784
1348524807185424386
1348524807198035970
1348524807512616960
1348524808812830720
1348524810041577472
1348524810226311170
1348524810264047616
1348524810729525251
1348524811040002048
1348524812033994753
1348524813107793922
1348524813393010688
1348524813917118465
1348524813925675008
1348524813938257920
1348524814730870787
1348524814940585985
1348524815137841152
1348524815410290689
1348524815427149827
1348524815876022274
1348524815963942913
1348524815980908545
1348524816823967745
1348524817595719682
1348524817150984192
1348524818430386176
1348524818426073090
1348524818564403201
1348524819034337282
1348524819722211329
1348524819718021122
1348524819990667264
1348524820649140225
1348524820346982403
1348524821102018560
1348524821353803776
1348524821659971585
1348524821752242177
1348524821924163586
1348524823098568706
1348524823509569536
1348524823731957761
1348524824356745224
1348524824721813507
1348524825401315328
1348524825594261505
1348524825632002049
1348524825996914690
1348524825812328450
1348524827020197889
1348524827070656514
1348524827662020609
1348524827699765248
1348524828706398210
1348524829423644674
1348524829624979458
1348524830514143232
1348524830551785472
1348524831126405122
1348524831621455872
1348524833039147009
1348524833378856963
1348524833341120514
1348524834062360577
1348524834309869569
1348524834624569345
1348524834725134337
1348524835161468930
1348524834624598017
1348524836608487424
1348524837002760192
1348524837384445955
1348524837371846656
1348524838743388160
1348524840001490945
1348524840291082240
1348524841003933700
1348524842631499776
1348524843059335169
1348524842425880578
1348524844464279555
1348524845575806980
1348524846062456832
1348524845282193412
1348524846658048000
1348524848918749185
1348524849061249028
1348524849220743168
1348524849472262146
1348524849900224512
1348524850034454530
1348524850172862465
1348524850437107712
1348524850986405888
1348524852337127425
1348524852764954624
1348524852668469248
1348524853440241664
1348524855080210432
1348524855394775043
1348524856439042050
1348524856107798533
1348524857357688834
1348524857806508038
1348524857965727751
1348524858599202816
1348524859840626688
1348524859911901186
1348524860155121666
1348524860906070016
1348524860960632832
1348524860998262786
1348524861803683840
1348524861992431616
1348524861975498754
1348524862080339973
1348524862126452736
1348524862294405120
1348524862860496899
1348524862793535489
1348524862873030657
1348524863934390273
1348524864890552320
1348524865834332161
1348524867013013504
1348524868657061889
1348524870116782080
1348524870133571589
1348524870842396673
1348524871215689729
1348524872893345793
1348524873623212032
1348524873807765505
1348524873786789889
1348524874193653760
1348524874508079113
1348524874990460928
1348524874881384449
1348524876206755840
1348524876655517696
1348524877129654273
1348524877087694848
1348524876517306369
1348524877238554626
1348524877775392768
1348524878052294656
1348524878551412737
1348524878987722752
1348524879696457728
1348524879780352001
1348524880812253185
1348524881370087424
1348524882242514946
1348524882406084614
1348524882766790657
1348524882859089920
1348524883278508033
1348524883328839680
1348524883622432768
1348524883949608960
1348524885153255429
1348524885396623360
1348524885564383232
1348524886063411202
1348524886302412801
1348524886788984834
1348524887476826115
1348524887682514946
1348524887552393219
1348524888018087938
1348524888345161730
1348524888454164480
1348524888718532608
1348524890555617280
1348524890756939778
1348524890966564867
1348524892099022848
1348524892409487360
1348524892648476673
1348524892992401408
1348524893764202496
1348524894208876544
1348524894259195904
1348524894472978440
1348524895622328322
1348524896092090375
1348524896356339712
1348524898193469441
1348524899439157249
1348524899581587463
1348524900093452290
1348524900122767360
1348524900609269762
1348524900596662272
1348524902433890305
1348524903117500416
1348524903306305536
1348524903285231616
1348524905130831872
1348524905470455810
1348524906447826948
1348524906556780544
1348524906779172864
1348524906829336579
1348524907085393927
1348524907794227200
1348524907915866112
1348524908112998405
1348524908742135809
1348524909014749184
1348524911602540550
1348524912365821954
1348524913049665536
1348524913410396162
1348524914597363714
1348524915151040514
1348524915356532737
1348524915868184576
1348524916526747648
1348524917197840384
1348524917403348992
1348524917864636418
1348524918040793096
1348524918967853056
1348524919496138759
1348524920213393409
1348524921274703874
1348524922197344256
1348524922562179074
1348524923300544512
1348524923254312962
1348524923493306369
1348524924458078210
1348524925011767298
1348524926525972480
1348524927398285313
1348524928916590593
1348524929071804422
1348524929252270080
1348524929419931649
1348524929482850304
1348524929969479685
1348524930934185984
1348524931039035401
1348524931223416832
1348524931319939072
1348524933077475329
1348524934134337536
1348524934268555264
1348524934860066816
1348524935157727235
1348524936961249280
1348524936974000129
1348524937972248577
1348524937833828354
1348524938462859264
1348524939008118784
1348524941189279744
1348524941746995202
1348524942107705346
1348524943928131585
1348524944737628161
1348524945178025984
1348524945597489152
1348524946318876673
1348524946264371200
1348524946859778051
1348524946318794755
1348524947661058049
1348524949191979009
1348524949632380930
1348524950148231170
1348524950622240768
1348524951259783169
1348524951733739520
1348524952115417088
1348524953029595137
1348524954682331136
1348524956296957952
1348524956636729345
1348524957505089537
1348524958507528192
1348524958490759170
1348524959228960770
1348524959702921217
1348524959929405440
1348524960583598080
1348524961544118273
1348524961611149314
1348524961749749767
1348524963238711297
1348524963662237696
1348524963855101953
1348524965214232582
1348524965683888131
1348524965801299971
1348524967894405122
1348524968053665792
1348524968536141824
1348524968695324674
1348524968620003328
1348524970134142976
1348524970096394243
1348524971446956032
1348524971702669313
1348524973174837249
1348524973644804096
1348524974412230661
1348524975116988418
1348524976064720905
1348524977553874945
1348524977948123137
1348524979143507968
1348524979260772354
1348524979428728835
1348524979487461378
1348524980296937472
1348524982503141382
1348524983723687936
1348524983769698316
1348524984025702402
1348524984097001477
1348524984923254785
1348524986731012096
1348524987016048641
1348524987158654977
1348524988190445570
1348524989507637249
1348524990128218114
1348524991801921536
1348524992955355137
1348524992858902530
1348524992959545347
1348524993383198721
1348524993345294336
1348524993924263936
1348524994901336064
1348524995232849921
1348524995152998400
1348524995438370816
1348524997090832392
1348524996935655427
1348524997023825920
1348524998353448961
1348524998642831360
1348524999007731713
1348524999519465474
1348524999666266112
1348524999724969984
1348524999775289344
1348525000353931267
1348525000760946688
1348525000911945730
1348525001247391748
1348525002312851456
1348525002669232128
1348525003260661767
1348525004279980033
1348525005378826246
1348525006511370240
1348525006683164674
1348525007350034432
1348525008084205568
1348525008277090306
1348525009246023682
1348525011573813250
1348525010554535936
1348525012261740544
1348525012765077506
1348525013272432648
1348525013213847553
1348525013775900672
1348525013994004483
1348525015822643200
1348525015738830848
1348525016690749440
1348525016992899073
1348525017844355077
1348525018280562691
1348525018091823104
1348525018548899847
1348525018766999554
1348525018918113280
1348525020713259008
1348525021539438592
1348525021480718337
1348525022193872900
1348525022214823936
1348525022663507970
1348525022659317762
1348525022906781698
1348525022625804290
1348525023955324928
1348525024840462339
1348525024643203073
1348525026656604160
1348525026878791681
1348525027700961286
1348525028221050880
1348525029290508294
1348525029940731904
1348525030116913152
1348525030305513472
1348525029953216512
1348525031098359809
1348525033296187393
1348525033711407104
1348525033933729792
1348525034361393153
1348525034558656512
1348525034759983104
1348525034705444864
1348525035082964993
1348525035502379008
1348525036957818881
1348525038295801864
1348525039071555592
1348525039512010752
1348525039780556800
1348525041147932672
1348525041827266561
1348525042901069825
1348525043039358976
1348525043265900547
1348525044276858881
1348525044809437192
1348525044914397184
1348525044566265856
1348525045187018757
1348525044864004097
1348525045681848323
1348525045866508288
