1353718730312867841
1353718731407556614
1353718732254818304
1353718732489695233
1353718732514877441
1353718732716187655
1353718732745539584
1353718733060132868
1353718733999468544
1353718733965979648
1353718734754516995
1353718735140495360
1353718735056625665
1353718735195009026
1353718735308259328
1353718735299891206
1353718735907954689
1353718736113590277
1353718736449130497
1353718736751112193
1353718736675614721
1353718738172792834
1353718738160381952
1353718738604929025
1353718738885992450
1353718739125067778
1353718739221377025
1353718739464843264
1353718739494178816
1353718739825549325
1353718739947069441
1353718739888467968
1353718740073009153
1353718740198678528
1353718741083820032
1353718741234831364
1353718741461327874
1353718741486477315
1353718741620547584
1353718742140641280
1353718742316941313
1353718742560157696
1353718743071924224
1353718743063531527
1353718743197749248
1353718743415853056
1353718743558451200
1353718743751340033
1353718744024051714
1353718744049197056
1353718744460251137
1353718744728670208
1353718745294843908
1353718744816750592
1353718746112790528
1353718746741829635
1353718746628698112
1353718746855206916
1353718747241054229
1353718747303964672
1353718747522064384
1353718747727540225
1353718747719196674
1353718748574789632
1353718748109283331
1353718748528726016
1353718748897796098
1353718749132685314
1353718749128503297
1353718750084739086
1353718750319681537
1353718750198030337
1353718750424535040
1353718750705569792
1353718750768484353
1353718750143512576
1353718751456276482
1353718751263383552
1353718751779315714
1353718752588783618
1353718752601321475
1353718752987279361
1353718753343791104
1353718753259900931
1353718753503170560
1353718754409111552
1353718754312646658
1353718754375565312
1353718754681741319
1353718754925047808
1353718754778247172
1353718755713572864
1353718755910676480
1353718756372054018
1353718757194133504
1353718757357719552
1353718757601013763
1353718756783124482
1353718757819113479
1353718757760229376
1353718758121099271
1353718758334935043
1353718758313963521
1353718759148703750
1353718759157092353
1353718759438110724
1353718759480025088
1353718760100814849
1353718759693950976
1353718760188878849
1353718760532799491
1353718760750915584
1353718761711431682
1353718761661100034
1353718762118258690
1353718762302623744
1353718763212959744
1353718763481411585
1353718763598852096
1353718764131508225
1353718764496330753
1353718764651462658
1353718764748099585
1353718764831969280
1353718764987101185
1353718765243031552
1353718765465296902
1353718765410799619
1353718765565829122
1353718765624713217
1353718766044143618
1353718767285579777
1353718767642148869
1353718768162152448
1353718768153800705
1353718768346701834
1353718769017888769
1353718768837423104
1353718769512632326
1353718769617670144
1353718769760296961
1353718769844183041
1353718770150289418
1353718770343190533
1353718770347470849
1353718770490101760
1353718769789652993
1353718770452344832
1353718770615738368
1353718770611613696
1353718771819585537
1353718771819696130
1353718771177951235
1353718771794407424
1353718771979071489
1353718771337330689
1353718772306161664
1353718772704694276
1353718772775809026
1353718772826320897
1353718773077991424
1353718773338021891
1353718773421891595
1353718773451268097
1353718773593874432
1353718773690327040
1353718773648252929
1353718773283487751
1353718774118178817
1353718772562092035
1353718774189289474
1353718774260756481
1353718775783239680
1353718776030666752
1353718776102060035
1353718776341147648
1353718776555057158
1353718776961912832
1353718777158922247
1353718777410543617
1353718777251131393
1353718777607671811
1353718778060808192
1353718778215813120
1353718778568314882
1353718778597580801
1353718780027936768
1353718779465801730
1353718781084790784
1353718780959068161
1353718781240086528
1353718781181362177
1353718781495840768
1353718780916948992
1353718781579825154
1353718781550456833
1353718781642756100
1353718781646876672
1353718781789528066
1353718782527741952
1353718782787637248
1353718784524234752
1353718784683610112
1353718784788410368
1353718785073537024
1353718785165783040
1353718785300160512
1353718784972873728
1353718785371303937
1353718785522364416
1353718785287446528
1353718784805232659
1353718785992224771
1353718785933533186
1353718785996419072
1353718786063384578
1353718785828659200
1353718785627348994
1353718786440925185
1353718786294210569
1353718786197770240
1353718785929306121
1353718786818510853
1353718786977902598
1353718787204235265
1353718788424871937
1353718788785664000
1353718788735250437
1353718788731133961
1353718789418979328
1353718789939077120
1353718790031347712
1353718790853337088
1353718790056361984
1353718790861713409
1353718791704875008
1353718791767638017
1353718792749109250
1353718792979947535
1353718792807993344
1353718793500045317
1353718793692868608
1353718793755906048
1353718793806041089
1353718793814511622
1353718794338840583
1353718795060318208
1353718794938675200
1353718794993201152
1353718795467034627
1353718795618177024
1353718795651731462
1353718795534274565
1353718796306042880
1353718796771614723
1353718797157412866
1353718797266522121
1353718797488807938
1353718797463650304
1353718797975302146
1353718798638084096
1353718799065894914
1353718798994591746
1353718799057498113
1353718799023955971
1353718799250444288
1353718799162372096
1353718800005419010
1353718800055721993
1353718800127029250
1353718800563265538
1353718800814895104
1353718801049772038
1353718801439858689
1353718801737670656
1353718801691512838
1353718802165469185
1353718802165477376
1353718802169667586
1353718802651951104
1353718802840772608
1353718802937163778
1353718803088117766
1353718803209752577
1353718803260170240
1353718805214736384
1353718805327974400
1353718805432856586
1353718805743206402
1353718805743230977
1353718805923557377
1353718806103928833
1353718806015782914
1353718806435262466
1353718806624034817
1353718806741479500
1353718807227990017
1353718807215407104
1353718807253164032
1353718807316090880
1353718807467089922
1353718807706087433
1353718807974600704
1353718808301740033
1353718808465338369
1353718809291587584
1353718809450995724
1353718809430003717
1353718810126245889
1353718809832660993
1353718810604400640
1353718810621128707
1353718810784755714
1353718810881257472
1353718810914791425
1353718811149684736
1353718811174830080
1353718811065774080
1353718811371909124
1353718811606847495
1353718812118548486
1353718812537970688
1353718812684804102
1353718813666250753
1353718813704015872
1353718813930512392
1353718814186340352
1353718814551257090
1353718814597292040
1353718814945337352
1353718814987304960
1353718815079755776
1353718815176048640
1353718815490666499
1353718815876648964
1353718816627417088
1353718816593879046
1353718816908275713
1353718817415958530
1353718817776672768
1353718818091184131
1353718818863017985
1353718818774855681
1353718819097817093
1353718819210973185
1353718819768786947
1353718820024823809
1353718820876275723
1353718820817543169
1353718821039841280
1353718821354430466
1353718821643816961
1353718822889525256
1353718822893723648
1353718822579163136
1353718823397036034
1353718823334141952
1353718823778545668
1353718823988432896
1353718824118312960
1353718824235917312
1353718824198168582
1353718824307191808
1353718824655351815
1353718824839770115
1353718824378527752
1353718825141870592
1353718825246732291
1353718825393549312
1353718825909448705
1353718826022670336
1353718826098176016
1353718826253250562
1353718826236481536
1353718826555342848
1353718826710536192
1353718826790219776
1353718827075432449
1353718827658473473
1353718827834613761
1353718827293372418
1353718828484579328
1353718828350496771
1353718828463775744
1353718828841136134
1353718828694462464
1353718829512351751
1353718829566877697
1353718830435086338
1353718830426583042
1353718831210893315
1353718831127138307
1353718831508672512
1353718831487836176
1353718831492046871
1353718831815012352
1353718831911473160
1353718831143772160
1353718832280596486
1353718832318177280
1353718833127817216
1353718833735991297
1353718834289643520
1353718834394349568
1353718834256097282
1353718834469998597
1353718835291951104
1353718835724083201
1353718835879227399
1353718835745087488
1353718835417911308
1353718836260962304
1353718836512567296
1353718836697001985
1353718837565386752
1353718838978732032
1353718839209562113
1353718840249737216
1353718840534962176
1353718840799059968
1353718841063440386
1353718840933412864
1353718841600339969
1353718841306730496
1353718843059957766
1353718843236114432
1353718843408052226
1353718843550609426
1353718843517054977
1353718843433074688
1353718843630366723
1353718843844263940
1353718844058071041
1353718844129423368
1353718844402126849
1353718844410507264
1353718844674588673
1353718844473401360
1353718844867547136
1353718845903679490
1353718846847381506
1353718846704807936
1353718847514308610
1353718847614947328
1353718847648497693
1353718847648501760
1353718848160108544
1353718848063741952
1353718848487387137
1353718848491552771
1353718848504139778
1353718848705409027
1353718848499793927
1353718849070223360
1353718849422696457
1353718849452048384
1353718849506566150
1353718849930223618
1353718851230461960
1353718851662450689
1353718852090269698
1353718852153204739
1353718852954288128
1353718853134643200
1353718853235339265
1353718853323395082
1353718853524746241
1353718853679931392
1353718853763801089
1353718853822533632
1353718853898006529
1353718853994426370
1353718854216790018
1353718854208389122
1353718854661382145
1353718854770434050
1353718855466684417
1353718855651229698
1353718855839997952
1353718855881940992
1353718856007741441
1353718856045494272
1353718856309596160
1353718856196321280
1353718856636919808
1353718856636915714
1353718856892735489
1353718857874235398
1353718858176024577
1353718857974886402
1353718858360762369
1353718858226524163
1353718858574663681
1353718859782647819
1353718859929415682
1353718859895812097
1353718860600508417
1353718860738916353
1353718862366220290
1353718862404083712
1353718862257111040
1353718862869573635
1353718862898999298
1353718863188398081
1353718863322558464
1353718863393861633
1353718863523885063
1353718863838523398
1353718863813292041
1353718864002084865
1353718864090116104
1353718865088438272
1353718865348485120
1353718865625190401
1353718865805647874
1353718865432342528
1353718866556424192
1353718865067454465
1353718866707361793
1353718867001044992
1353718867223322626
1353718867252703233
1353718868053782534
1353718868645187585
1353718869198835713
1353718869312073731
1353718869408550913
1353718869387448320
1353718869903347713
1353718870192709632
1353718870280871936
1353718870138384384
1353718870348091394
1353718870494863360
1353718870654078977
1353718870654083072
1353718870868189185
1353718871228878849
1353718871367184386
1353718871287451648
1353718871509921795
1353718873116307458
1353718873707708417
1353718873808371712
1353718873984442369
1353718873791492096
1353718874437390337
1353718874777276424
1353718875309953026
1353718876949733382
1353718876979118080
1353718877440544770
1353718877612478464
1353718877751046144
1353718877788766213
1353718877683912704
1353718878631821313
1353718879059632129
1353718879189655559
1353718879395041280
1353718879311245312
1353718879382601728
1353718879260962817
1353718879592316931
1353718879655256066
1353718879911075841
1353718879881732096
1353718879952973828
1353718879902642181
1353718880095485952
1353718880355700736
1353718880376659968
1353718880577970177
1353718880477167617
1353718880854827008
1353718880594608129
1353718881572032514
1353718881764990976
1353718881768984578
1353718881647435776
1353718882222166021
1353718882712883202
1353718883002142722
1353718883253936135
1353718883979563014
1353718884038279173
1353718884000362497
1353718884227051526
1353718884264796160
1353718883715330050
1353718884159942657
1353718884663259136
1353718884730339330
1353718885254574081
1353718885246185472
1353718884474515456
1353718885531283456
1353718885829238784
1353718885887959044
1353718885959299082
1353718886198292482
1353718885925740544
1353718886273871873
1353718886303227906
1353718886785576961
1353718887003652097
1353718887418916870
1353718887993536512
1353718887926304769
1353718888106762240
1353718889218256897
1353718889704615936
1353718889562177543
1353718890413641729
1353718890593988609
1353718891210485761
1353718890849853440
1353718891726344196
1353718891688710146
1353718891810353159
1353718891936157698
1353718892867301378
1353718893949423616
1353718894960242688
1353718895379668992
1353718895744589826
1353718896252084224
1353718896289701890
1353718896629403654
1353718897082572803
1353718897137090566
1353718897476661248
1353718897808199681
1353718898340847616
1353718898647064576
1353718898647044096
1353718899007758336
1353718899171348480
1353718899955691525
1353718899959877633
1353718900219899907
1353718900215701506
1353718900274454530
1353718900731604993
1353718899733368832
1353718901801177088
1353718901440475137
1353718902040252416
1353718902673571848
1353718903185285120
1353718903327830022
1353718903881478144
1353718904225484800
1353718904342908931
1353718904632332289
1353718905735409665
1353718905634758657
1353718906041593856
1353718906196779015
1353718906129670146
1353718905752047620
1353718907123675138
1353718907228610560
1353718907257950210
1353718907262132237
1353718907333447684
1353718907903700995
1353718908008673281
1353718908079853570
1353718908298141696
1353718908444942340
1353718908293799940
1353718908604317705
1353718908717584384
1353718910030385152
1353718910101708801
1353718910760050688
1353718911238340610
1353718911439687686
1353718911385161729
1353718910567251968
1353718911682936834
1353718911653404673
1353718911934595099
1353718911972335616
1353718912194637824
1353718912215625729
1353718912727343104
1353718912685404161
1353718912895094785
1353718912937041931
1353718914610569216
1353718915340374016
1353718915935907842
1353718915256487949
1353718916174946304
1353718916208496642
1353718916393144323
1353718916284096513
1353718918288961536
1353718918448345091
1353718918846836738
1353718918817443840
1353718918855196675
1353718919115190274
1353718919467560960
1353718919861850112
1353718919928930328
1353718919941533697
1353718920360980482
1353718920939671553
1353718920063176710
1353718921464053761
1353718922810421248
1353718922873368582
1353718923120701440
1353718923615735808
1353718923699478529
1353718924064514048
1353718924655931393
1353718924991463431
1353718925138284561
1353718925201170434
1353718925876469761
1353718925964537858
1353718926191054848
1353718926333632514
1353718926606176258
1353718926715330561
1353718927373836289
1353718927201873921
1353718927285579778
1353718927940087808
1353718928208515074
1353718928481136640
1353718928644562946
1353718928133001217
1353718929282236416
1353718928980193280
1353718929965912065
1353718930192420866
1353718930842546178
1353718931178090498
1353718931559735296
1353718931706404864
1353718930972368896
1353718932084031489
1353718932335636484
1353718932578979840
1353718932541202434
1353718932671229952
1353718933187158016
1353718933228933120
1353718933400989696
1353718933631561729
1353718934172790793
1353718934479003651
1353718935900839937
1353718936106364929
1353718936127344641
1353718937108815872
1353718937452613633
1353718937620512771
1353718937419177985
1353718937574379521
1353718937826029573
1353718938501337097
1353718938832613377
1353718938824273922
1353718939092566018
1353718940158074880
1353718940443279360
1353718940262936576
1353718940460048387
1353718940451688448
1353718940837564419
1353718940913049605
1353718941424754702
1353718941764497410
1353718941663825921
1353718942204911621
1353718942523678720
1353718942687252480
1353718943127658496
1353718943807115265
1353718943907774467
1353718944067162112
1353718944142561284
1353718944209670145
1353718944276873217
1353718944398532609
1353718944457252867
1353718944440451073
1353718945036046336
1353718945396744204
1353718945350623233
1353718945413558272
1353718945602265088
1353718945577136139
1353718945983959046
1353718945816211458
1353718946503995392
1353718947296763905
1353718947598708736
1353718948131442689
1353718948299083777
1353718948232122369
1353718948366315521
1353718948475363330
1353718948789817346
1353718949171535872
1353718949293207552
1353718949431676928
1353718949716746240
1353718950148759553
1353718950304088064
1353718950316695557
1353718951016947717
1353718951423975426
1353718952216600576
1353718952459956225
1353718951918800896
1353718953319792640
1353718953273647105
1353718953374326785
1353718953109909583
1353718953567277056
1353718953416208396
1353718953844109312
1353718953907007489
1353718954078957570
1353718954032844803
1353718954099933184
1353718954259320832
1353718954527772673
1353718954674544641
1353718956188594178
1353718957132443653
1353718956499079169
1353718957732192256
1353718957908385793
1353718958101196801
1353718957987962881
1353718958470258690
1353718958747217920
1353718959804039168
1353718959762067456
1353718959930036228
1353718960001339394
1353718960370413568
1353718960018104323
1353718961536331776
1353718961607729154
1353718961704218636
1353718962014584832
1353718962115256326
1353718962186563586
1353718962173992963
1353718962442424320
1353718962832474113
1353718962836529152
1353718963075604481
1353718964686381056
1353718965147738113
1353718965797855232
1353718965760110592
1353718965197959174
1353718965978210304
1353718965999034369
1353718966473121794
1353718966603063298
1353718966544433154
1353718966506688512
1353718966682849288
1353718966997442560
1353718967764996097
1353718968729661440
1353718968398344192
1353718968754704387
1353718968649986049
1353718968926818305
1353718969119739907
1353718969216233480
1353718969082011650
1353718969002201093
1353718968998105092
1353718969413337090
1353718969719517184
1353718970017312768
1353718970239512576
1353718970654797825
1353718971107835908
1353718971434991616
1353718971724296192
1353718971997020162
1353718972961738752
1353718973255331840
1353718973532143625
1353718973385216000
1353718973951569934
1353718973616021505
1353718974681387010
1353718974811414535
1353718975033651200
1353718974903685122
1353718975658676236
1353718975922921475
1353718975805476864
1353718976359096321
1353718976350707712
1353718976447041537
1353718976690479105
1353718976359108610
1353718977118285829
1353718974446526464
1353718977923592192
1353718978233905152
1353718978305269761
1353718978451914752
1353718978481369090
1353718978955382797
1353718978888216577
1353718978963767296
1353718979324383232
1353718979320311809
1353718979882328065
1353718979995570176
1353718979857166338
1353718980247052291
1353718981203435531
1353718981174190083
1353718981442605061
1353718981539065857
1353718981832663041
1353718982143049729
1353718982281289728
1353718982906421252
1353718983392952320
1353718984118558721
1353718984164564993
1353718984353308677
1353718984600915968
1353718984705761281
1353718985196527620
1353718985372491776
1353718985527861248
1353718985544634375
1353718985636913153
1353718985620152321
1353718985934725120
1353718986383511552
1353718986446409728
1353718987025215488
1353718987075571717
1353718988061159424
1353718988312895488
1353718988845555712
1353718989462130691
1353718989701214212
1353718989927677952
1353718989986406403
1353718990032531456
1353718990326128659
1353718990959489024
1353718990900764672
1353718991064231936
1353718991366344704
1353718991295049730
1353718990938451980
1353718991722786818
1353718992050003971
1353718992381366278
1353718992838533121
1353718993878708224
1353718994025508873
1353718994650476544
1353718994629402625
1353718994621124613
1353718994969231360
1353718995069906946
1353718995447205889
1353718996286238724
1353718996416286723
1353718996693110785
1353718998022688768
1353718998110777353
1353718998077210625
1353718998454697985
1353718998828015622
1353718998827995136
1353718998890852354
1353718998949654530
1353718999348092929
1353718999914213376
1353719000560099330
1353719000950337539
1353719001633988608
1353719001738846208
1353719002204258304
1353719002091057154
1353719002565124098
1353719002594422787
1353719003873685505
1353719003823353858
1353719003890507783
1353719004389666817
1353719004607598597
1353719004746100736
1353719005014581248
1353719005169778696
1353719005010219009
1353719004959961089
1353719005824114688
1353719005857550336
1353719006490980356
1353719007317286922
1353719007455666179
1353719007526924289
1353719007480868865
1353719007581499392
1353719007178850310
1353719008135180293
1353719008294539264
1353719008684457984
1353719008789487619
1353719008881729536
1353719009053577217
1353719009213079564
1353719009158565888
1353719009791909896
1353719009909350405
1353719009980592130
1353719010391683073
1353719011062784005
1353719011230494720
1353719011863891971
1353719011889053696
1353719013470330880
1353719013503852546
1353719013617106944
1353719013478641664
1353719013994614790
1353719014028058626
1353719013944274958
1353719014057521152
1353719014179151879
1353719014510489600
1353719015122714626
1353719015877668866
1353719016817381377
1353719016565649412
1353719017631076359
1353719017421287427
1353719017568165893
1353719017903546369
1353719017295339521
1353719017916215300
1353719018570436611
1353719018658672643
1353719019564490758
1353719019757428739
1353719019912704000
1353719019875004429
1353719020235747336
1353719019405271045
1353719021045219330
1353719020982312960
1353719020860682251
1353719021376430084
1353719021460307970
1353719021636608001
1353719021846188032
1353719023507279873
1353719023905746944
1353719023935041541
1353719024186662915
1353719024295804928
1353719024497143808
1353719025071779840
1353719025457651717
1353719025424072705
1353719025797361664
1353719025847697408
1353719026061635584
1353719026170654723
1353719026208403457
1353719027403804672
1353719027282169856
1353719027319918592
1353719027458170882
1353719027986784256
1353719028011978752
1353719028016181251
1353719028217507845
1353719028649521163
1353719027575758849
1353719028351700992
1353719029341499393
1353719029425451008
1353719029651783681
1353719029526106113
1353719029874241537
1353719030067159041
1353719030486429698
1353719031551946755
1353719031929434113
1353719032067878912
1353719032168517632
1353719032084455424
1353719032483033088
1353719032801878026
1353719033070284802
1353719032223035393
1353719032826880000
1353719033737211906
1353719034563465220
1353719034458550272
1353719034378817537
1353719034848698368
1353719035083579392
1353719035674972165
1353719035821584385
1353719035985321984
1353719036438261761
1353719036840968194
1353719036106911744
1353719037021347840
1353719037289787399
1353719037960708096
1353719038128615429
1353719038728425472
1353719038766174210
1353719038975815680
1353719039189807104
1353719039311269891
1353719039428849666
1353719039332405248
1353719039521153024
1353719040058011648
1353719040204795932
1353719040368390144
1353719040380964865
1353719040557125635
1353719041853157376
1353719042247434241
1353719042285047811
1353719042704625681
1353719042666729472
1353719042687660032
1353719042809462786
1353719044323553281
1353719044797571074
1353719044831113216
1353719045254742016
1353719045191831555
1353719046412378116
1353719046550794244
1353719046244626432
1353719047343497218
1353719047880372225
1353719048324997121
1353719048358551552
1353719048794763264
1353719048924581890
1353719048970805248
1353719048832475136
1353719049067364353
1353719048694083584
1353719049365159936
1353719049734131713
1353719049860112385
1353719050124324865
1353719050300518401
1353719050300485632
1353719050438922240
1353719050682118145
1353719050665390080
1353719050711523330
1353719050891894784
1353719050929635329
1353719050900271105
1353719051395076098
1353719052728991746
1353719052598915076
1353719053274247168
1353719053320335365
1353719053123276800
1353719053391638537
1353719053387509760
1353719053592846342
1353719053777567744
1353719054096330756
1353719054217998336
1353719054499012608
1353719054784061441
1353719055535009794
1353719054993825792
1353719056008765440
1353719056046686209
1353719055954403328
1353719056457736197
1353719056721915904
1353719057506131968
1353719057502138370
1353719058101923840
1353719058575724545
1353719058538094592
1353719058827513856
1353719059095953408
1353719059309846530
1353719060459098114
1353719060995977219
1353719061180534794
1353719061457285129
1353719061830643712
1353719061780246530
1353719062405251072
1353719062325506054
1353719062296203266
1353719061977378816
1353719062564646914
1353719061692239873
1353719062895837184
1353719063374159873
1353719063562878976
1353719065001553920
1353719065743937536
1353719065873936387
1353719066859593728
1353719066964484096
1353719067526496257
1353719067862048770
1353719068000399360
1353719067941736450
1353719067991937025
1353719068348407810
1353719068960972804
1353719068919029765
1353719069216813056
1353719069745311744
1353719069749473286
1353719069963378688
1353719070043099136
1353719069996797955
1353719069590106118
1353719070680612865
1353719070730948609
1353719071376879621
1353719070823231489
1353719071649525760
1353719071158767616
1353719071758446593
1353719072358162435
1353719073687752710
1353719074023497731
1353719073952194564
1353719074233217024
1353719074417758208
1353719074455392257
1353719074614898691
1353719075399028736
1353719075571077122
1353719076099600384
1353719076401664002
1353719076464381959
1353719076544077826
1353719076535853057
1353719077945159680
1353719078548979712
1353719079425761281
1353719079933251584
1353719080243617793
1353719080352706560
1353719080361074693
1353719080809803786
1353719080260227073
1353719080948260864
1353719080503685123
1353719081011208192
1353719081027969024
1353719081069731841
1353719081392877574
1353719081937952768
1353719082080727043
1353719082307219458
1353719082667831297
1353719083695566855
1353719083561340931
1353719083414528000
1353719083611664390
1353719084022640642
1353719083544563714
1353719084320493569
1353719084639256578
1353719084685340672
1353719084702199815
1353719085490700290
1353719084840591362
1353719085478117376
1353719085603966976
1353719085968683008
1353719086308618241
1353719086606405632
1353719086635737090
1353719086937726976
1353719086459576322
1353719087067787270
1353719087042596865
1353719087181008900
1353719087701110786
1353719087311048704
1353719087755649024
1353719087814369280
1353719087994712069
1353719088858734592
1353719088170864640
1353719089458507777
1353719088091172866
1353719089685000193
1353719090674733056
1353719090813292546
1353719090989445120
1353719091203166209
1353719091283062786
1353719091350142977
1353719091866038277
1353719092675567616
1353719093631696898
1353719094428790787
1353719094579785746
1353719094718181376
1353719094768492552
1353719094856589312
1353719094823018498
1353719094982316034
1353719095074545664
1353719094319734785
1353719095804514304
1353719095183765505
1353719095829663746
1353719096215539713
1353719096299446278
1353719096446222336
1353719095896641539
1353719097297612808
1353719097759031297
1353719097956184066
1353719098665017344
1353719099067609090
1353719099767943168
1353719099570978816
1353719099650670592
1353719099713593356
1353719100392972289
1353719100103659521
1353719100640350209
1353719100669911044
1353719101127061504
1353719101286473728
1353719101731074052
1353719103228411905
1353719103266168832
1353719103727538177
1353719103882723330
1353719103761100800
1353719104004263943
1353719103790460928
1353719104092434434
1353719104293773314
1353719104952291330
1353719104696438784
1353719104935505926
1353719106898456576
1353719106650963976
1353719107561119756
1353719107703726082
1353719107917590535
1353719108324487168
1353719108488069122
1353719108685205509
1353719108903325703
1353719107552686089
1353719109284986881
1353719109712834560
1353719110031433729
1353719110136442882
1353719110161592324
1353719110442635264
1353719110249701378
1353719109909934080
1353719111147261952
1353719111872901127
1353719111939928064
1353719111768027136
1353719111872880642
1353719112149692418
1353719112418144256
1353719112510406656
1353719112636182529
1353719112703373312
1353719113420566529
1353719113684664320
1353719113726758919
1353719113194086401
1353719113907101699
1353719113928081409
1353719116142686210
1353719116130115584
1353719115970719744
1353719116176236555
1353719116595666947
1353719116243333126
1353719116797009921
1353719116876623873
1353719117270888448
1353719117623263232
1353719118088777734
1353719118109806593
1353719118176817154
1353719118399217666
1353719118545866752
1353719119305007105
1353719119548461058
1353719119665917952
1353719119649009665
1353719119921639425
1353719120131317762
1353719120102121473
1353719120278261760
1353719120081129472
1353719120584339456
1353719121330900992
1353719121331056641
1353719121368788992
1353719122148937733
1353719122085998593
1353719122207490049
1353719122316713985
1353719122379431942
1353719122861895691
1353719123000389633
1353719122912276483
1353719123193311237
1353719123826544640
1353719123814076421
1353719124002795522
1353719123407233025
1353719124367712259
1353719124120268800
1353719123663065091
1353719124476612610
1353719124506124289
1353719124724211712
1353719125231722496
1353719125370150913
1353719125550395393
1353719125697196033
1353719125890244609
1353719125831536640
1353719125944782848
1353719128348110852
1353719128700416000
1353719128578781185
1353719129493090304
1353719129627389952
1353719130055184386
1353719130034233344
1353719130273275905
1353719130227171332
1353719130214592513
1353719130315227138
1353719130990456837
1353719131070226433
1353719131288252416
1353719131342741510
1353719132424822784
1353719132609507329
1353719132982796288
1353719132852604928
1353719132743557120
1353719133179883521
1353719133167349764
1353719133150588930
1353719133288845314
1353719133750308864
1353719133729402881
1353719133704216578
1353719133423226882
1353719133234286592
1353719134287085573
1353719134291423233
1353719134387904512
1353719134287237121
1353719134610198531
1353719134593445891
1353719136518594560
1353719136493309952
1353719136740900864
1353719136640184320
1353719137441259520
1353719137797857287
1353719136938029058
1353719138091474951
1353719138070519808
1353719138074636290
1353719138590601216
1353719138728833024
1353719138800156672
1353719138309566464
1353719139110686721
1353719139500781570
1353719139857178625
1353719139882266632
1353719140037652482
1353719140037476353
1353719140289273866
1353719140641550337
1353719140922630155
1353719141375635456
1353719141442539520
1353719141656625154
1353719141665017856
1353719141979533313
1353719141987975171
1353719142302539776
1353719142340157440
1353719142638092289
1353719143032385538
1353719143409840134
1353719143598612481
1353719145066614784
1353719145209212929
1353719144798162965
1353719145058201602
1353719145616060418
1353719145892880384
1353719145888624641
1353719145968222209
1353719146131894273
1353719146127753216
1353719146190667776
1353719146605899776
1353719146421354529
1353719146849185795
1353719147218178048
1353719147499237376
1353719149403504664
1353719149369974796
1353719149751459840
1353719150485655552
1353719150296891392
1353719150296915971
1353719150355615746
1353719150682767360
1353719150686961664
1353719151257395203
1353719151290937344
1353719148199686144
1353719151437746178
1353719150351417346
1353719153207590912
1353719153153208320
1353719153341812737
1353719153849479168
1353719153815859201
1353719154059034624
1353719154411503616
1353719154562404353
1353719154285621254
1353719154856112131
1353719155061620736
1353719155103469572
1353719155195838466
1353719155078426628
1353719155334111234
1353719155497848844
1353719154977763328
1353719155921448960
1353719156164714497
1353719157284614148
1353719158077333504
1353719158467301382
1353719158685327360
1353719158593245188
1353719158920372226
1353719159041961989
1353719159541145600
1353719160073805824
1353719159863996416
1353719160581349377
1353719160761692161
1353719161596366849
1353719162317590528
1353719162456170497
1353719162938470400
1353719163408306177
1353719163529932800
1353719163689332738
1353719163907416064
1353719164418973698
1353719165086035968
1353719165006340098
1353719165815828481
1353719165832593409
1353719165954232321
1353719166201712640
1353719166495293441
1353719166419800064
1353719166516289537
1353719167208349701
1353719167829110784
1353719168076537857
1353719167870877696
1353719168332230663
1353719168730865665
1353719169053814785
1353719169246765061
1353719168944779264
1353719170362466304
1353719170395987969
1353719170639093766
1353719169779343367
1353719170886758401
1353719171297718272
1353719171297779714
1353719171637510146
1353719171624939522
1353719171582980096
1353719171746590720
1353719172195377152
1353719172535103490
1353719172556062720
1353719173038432257
1353719172434432001
1353719174007300099
1353719174141337601
1353719174854541314
1353719175072645124
1353719175353610241
1353719175110397953
1353719176037240832
1353719176599379969
1353719176565829632
1353719176712564739
1353719176976683008
1353719178201542665
1353719178956599296
1353719179208237059
1353719179204026368
1353719179803815937
1353719179657043977
1353719180600741888
1353719182089613312
1353719182228152337
1353719182479794178
1353719182404317185
1353719182660087813
1353719182324596737
1353719182966235138
1353719183029264384
1353719184027430912
1353719184660832256
1353719184711176198
1353719184786653186
1353719185096978439
1353719185008947214
1353719185214476289
1353719185755389952
1353719186678292480
1353719187789787153
1353719187588395008
1353719187848392706
1353719188129517569
1353719188104368130
1353719188221792257
1353719187508756482
1353719188511186944
1353719188683153408
1353719188783771657
1353719188859314194
1353719189278584835
1353719189454938113
1353719189404491776
1353719189215830016
1353719189668831239
1353719189891117062
1353719189987614722
1353719190499205120
1353719191161991173
1353719192189628419
1353719192814551042
1353719192944431105
1353719193116561411
1353719193439334400
1353719193426919432
1353719193338847234
1353719195503124480
1353719195469537281
1353719195847053312
1353719195654103045
1353719195792404482
1353719195960274945
1353719195977076736
1353719195545071616
1353719196073549830
1353719196455153664
1353719196304203782
1353719196421664789
1353719196698386432
1353719197184872450
1353719197419917313
1353719197549744129
1353719197642219525
1353719197700935681
1353719200213164033
1353719199802290176
1353719200288825345
1353719200574038017
1353719200674701319
1353719200712417280
1353719200813117441
1353719201458868224
1353719201706500096
1353719201899433984
1353719201916219395
1353719202071212033
1353719202557923333
1353719203539333121
1353719203782647810
1353719204441186307
1353719204126601218
1353719204579581952
1353719204831223810
1353719204843806720
1353719204801896449
1353719204990619650
1353719205045039110
1353719205280034819
1353719205707669505
1353719206030807048
1353719205850443776
1353719206194409472
1353719205795778563
1353719206404116485
1353719206802575360
1353719207888777217
1353719207918092288
1353719208773787649
1353719208857763845
1353719208794869760
1353719209105084418
1353719209231069184
1353719209948278784
1353719210241884161
1353719210262867969
1353719210464129024
1353719210132856835
1353719210581630977
1353719210992664579
1353719210908803072
1353719211885998080
1353719212204838915
1353719212368306176
1353719211755933703
1353719212435415047
1353719212527726598
1353719213009997824
1353719213492416512
1353719213790257156
1353719213890781186
1353719213756657664
1353719214419419137
1353719214331330560
1353719214616555520
1353719214813675520
1353719215182782464
1353719216348782592
1353719216407531522
1353719216877101056
1353719216894042113
1353719217141460993
1353719217581772806
1353719217695059968
1353719217900687360
1353719218123001857
1353719218378825729
1353719218538229760
1353719218588561409
1353719219234476033
1353719219230298113
1353719219381268480
1353719219519676418
1353719220408733698
1353719220761194496
1353719220543107072
1353719220408823808
1353719221096738816
1353719220920590336
1353719221621026816
1353719221474226176
1353719221537148930
1353719221893689344
1353719222829010945
1353719222782881801
1353719222292111365
1353719223034507266
1353719223151804417
1353719222581534723
1353719223370076160
1353719223697035264
1353719225278488577
1353719225257500672
1353719225244917768
1353719225911808001
1353719225941155843
1353719226901655554
1353719227333545984
1353719227274973191
1353719227446931457
1353719227559997441
1353719227526639616
1353719227711057920
1353719228013162498
1353719228461965313
1353719229019779074
1353719229200138240
1353719229439225858
1353719229313404935
1353719229338374146
1353719229393096705
1353719230617804800
1353719230672236546
1353719231653826561
1353719231947354118
1353719232035500039
1353719232350081025
1353719233067286528
1353719233629351941
1353719233897754624
1353719233843085312
1353719234132471808
1353719234157805568
1353719233822285826
1353719234434625536
1353719234321412097
1353719234631770119
1353719234879238144
1353719234849869824
1353719233637703680
1353719235315429382
1353719235831279619
1353719235923607553
1353719236443693078
1353719237068648455
1353719237139865601
1353719237290774530
1353719237303554049
1353719237341294592
1353719236405944322
1353719237823619073
1353719237936898049
1353719238045917185
1353719237882347523
1353719238192721921
1353719238377283585
1353719238754754560
1353719238704427010
1353719239169994754
1353719239241134081
1353719239522217986
1353719239736221697
1353719239140638720
1353719240214376449
1353719240243748869
1353719241262809092
1353719241443139589
1353719241946619904
1353719241854365697
1353719242210897921
1353719242554826752
1353719242559025153
1353719242810601480
1353719243108462594
1353719243251048449
1353719243334934528
1353719243444023297
1353719243720843265
1353719243985055744
1353719244320600069
1353719244421091329
1353719245310488578
1353719245541146624
1353719245599862792
1353719246057050115
1353719246044491776
1353719246740721667
1353719247155900417
1353719247189364737
1353719247248232454
1353719248598794240
1353719248787484681
1353719248317784066
1353719249299255296
1353719249081085952
1353719249345241090
1353719249605447681
1353719249584459776
1353719249525760003
1353719249777393664
1353719249798393856
1353719249949360129
1353719249924214789
1353719250247176192
1353719250280718338
1353719249936773120
1353719250289094658
1353719250737897480
1353719250767278084
1353719251203457024
1353719251467644930
1353719251396341770
1353719250779828224
1353719251626987522
1353719251178299393
1353719252390469634
1353719252503691265
1353719252419665920
1353719253850071043
1353719254038802432
1353719253623566336
1353719254621835265
1353719254617649154
1353719254856687617
1353719255355715584
1353719255636848640
1353719255875919879
1353719256328900608
1353719256991592449
1353719257020903429
1353719257163583488
1353719257201319936
1353719257155178496
1353719257427824643
1353719257754787840
1353719258396717066
1353719258161827840
1353719259269124096
1353719259483021312
1353719259885670402
1353719260288311296
1353719260359569409
1353719259801784321
1353719260686798849
1353719260929945601
1353719261068320768
1353719261248671744
1353719262041567232
1353719262351777798
1353719263505346561
1353719263597617152
1353719263857696773
1353719264012881920
1353719264465793030
1353719264826576904
1353719264860135428
1353719265015300097
1353719265178738688
1353719266453942292
1353719266609082370
1353719265996771328
1353719266898554887
1353719267020124161
1353719266982432770
1353719267007594498
1353719267296833536
1353719267644952576
1353719267833868290
1353719267896659969
1353719268282683396
1353719268177825793
1353719268546912258
1353719269893099520
1353719270782341121
1353719270325145600
1353719270983806976
1353719271235444737
1353719270753120273
1353719271868805123
1353719271885574144
1353719271810064385
1353719271776546816
1353719271650680832
