1484224202316075009
1484224202366337029
1484224202525786119
1484224202576179211
1484224202702008320
1484224202651717634
1484224202903367683
1484224202831974412
1484224203066802179
1484224203138031616
1484224203050024962
1484224203297599493
1484224203306020872
1484224203444215808
1484224203050024965
1484224203083550721
1484224203586998283
1484224203477893129
1484224203524083716
1484224203498745858
1484224203658199040
1484224203482185734
1484224203675086851
1484224202991411208
1484224203733667840
1484224203884679168
1484224204861886464
1484224204291686405
1484224205256151041
1484224205268951050
1484224205025591297
1484224205390422019
1484224205386309633
1484224205491105793
1484224205549834241
1484224205491085313
1484224205935853569
1484224205906321415
1484224205466001417
1484224206028132359
1484224206061531144
1484224206074089473
1484224206208487424
1484224206233497600
1484224206111797248
1484224206313177091
1484224206195752961
1484224206275588098
1484224206539788289
1484224206246060032
1484224206560641024
1484224206678069250
1484224206678245377
1484224206929739776
1484224207223279617
1484224207227539459
1484224206401196033
1484224207286198276
1484224207198244868
1484224207257059330
1484224207256842242
1484224209031245828
1484224209303732225
1484224209182240768
1484224209035440137
1484224209475842052
1484224208792174595
1484224209211600905
1484224209546977282
1484224209706487811
1484224209635086336
1484224209547104264
1484224209534414848
1484224210067148805
1484224209966481408
1484224210159476745
1484224210348220419
1484224209941262338
1484224210335637504
1484224210452897792
1484224210570465282
1484224210633322497
1484224210784317440
1484224209609904128
1484224210822393856
1484224210960629764
1484224211140894731
1484224210046275601
1484224211178725384
1484224210796957700
1484224211367477255
1484224212558483456
1484224213414137858
1484224213573865472
1484224212902547465
1484224213238136832
1484224213774856194
1484224213615452165
1484224213825196033
1484224211916832769
1484224214051790852
1484224212546080772
1484224214295064591
1484224213854523393
1484224214513197056
1484224214051688450
1484224213665730560
1484224214165082120
1484224214777446408
1484224214823583745
1484224215008038912
1484224214789931019
1484224214898987017
1484224214735507459
1484224215377141764
1484224215477886977
1484224215574216704
1484224215721119744
1484224215779885058
1484224215872114691
1484224217512132621
1484224217566650368
1484224217579241475
1484224217193328641
1484224218137042945
1484224217969266688
1484224218778980357
1484224218799566848
1484224218912931842
1484224219068223488
1484224219206414337
1484224220204781577
1484224220255031296
1484224220607381504
1484224220762677251
1484224220397715463
1484224221001793540
1484224220997554178
1484224221286834176
1484224221257551874
1484224222096359424
1484224222033547273
1484224222083706880
1484224222809444356
1484224223006666753
1484224223275102210
1484224223056904195
1484224223463632896
1484224223443038209
1484224223488925697
1484224224285937664
1484224224516612107
1484224224088801283
1484224224646545408
1484224224864522240
1484224224684351497
1484224225972002824
1484224225904840718
1484224226341044232
1484224226185957385
1484224226513014789
1484224227444150274
1484224227788025856
1484224228111044609
1484224228396351490
1484224228412907521
1484224228668977157
1484224228870299648
1484224228949905414
1484224229100953601
1484224229306363905
1484224229256179715
1484224229373616133
1484224229449023493
1484224228295598084
1484224229310664706
1484224229805543427
1484224229965012996
1484224229990191104
1484224230061449217
1484224229944049665
1484224230858407945
1484224231030284294
1484224230946484227
1484224230988333059
1484224231076413447
1484224230778490883
1484224230929563650
1484224231168749570
1484224231575412737
1484224231684640773
1484224231848263685
1484224232376598528
1484224232506765319
1484224232586244097
1484224232963948550
1484224233253179392
1484224233622458369
1484224233723076611
1484224234062811137
1484224234398392325
1484224234314424328
1484224234138349569
1484224234234822656
1484224234897432580
1484224235010678795
1484224235103002625
1484224235329531913
1484224236247998469
1484224235908313092
1484224236445184006
1484224236457578498
1484224236235415563
1484224236168298497
1484224237015502849
1484224237384699905
1484224237812559887
1484224237896413194
1484224238269698048
1484224238785544198
1484224238256934914
1484224239066619904
1484224239381192710
1484224239662252036
1484224239066652674
1484224239372845061
1484224240010289153
1484224240115228673
1484224240488484865
1484224240845008899
1484224241142743048
1484224241474097156
1484224242086412288
1484224242111717382
1484224242266873864
1484224241730048009
1484224242061295617
1484224243626033152
1484224243558662146
1484224243994931202
1484224244510826496
1484224244531838984
1484224244728963078
1484224245467123714
1484224245525884931
1484224245764960263
1484224246356271106
1484224246628986886
1484224247090270208
1484224247669141513
1484224248864514049
1484224248428339204
1484224248960978951
1484224249472630787
1484224247673331720
1484224249539739648
1484224249921478660
1484224250022141961
1484224250177273866
1484224250735169537
1484224250861035528
1484224251117060097
1484224250978480128
1484224251355971590
1484224251758624770
1484224251850805249
1484224251909615633
1484224252513505280
1484224252761055246
1484224252907859969
1484224253067206657
1484224253159514115
1484224253557985294
1484224253725753352
1484224252777799682
1484224254258434049
1484224254258425862
1484224254589784070
1484224255596404742
1484224255348850693
1484224255952924679
1484224255923560459
1484224256011640832
1484224255718002690
1484224256229744641
1484224256280043524
1484224256582074379
1484224256825339907
1484224257026629634
1484224257056022529
1484224257123098632
1484224256888262665
1484224257882488832
1484224256951173129
1484224258201071616
1484224258222010376
1484224258251411456
1484224258016428032
1484224258645581829
1484224258695958539
1484224259350269957
1484224259094417408
1484224259492917248
1484224260075929610
1484224258859585542
1484224260231110659
1484224260482768896
1484224260587536385
1484224260793159685
1484224261241847812
1484224260713455621
1484224250399449088
1484224244728799233
1484224260881076225
1484224254543421440
1484224248386240512
1484224255713693698
1484224258393841667
1484224247987781632
1484224260017045504
1484224251271925763
1484224203884679168
1484224250932199427
1484224263292923913
1484224261699026952
1484224263733317637
1484224263854956544
1484224264035348484
1484224263968202756
1484224263888543746
1484224263951470596
1484224264245059587
1484224264366706690
1484224264559644675
1484224263875960835
1484224263968153607
1484224265138417667
1484224265343979520
1484224265511706628
1484224265628962816
1484224265088028678
1484224265696260096
1484224266182791172
1484224266249850881
1484224266438512640
1484224266501386240
1484224266509950976
1484224267071987712
1484224266874888199
1484224267755659269
1484224268061843463
1484224268162449409
1484224268216979461
1484224268946739203
1484224268930068487
1484224269097701376
1484224269781553158
1484224269894647809
1484224269890600960
1484224269743702023
1484224270423277577
1484224270976704512
1484224269810909187
1484224271497175043
1484224271459180549
1484224272453148674
1484224272608509960
1484224272629334016
1484224273011159045
1484224273434689538
1484224273787072515
1484224274219081728
1484224273870897153
1484224274479071241
1484224274605174784
1484224274839781382
1484224275259219968
1484224275716444160
1484224275741646853
1484224274953121793
1484224276546961410
1484224276890857478
1484224276895043588
1484224276555304961
1484224277486448649
1484224277633277958
1484224277763301385
1484224277788385291
1484224278002348041
1484224278367244289
1484224278556033035
1484224278727909376
1484224278711128064
1484224279428452352
1484224279466156032
1484224280061779978
1484224280179187713
1484224280032428040
1484224280468594699
1484224280476934145
1484224279969517570
1484224280779018243
1484224281471070208
1484224281374511106
1484224281550721033
1484224280921522183
1484224279793348612
1484224281961771008
1484224281785557001
1484224282243010560
1484224281680699395
1484224282347589634
1484224282481811456
1484224282179821568
1484224282238595079
1484224283329105924
1484224283647823877
1484224283723374606
1484224284214112258
1484224284587442179
1484224284583243782
1484224284688007171
1484224284734234625
1484224283995947015
1484224285090750469
1484224286000828417
1484224286403530756
1484224286634266630
1484224286877523972
1484224286852358154
1484224286932021253
1484224287322038278
1484224287829643268
1484224288509116424
1484224288366510082
1484224288379088901
1484224288559403013
1484224289083637770
1484224289683525633
1484224289121480706
1484224289570234372
1484224289809346561
1484224290060910599
1484224290216153091
1484224290442649603
1484224290585300992
1484224290853728258
1484224290312577026
1484224291600281602
1484224291617095680
1484224292049018880
1484224292447567883
1484224292472918018
1484224293101842440
1484224293231857668
1484224293252870148
1484224292946690053
1484224293907181568
1484224293462548480
1484224294716690439
1484224294959951881
1484224295102554114
1484224295131926529
1484224295681282052
1484224295480045579
1484224293936508933
1484224296058867717
1484224296608272384
1484224296583053319
1484224297564622851
1484224297635913732
1484224297891770373
1484224297556140032
1484224298449518593
1484224299535851522
1484224299598766080
1484224299233955840
1484224300118855684
1484224299724677123
1484224300135890944
1484224298382462982
1484224300173430789
1484224299758239746
1484224300777459720
1484224301301735427
1484224301519851523
1484224301754634240
1484224301226151942
1484224302161571840
1484224302673182722
1484224302270619650
1484224303688261632
1484224304007245825
1484224304002777092
1484224304069980172
1484224304430686212
1484224301322711042
1484224304636125191
1484224305265315845
1484224289372917763
1484224275414347776
1484224299007238147
1484224285078016001
1484224278828486656
1484224298197794816
1484224305798029314
1484224300223660036
1484224304837324803
1484224306041208837
1484224306259374083
1484224307140116482
1484224307165335562
1484224305173045251
1484224307115048969
1484224307572191236
1484224307781844995
1484224307932839938
1484224308075319297
1484224308150943748
1484224307886706693
1484224308683886592
1484224308931182605
1484224309346373633
1484224309845721088
1484224309144940545
1484224310055104512
1484224310357237763
1484224310839582727
1484224310835351558
1484224310940164097
1484224311066038277
1484224311162556419
1484224311149875202
1484224311925878786
1484224311976239109
1484224312018182144
1484224310906662925
1484224312244584448
1484224312420798473
1484224312613781511
1484224312559431681
1484224312701820928
1484224313939181570
1484224315193434113
1484224314899517442
1484224315570728963
1484224315566571525
1484224316522782721
1484224316808265728
1484224315944062978
1484224316757528578
1484224316652900354
1484224317227507713
1484224317449990144
1484224317575639046
1484224317969866755
1484224317969899526
1484224317432946690
1484224318364172295
1484224319005900802
1484224318724886529
1484224318947139587
1484224319223959554
1484224319291105281
1484224320029212678
1484224320536780818
1484224320113156098
1484224320264101888
1484224321014972417
1484224321165967363
1484224321300185088
1484224321698549770
1484224321610559495
1484224321707028482
1484224321992241159
1484224321014931462
1484224321937629185
1484224322038284289
1484224321442697222
1484224322126462978
1484224320981319680
1484224323552481281
1484224323703422978
1484224323896459266
1484224319521583105
1484224321195175937
1484224323481006089
1484224323158044673
1484224325108781056
1484224325418848257
1484224325007773698
1484224325787873281
1484224325498675202
1484224325976797195
1484224326089986049
1484224325569888260
1484224326278729729
1484224326249463815
1484224326501076992
1484224326538772482
1484224326798827531
1484224326979055620
1484224326803021825
1484224327549698052
1484224327507656705
1484224327230930945
1484224327935475718
1484224327554056193
1484224329483264005
1484224329529405452
1484224329663811586
1484224329823002629
1484224330267430919
1484224330330427396
1484224330380857344
1484224330309697538
1484224330267566080
1484224330414362626
1484224330032627717
1484224330804256768
1484224330615697419
1484224331278340101
1484224331865595912
1484224331882409985
1484224332008247297
1484224331660017667
1484224331949477888
1484224332670935040
1484224332729442306
1484224333383815168
1484224333635637255
1484224334050865154
1484224334080053248
1484224334680010756
1484224334742884357
1484224335044919297
1484224335426424835
1484224335774896128
1484224336085102605
1484224336273752070
1484224336538095618
1484224336810577921
1484224336949125129
1484224337125257224
1484224337217531909
1484224337586659335
1484224337704067077
1484224338186637317
1484224338341642249
1484224338354003969
1484224338815500295
1484224339230793740
1484224339654361088
1484224339700588551
1484224340577042440
1484224340854022144
1484224341000732684
1484224341558632450
1484224341831471105
1484224342036828166
1484224342133252100
1484224342405885964
1484224342728843265
1484224342775025668
1484224342871490563
1484224343437684736
1484224343643144194
1484224343986954240
1484224341751447553
1484224344704360448
1484224344519757827
1484224344830136324
1484224345480306694
1484224345740398594
1484224345895583745
1484224346264584194
1484224346449223682
1484224347317362689
1484224347485130752
1484224347871105027
1484224347887788032
1484224348068225036
1484224348655439877
1484224348504444930
1484224348949032963
1484224349121167360
1484224349750140933
1484224349309710348
1484224351008342025
1484224350916120576
1484224351109099520
1484224350567940100
1484224351327064067
1484224351306227720
1484224352639979525
1484224352677765123
1484224351855693833
1484224353331990534
1484224353424351243
1484224352916750336
1484224353160024064
1484224353596317696
1484224353646616582
1484224353349025792
1484224353357242368
1484224354003128321
1484224353852088329
1484224353910898690
1484224354162561030
1484224354443759616
1484224353957027844
1484224354758107138
1484224354989015046
1484224355995316224
1484224355403980806
1484224356586864645
1484224356649779203
1484224356125491204
1484224356616183812
1484224357685731328
1484224357736067078
1484224357853454349
1484224357568241667
1484224358180548608
1484224358373822464
1484224358411341839
1484224357836763140
1484224358843256835
1484224358822334464
1484224359065862145
1484224359187513344
1484224359292096524
1484224359443038209
1484224359795347458
1484224359686451206
1484224359854223360
1484224360290283520
1484224361028411397
1484224360017797128
1484224360630083590
1484224361351585795
1484224361863290882
1484224361578082307
1484224362614075403
1484224362064617472
1484224362870108160
1484224362869837826
1484224363155099664
1484224363754893323
1484224363830431754
1484224363868086278
1484224363960455168
1484224363876560900
1484224364082089989
1484224364027465733
1484224364463763456
1484224364224598018
1484224364736172033
1484224365344567299
1484224365457821697
1484224365554241539
1484224364119826432
1484224365608767494
1484224366908956677
1484224367060033546
1484224367148032001
1484224367470923776
1484224367764688899
1484224368179830789
1484224368897048584
1484224369266204675
1484224369425592323
1484224369605943306
1484224369865986057
1484224368947437569
1484224370348535818
1484224370713436162
1484224370658713611
1484224370755125255
1484224370843303939
1484224371161980928
1484224370365145090
1484224371132620800
1484224371552104452
1484224372294692865
1484224372781072389
1484224372986761217
1484224373808631809
1484224373015945221
1484224374106427400
1484224373569597440
1484224374332956675
1484224374832087048
1484224374953680897
1484224373884129286
1484224375729668107
1484224376094572544
1484224375595450371
1484224376056782851
1484224376794923011
1484224376945926154
1484224377277272068
1484224378015567881
1484224377524789253
1484224378145546240
1484224378665676800
1484224378586169345
1484224379403788295
1484224379525341187
1484224380498595841
1484224381220007940
1484224381463109632
1484224381874315265
1484224382662701056
1484224383698800640
1484224384046878724
1484224384227237897
1484224385300979714
1484224385846333441
1484224386194280453
1484224385632415757
1484224386475479044
1484224384483143689
1484224386651545608
1484224386878087168
1484224387918221319
1484224388106960896
1484224388337586177
1484224388576600064
1484224388367110146
1484224389172412419
1484224389717577730
1484224389633781765
1484224389684019211
1484224389944344576
1484224389914796034
1484224390145265670
1484224390623645703
1484224390011437057
1484224390854180864
1484224391240159234
1484224391454105613
1484224391504355332
1484224391433048069
1484224391709966342
1484224392225640448
1484224392263569410
1484224392565604353
1484224392758538253
1484224393786327040
1484224393609949184
1484224393869869058
1484224393735819265
1484224394108960768
1484224394306240516
1484224394385936387
1484224394394279945
1484224394750791689
1484224395040071686
1484224394582970370
1484224395606376451
1484224396101578753
1484224395556134920
1484224396248109061
1484224396630044672
1484224396537511942
1484224396726263812
1484224397250633734
1484224397611515904
1484224397363793930
1484224398018109445
1484224398454308867
1484224398882189317
1484224398953312258
1484224399041519623
1484224397955190784
1484224399787974656
1484224400261926912
1484224400270503937
1484224400576724996
1484224401516101634
1484224401549795331
1484224402157760512
1484224401667092481
1484224403168710663
1484224402569015300
1484224403747610625
1484224404318040070
1484224404687101961
1484224404858884098
1484224405060431875
1484224406234804224
1484224405949620224
1484224407002390530
1484224407782539277
1484224407920861186
1484224408269070337
1484224408524840962
1484224408512249862
1484224408260648961
1484224408717869057
1484224408722059267
1484224408730279939
1484224409233727490
1484224409397342216
1484224409716076556
1484224409409835014
1484224410240176128
1484224410479439878
1484224411641139201
1484224411943129089
1484224411439972356
1484224411888762880
1484224412161220608
1484224412211728406
1484224412509474816
1484224412522004484
1484224412224213000
1484224413641887744
1484224413566386183
1484224414208217096
1484224414384365569
1484224414384373762
1484224414782832641
1484224415336443905
1484224415693000712
1484224415076392976
1484224416145936389
1484224416137551879
1484224416389206016
1484224417060302858
1484224417098080256
1484224418033324036
1484224412618428416
1484224415768322048
1484224412161220608
1484224415030149120
1484224417962074112
1484224418448564226
1484224418855493644
1484224418289270789
1484224418683494408
1484224418989629445
1484224419321073668
1484224419815899142
1484224420042399747
1484224420373794818
1484224420394770433
1484224420545802241
1484224420369608704
1484224420830982154
1484224421040644097
1484224421380382723
1484224421468549123
1484224421690855431
1484224421296365569
1484224422139469826
1484224422290472962
1484224422319988746
1484224421887987714
1484224422202560516
1484224422886395904
1484224423041327104
1484224422588395530
1484224423049805824
1484224423389712385
1484224422974263299
1484224424215822348
1484224424559710215
1484224424643469312
1484224424719130626
1484224424744132611
1484224424819707905
1484224425469911045
1484224425314734085
1484224425717293061
1484224425763475460
1484224426384281604
1484224426292002823
1484224426489040898
1484224426904219650
1484224427374088195
1484224427474755588
1484224427692756992
1484224427051171848
1484224427504148491
1484224427097300993
1484224428166815748
1484224429018292233
1484224429014065152
1484224429517426690
1484224429613891592
1484224430217834497
1484224430209388547
1484224430687539204
1484224430607937538
1484224430700179456
1484224430666567682
1484224429974769667
1484224431371214855
1484224431203434499
1484224432382033929
1484224432751132676
1484224432705052677
1484224433174757377
1484224433250263049
1484224433615220739
1484224433699098624
1484224433791242240
1484224434336587787
1484224434428854275
1484224434810474496
1484224434470854656
1484224434277863427
1484224435049889793
1484224434869256196
1484224435137753094
1484224435347668992
1484224435427160071
1484224435855020032
1484224435947245572
1484224436177879043
1484224436366561282
1484224436446416902
1484224436802777090
1484224436958113792
1484224437142573065
1484224436828004358
1484224437650026496
1484224437759234048
1484224438082195461
1484224438296096773
1484224438379888641
1484224438619058176
1484224438568878080
1484224438757474310
1484224439243919361
1484224439684239362
1484224439868960769
1484224440347025413
1484224440485363717
1484224440514887685
1484224440695197706
1484224441718644744
1484224442641395713
1484224443392172038
1484224443975188493
1484224444486729730
1484224444667211777
1484224445237673987
1484224445011087364
1484224445577187328
1484224445493702656
1484224445136973826
1484224445875212291
1484224446118473728
1484224446508511240
1484224446227484673
1484224446995091464
1484224447464677376
1484224448777621518
1484224448953790467
1484224449373032448
1484224449520021510
1484224449725583364
1484224449327079427
1484224450363023373
1484224450396622855
1484224450979635200
1484224451092885506
1484224451566878730
1484224451877249030
1484224451860389890
1484224450815922176
1484224451969433607
1484224452216991750
1484224452225290244
1484224452795715595
1484224452598513665
1484224452372140036
1484224453949153288
1484224454456664079
1484224454427295747
1484224455047991297
1484224454339276805
1484224455140421644
1484224455102455808
1484224455173980169
1484224455136055298
1484224455182217216
1484224455245185031
1484224455123496960
1484224455127834631
1484224455371075585
1484224455304007687
1484224455685640200
1484224455324884995
1484224455849172992
1484224455941447685
1484224456570687493
1484224456881025025
1484224457556336649
1484224457808150528
1484224457803714560
1484224457535332354
1484224458126733323
1484224458424561669
1484224458386718726
1484224459489918977
1484224459678846976
1484224459401801741
1484224459884142593
1484224460085469184
1484224459989032961
1484224460370681861
1484224460307709958
1484224460735533057
1484224460777562118
1484224460370685960
1484224461456949251
1484224461683449863
1484224461473783813
1484224462430031873
1484224462656577538
1484224463134953474
1484224463738744837
1484224463067656194
1484224463856095241
1484224464074289155
1484224464384667649
1484224465068253188
1484224465655504905
1484224465546641408
1484224465546457092
1484224465697390601
1484224465487769601
1484224465873559552
1484224464850145292
1484224465458413570
1484224466347560960
1484224466846720012
1484224467354202118
1484224467408756737
1484224467714949125
1484224468155310093
1484224468281090052
1484224468356583428
1484224468591550465
1484224468763426816
1484224467945635842
1484224468478267398
1484224468570488836
1484224469619064835
1484224469271031820
1484224470227329034
1484224470688550912
1484224456465608705
1484224467882569730
1484224470604828675
1484224447401717760
1484224471258988544
1484224462266396674
1484224471431065606
1484224460332748800
1484224471640719360
1484224471552741376
1484224471598657538
1484224474157391876
1484224473683435523
1484224475197489158
1484224475532967936
1484224475474313219
1484224475646382085
1484224476678176776
1484224476879466503
1484224477818986496
1484224477315715079
1484224477210849281
1484224477336592385
1484224478150369284
1484224478288785408
1484224478439964674
1484224478716514305
1484224478569807877
1484224479018557444
1484224478574006274
1484224478813036545
1484224478997581833
1484224479488270340
1484224479781871623
1484224479853228038
1484224480238997509
1484224480402710530
1484224481992269827
1484224481866526726
1484224482273370117
1484224482046877699
1484224482810159118
1484224483137409029
1484224483355418630
1484224483930034190
1484224483997192195
1484224483997241349
1484224484093710342
1484224484756402184
1484224484743782405
1484224484844478471
1484224485356101636
1484224486601728003
1484224486752854027
1484224486585077764
1484224486912180228
1484224487008710663
1484224486161408001
1484224487453253633
1484224488023670793
1484224488363470851
1484224488489299976
1484224488640487425
1484224488959062016
1484224489017720834
1484224488988364802
1484224489483554816
1484224489730625539
1484224490636824588
1484224490561282049
1484224490364194826
1484224491710472196
1484224491936956420
1484224492209676288
1484224492884922368
1484224493178531850
1484224493296193537
1484224493094588418
1484224493245681670
1484224493321179136
1484224493409112064
1484224493941755908
1484224494302633986
1484224494373855234
1484224494835273730
1484224494826778624
1484224494923390982
1484224495040749568
1484224495825174533
1484224496093392896
1484224496374456320
1484224496345260033
1484224496064159753
1484224496567476235
1484224496844238849
1484224496928182278
1484224497133649921
1484224497322541061
1484224497825759240
1484224498349969408
1484224498140278789
1484224498341662722
1484224498521935872
1484224498782060550
1484224499109273603
1484224499251761152
1484224499327270913
1484224499272855554
1484224499230953475
1484224499877056512
1484224500296151042
1484224500573118473
1484224500564742151
1484224500883410945
1484224501504253960
1484224502003240961
1484224502796103683
1484224502783483917
1484224502901125123
1484224503312003076
1484224504381558789
1484224504851099649
1484224504792596487
1484224504691838982
1484224504708534274
1484224504939237378
1484224504574484481
1484224504951980035
1484224505983684613
1484224505971200002
1484224506315030530
1484224506440912901
1484224506608566272
1484224507267227649
1484224507061706760
1484224506617122817
1484224507535675401
1484224507153944582
1484224508026253317
1484224507967594496
1484224508076695553
1484224508298989574
1484224508080926726
1484224507741184000
1484224509007724544
1484224509238550536
1484224508496068616
1484224509590720514
1484224509104504832
1484224509989302276
1484224510035435524
1484224510278709252
1484224509959933962
1484224510249340935
1484224510333435904
1484224510614282247
1484224510710665223
1484224510815518728
1484224510685593602
1484224511259987968
1484224510488371200
1484224511566176256
1484224511759114240
1484224512019337223
1484224512141172737
1484224512161890306
1484224512153456640
1484224512375853057
1484224513478963202
1484224513621598213
1484224513244028931
1484224513793536007
1484224513860583436
1484224514150051841
1484224514322010122
1484224514753974274
1484224515248996367
1484224515542777856
1484224514670010372
1484224515924275204
1484224515756462084
1484224516280623107
1484224516687601665
1484224516620693504
1484224516989595656
1484224517333475331
1484224517434011648
1484224517346107392
1484224518130393099
1484224518327779328
1484224518642184193
1484224518663061504
1484224519305052160
1484224519569121280
1484224519741095936
1484224519816548354
1484224519971684356
1484224520122740739
1484224520294572036
1484224521603366920
1484224521678766088
1484224522333167616
1484224522798567424
1484224523293626368
1484224523453018117
1484224523549364224
1484224523176222726
1484224523461353475
1484224523629121538
1484224523763388417
1484224524035969032
1484224524291874820
1484224523994075137
1484224524593868804
1484224524551921670
1484224524476424193
1484224524916871177
1484224525197877257
1484224525466230786
1484224525508104192
1484224525621346306
1484224525927649282
1484224526091182080
1484224526695206924
1484224527395528704
1484224527223570432
1484224527655657472
1484224527622098953
1484224527362101248
1484224528960139267
1484224528825860099
1484224528226074627
1484224529526317056
1484224529757052939
1484224529971007492
1484224529966804993
1484224530289762313
1484224530096832515
1484224530327420933
1484224530612736000
1484224530738466818
1484224530772074505
1484224530625220608
1484224531061514246
1484224531250262020
1484224531489243146
1484224531887706125
1484224532630183941
1484224532898623490
1484224533431214080
1484224532877512704
1484224533452279817
1484224534349856770
1484224534869942277
1484224535033483275
1484224535331315718
1484224535322898433
1484224535327125505
1484224535444475918
1484224535884931081
1484224536627326988
1484224536233103361
1484224536854024192
1484224536753098761
1484224537055178757
1484224537902424067
1484224538535731200
1484224538237976576
1484224538804207623
1484224538829377538
1484224538858635270
1484224539362045953
1484224539705942021
1484224540016271360
1484224540020559878
1484224539475251200
1484224539731050499
1484224539303325703
1484224537621417988
1484224539496169476
1484224541899599876
1484224542553907214
1484224542667161605
1484224542763536387
1484224543329767429
1484224545225678849
1484224545351417866
1484224545712218113
1484224546186145793
1484224546030952452
1484224546139947008
1484224546592935942
1484224547477991425
1484224547536932864
1484224547868098564
1484224548304261130
1484224548270751745
1484224548379963392
1484224548581134343
1484224548685950976
1484224548463591425
1484224549172486155
1484224549499641859
1484224549864751104
1484224551768764421
1484224552028839943
1484224535175987200
1484224546639024128
1484224540548886531
1484224540771192833
1484224547956027394
1484224540179722240
1484224542620803073
1484224548375388160
1484224538376237057
1484224540674723840
1484224550556483585
1484224553517993985
1484224554344058885
1484224554377506818
1484224557254791169
1484224557175250948
1484224557640818699
1484224557619859462
1484224558399954948
1484224557829398528
1484224558672531456
1484224559050022912
1484224558685163539
1484224559075237893
1484224559574306826
1484224559708794881
1484224548375388160
1484224559842738181
1484224559976960007
1484224558387417089
1484224558680973322
1484224561969254401
1484224562187444227
1484224559758946306
1484224562279727105
1484224562397171715
1484224562493538306
1484224562409578496
1484224562556510212
1484224562329960449
1484224562128633859
1484224562975944707
1484224563235807235
1484224563709988869
1484224563659653120
1484224563940626443
1484224563856609281
1484224564167118856
1484224564389453825
1484224565127622661
1484224565471498246
1484224565458911235
1484224565110661120
1484224566654382083
1484224568147562497
1484224568210472964
1484224569154187264
1484224569720414215
1484224569791635462
1484224569426817034
1484224570303393799
1484224571259727879
1484224571414827008
1484224571435896836
1484224571435847694
1484224571448471559
1484224571091869700
1484224572035633156
1484224572216209408
1484224572354408449
1484224574157987841
1484224574422228997
1484224574418034689
1484224575135268871
1484224575256862723
1484224575483351047
1484224575810461697
1484224576284418050
1484224576422821891
1484224577379184655
1484224577412677637
1484224577043632133
1484224577693696006
1484224577785978883
1484224577622446082
1484224577446285319
1484224578113130497
1484224578360651777
1484224578465542149
1484224579430240263
1484224580055179266
1484224580499689488
1484224580873031688
1484224581883809798
1484224582626287624
1484224583209308160
1484224583762952198
1484224583679062028
1484224583708430340
1484224583872180224
1484224583846801415
1484224584295632905
1484224570890457089
1484224576938602498
1484224574715678720
1484224570093490179
1484224580348628994
1484224578054287362
1484224577928450048
1484224582487707650
1484224578452742144
1484224570949193728
1484224581044899840
1484224586912878596
1484224587101470724
1484224587869343746
1484224587898372097
1484224588053561344
1484224588355719179
1484224590075379715
1484224590691852290
1484224590817595392
1484224591656628226
1484224591413272577
1484224591656624138
1484224592256192513
1484224592642072578
1484224592759582724
1484224592780701697
1484224593032364033
1484224593250295809
1484224593259012097
1484224593271275523
1484224593846013956
1484224594726862852
1484224595146194947
1484224593208430596
1484224595754463235
1484224595594911745
1484224595976667142
1484224596035485699
1484224596463304704
1484224596257964033
1484224597058723840
1484224597574795265
1484224597646102539
1484224598858162182
1484224598891802633
1484224598816083968
1484224599185317893
1484224598107475968
1484224599114264576
1484224599470526471
1484224599936192516
1484224599655124998
1484224600338743296
1484224598602309639
1484224600686927872
1484224600749785095
1484224601072746498
1484224601957748739
1484224601466966017
1484224602805096448
1484224603035680768
1484224603211902988
1484224603086073857
1484224602998034447
1484224603606110214
1484224604486963203
1484224604902240259
1484224605518761984
1484224606135365639
1484224606361645057
1484224606265384965
1484224606588317706
1484224606764470274
1484224606630072323
1484224606890340355
1484224607230046210
1484224607427215365
1484224607943110669
1484224608244961280
1484224608131706880
1484224608593186823
1484224609016815616
1484224609155223557
1484224609788788736
1484224609822011394
1484224609805160448
1484224610078007303
1484224610136694784
1484224610749259776
1484224611017375746
1484224611147558926
1484224611432681477
1484224611432771586
1484224611021557761
1484224611801866244
1484224611868811266
1484224611256578058
1484224612082741248
1484224611504082947
1484224612703559689
1484224611575209984
1484224612800114688
1484224613043294211
1484224612745445376
1484224613185900545
1484224613336768517
1484224613370449924
1484224613781585931
1484224614578405380
1484224615140532229
1484224615257980928
1484224615518027781
1484224615304028160
1484224615551545353
1484224615689953289
1484224615954194444
1484224616121999364
1484224616784486401
1484224617048911875
1484224617564839938
1484224617699020805
1484224617740918784
1484224617355091971
1484224618000957441
1484224618130989057
1484224618298753026
1484224618319826944
1484224618483392524
1484224618667950084
1484224620114890759
1484224620425199616
1484224619737456650
1484224620928643073
1484224620412690436
1484224621142491140
1484224621482323974
1484224621620645906
1484224621864009728
1484224620555350021
1484224622614618112
1484224622438535178
1484224623344377858
1484224625038999552
1484224626318135297
1484224625940709376
1484224625932390400
1484224626020528133
1484224627140403207
1484224627081551873
1484224627480084480
1484224627639562242
1484224628352376834
1484224628327391233
1484224628268666883
1484224628377669637
1484224628893659138
1484224628943896580
1484224628490964995
1484224628226670594
1484224629342310400
1484224629396803589
1484224629178785795
1484224631208767491
1484224631158583304
1484224631577919490
1484224631603351552
1484224631779299329
1484224632026771459
1484224631817003009
1484224632383328259
1484224632198737924
1484224632722964487
1484224634350407683
1484224634623078400
1484224634560167942
1484224634514026502
1484224634795053060
1484224635109523457
1484224635436781569
1484224635654791170
1484224635705122816
1484224635348598784
1484224635969417218
1484224636346941442
1484224636552458246
1484224637076742144
1484224637303246855
1484224637605187587
1484224637751943172
1484224637731057665
1484224638045634561
1484224638972571652
1484224639328993291
1484224639392002061
1484224640188919808
1484224640209854468
1484224640587386881
1484224640826413061
1484224641161912321
1484224642420142080
1484224642613186563
1484224642629971979
1484224642281873413
1484224643892449283
1484224644039258113
1484224644160884750
1484224644232138754
1484224644798464000
1484224645083582467
1484224644974628864
1484224645863776261
1484224645624700935
1484224646459318272
1484224646929125379
1484224647017205765
1484224647457615875
1484224647591772162
1484224647059193861
1484224648057438219
1484224649085042691
1484224649248575494
1484224649705791495
1484224649793789957
1484224650330750976
1484224650242662409
1484224651215704069
1484224651249299456
1484224651433807891
1484224651677081603
1484224651924582407
1484224652075540496
1484224652213993474
1484224652536913924
1484224652583096328
1484224652943765506
1484224653044469762
1484224653342261248
1484224653291929602
1484224654046806024
1484224654252331012
1484224654411808769
1484224654684348418
1484224654999011331
1484224655389081610
1484224655502323723
1484224655653482497
1484224656806940678
1484224656659951626
1484224656748032005
1484224656995491842
1484224657515552771
1484224657603629058
1484224658207563782
1484224658463682561
1484224658530607112
1484224658505453571
1484224658945810435
1484224658803249157
1484224658761306114
1484224659176497152
1484224659679854604
1484224660237701128
1484224660422148101
1484224660648701952
1484224660678103045
1484224661009440773
1484224661311348736
1484224661273645064
1484224662578028555
1484224663027089408
1484224663580512260
1484224663005929482
1484224664214073346
1484224664515796996
1484224664775933961
1484224664620736521
1484224665136635911
1484224665212137475
1484224665228881930
1484224665610559493
1484224666587836421
1484224666722050062
1484224667061833728
1484224667334365194
1484224667535695872
1484224667770658823
1484224667942535185
1484224668026474504
1484224668110360581
1484224668273889327
1484224668273889280
1484224665979600899
1484224669146394628
1484224669469265921
1484224669398020102
1484224669599293446
1484224669901377541
1484224670480097282
1484224670182350851
1484224670736031746
1484224670949859329
1484224671591583748
1484224672007098368
1484224672036184072
1484224672107487237
1484224672979947529
1484224672954826758
1484224673097437187
1484224673378361344
1484224661181255681
1484224648963264513
1484224663127408642
1484224638737530880
1484224664205365248
1484224665664983041
1484224674670252034
1484224674754039810
1484224674745798660
1484224675706114049
1484224675853094914
1484224675861254145
1484224675538370561
1484224676091940867
1484224676251459586
1484224674594762752
1484224676364570625
1484224678122110977
1484224678273110019
1484224678298370048
1484224678382030849
1484224678608572417
1484224678629675010
1484224677576855557
1484224678793457664
1484224678927474701
1484224679451709442
1484224680215121921
1484224680315834370
1484224680210927616
1484224681238573058
1484224681393729537
1484224681850900488
1484224681574084612
1484224682903617540
1484224682937171970
1484224683687960590
1484224684224876544
1484224684300374019
1484224684182978563
1484224684577144842
1484224685575491588
1484224685667721232
1484224686221312007
1484224686288429059
1484224686477422592
1484224686586277891
1484224686858846215
1484224686942785537
1484224687567740931
1484224687714357248
1484224687878123525
1484224688029118466
1484224688133840896
1484224688750530561
1484224690407321602
1484224690415669248
1484224690860310528
1484224691271344133
1484224691355095040
1484224691329908737
1484224691795816450
1484224692466507777
1484224693406248960
1484224693481709576
1484224693313974276
1484224693733310469
1484224693674647555
1484224694731649033
1484224694828122116
1484224695822082057
1484224695696498688
1484224696010825731
1484224696795254788
1484224697466343428
1484224697394999298
1484224697734549505
1484224698594562050
1484224699789942788
1484224700029014018
1484224699919912964
1484224700486139909
1484224700486062082
1484224701010522113
1484224700985262085
1484224700951707654
1484224701060816902
1484224701610266627
1484224701807624192
1484224702100893696
1484224702100824065
1484224702369443848
1484224702260330500
1484224702776320002
1484224703518629896
1484224703816507395
1484224704105881601
1484224704357572611
1484224704542093316
1484224705238560768
1484224705326243844
1484224705452195842
1484224705595056128
1484224705838022656
1484224706051981317
1484224706366554118
1484224676939268097
1484224668290543616
1484224706467274759
1484224706752532484
1484224706899165184
1484224706777518080
1484224707293585413
1484224707389968386
1484224707251650562
1484224707650109444
1484224707947868165
1484224708140699652
1484224708119650306
1484224708539469824
1484224708451184647
1484224709206102020
1484224709940191234
1484224709336072193
1484224709881384966
1484224710204346370
1484224710359539718
1484224709772427267
1484224710837964800
1484224710946738184
1484224710732828673
1484224711508770816
1484224712515358720
1484224712595099655
1484224712876171265
1484224713928884226
1484224714398593024
1484224714616848394
1484224714771939337
1484224714792919044
1484224715166081025
1484224713790480389
1484224715430498313
1484224715799638023
1484224715502030853
1484224716416200704
1484224716718374915
1484224716810461187
1484224717175230468
1484224717187956736
1484224717481521162
1484224717644914689
1484224718848905216
1484224718702096385
1484224719196938246
1484224719637389313
1484224720153329668
1484224720883130383
1484224721294082049
1484224721323495430
1484224721432494085
1484224721805791236
1484224721910652934
1484224722086858764
1484224722204192769
1484224722564964361
1484224723219320841
1484224722997071873
1484224721457717251
1484224723454087172
1484224723781394439
1484224723609436167
1484224724284899328
1484224724452397060
1484224725044047874
1484224724452450304
1484224725320495104
1484224725962620929
1484224725010325508
1484224725752565762
1484224726872506370
1484224726973231113
1484224727476584448
1484224727942320128
1484224728537739269
1484224729355632647
1484224729359831043
1484224729246490625
1484224729452060673
1484224729208823812
1484224730160902149
1484224729686888456
1484224730240593920
1484224729762258944
1484224730827837440
1484224732174204929
1484224732153057281
1484224732463607814
1484224732748599297
1484224733470023690
1484224733621231618
1484224733571092480
1484224734153826305
1484224734124331009
1484224734581641222
1484224734057443328
1484224734321680385
1484224734099173378
1484224734984380421
1484224735089246211
1484224735194009604
1484224735567355904
1484224736108363781
1484224736238485504
1484224736330715143
1484224736137658368
1484224736410361863
1484224737161224198
1484224737312190467
1484224737542909966
1484224736406216706
1484224737689550851
1484224738138406922
1484224737429671942
1484224738440654848
1484224738226585603
1484224738612371459
1484224739329683457
1484224739673788418
1484224737106702340
1484224740508196866
1484224740462059522
1484224740504096772
1484224741082816513
1484224742164938757
1484224742257221641
1484224742521516036
1484224742663933953
1484224741980450820
1484224742710288391
1484224742726914049
1484224742613610496
1484224742559297537
1484224742555107328
1484224743700054020
1484224744853487618
1484224744689971201
1484224744790663168
1484224745449345024
1484224746279612422
1484224746598416391
1484224746711617541
1484224747047108613
1484224747416207366
1484224746980007938
1484224748192088064
1484224748322238471
1484224748506779655
1484224748670402583
1484224748733313029
1484224749429567497
1484224749496586244
1484224749760884738
1484224750293553152
1484224750641905664
1484224751086317569
1484224751858237440
1484224752151576577
1484224752218738693
1484224751828717569
1484224752994635789
1484224751962894338
1484224753170894848
1484224753183469578
1484224752898261002
1484224753431097345
1484224753539993612
1484224753183473673
1484224753703530499
1484224753938440196
1484224753825206275
1484224754567548934
1484224754563391491
1484224755016294412
1484224754488061954
1484224755343446027
1484224755255451649
1484224755448360963
1484224755637047303
1484224755419037703
1484224756291407876
1484224756425633800
1484224757218394122
1484224756643766274
1484224757352615951
1484224757256101892
1484224757801365508
1484224753980387329
1484224758405386245
1484224758380208130
1484224758443134983
1484224758367543298
1484224758535368710
1484224759311310848
1484224758954835969
1484224760238452736
1484224760418652167
1484224760817102853
1484224760930537473
1484224761412657153
1484224761320423431
1484224761047797761
1484224761412608003
1484224761764974594
1484224757759315970
1484224753493700608
1484224762075402243
1484224676939268097
1484224668290543616
1484224761748246533
1484224762587058179
1484224763933474816
1484224763492900865
1484224764545847300
1484224765573410817
1484224766110224384
1484224766231863296
1484224766290636807
1484224766974246914
1484224766525513732
1484224767079194625
1484224767519559683
1484224767800582150
1484224768031219717
1484224768194789381
1484224768094179335
1484224768383537154
1484224768475869193
1484224768404426754
1484224768756776961
1484224769415258112
1484224769771941895
1484224770065539072
1484224770338181129
1484224770229129219
1484224770514300931
1484224770065448961
1484224765808287751
1484224770086703104
1484224770753376263
1484224771873251328
1484224772254978049
1484224772246495240
1484224772150108165
1484224772154269705
1484224773085405193
1484224773408366598
1484224773509226496
1484224773689602050
1484224773085401093
1484224773806718977
1484224774306156546
1484224774280822786
1484224774511468554
1484224774893154308
1484224775320793091
1484224775383924743
1484224775857844225
1484224774830280705
1484224776298188804
1484224776780627973
1484224776902258697
1484224776793051136
1484224776944201736
1484224777040584706
1484224777531244544
1484224777791414276
1484224777652948993
1484224778017857543
1484224777975959555
1484224778097545216
1484224777833394180
1484224778517032961
1484224777938255875
1484224778441748481
1484224779267809284
1484224777984397315
1484224780140175366
1484224779884376070
1484224780349882369
1484224780773564417
1484224780916113413
1484224781343940615
1484224781734260736
1484224781582888961
1484224781696352259
1484224781767839745
1484224782040285192
1484224782631587845
1484224782363201539
1484224782853976076
1484224783197913098
1484224783223226371
1484224783256535040
1484224784078618627
1484224784070230016
1484224783994789893
1484224784103878665
1484224784531611649
1484224785294905344
1484224785433481218
1484224783952891904
1484224786230296582
1484224786465267713
1484224786528350209
1484224786607874056
1484224786666557445
1484224787517956098
1484224787627094019
1484224787614515200
1484224787782193154
1484224788226785285
1484224788486893572
1484224789157982213
1484224788516290573
1484224787094376449
1484224789439000590
1484224789325950977
1484224789850083330
1484224789988446213
1484224790076731394
1484224790001078275
1484224790261121029
1484224790307168263
1484224790454063107
1484224790114275333
1484224790449774592
1484224791372607491
1484224791062224903
1484224791473274882
1484224791812837376
1484224791796137985
1484224791372513289
1484224791867445254
1484224792463126533
1484224792639193094
1484224792962207746
1484224794077937671
1484224794178506752
1484224794564481024
1484224794316918786
1484224794727956485
1484224795197812741
1484224795197779969
1484224795239723011
1484224795843645442
1484224796657336327
1484224795738886155
1484224796493762567
1484224796946796553
1484224796619689988
1484224797315903493
1484224797768880137
1484224797978644484
1484224798175764488
1484224798100230156
1484224798662316035
1484224798834282496
1484224798536474630
1484224799106863112
1484224799408803843
1484224799115202562
1484224799165530112
1484224800503611392
1484224800402853892
1484224800923033605
1484224800646221828
1484224801652850694
1484224801757700097
1484224801841586179
1484224802189676546
1484224802395201540
1484224802621640706
1484224802630115330
1484224803007610883
1484224803317952515
1484224803443781636
1484224804446158850
1484224805033451530
1484224805352189953
1484224805578711044
1484224805691969536
1484224805796823042
1484224805779955714
1484224806149140483
1484224806291660801
1484224806216163331
1484224806904029184
1484224807042490383
1484224807394811904
1484224806375546885
1484224807675777031
1484224807898132492
1484224807919140864
1484224808594419717
1484224808799948800
1484224809068376078
1484224809315844102
1484224810804731906
1484224810372710412
1484224811182211082
1484224811501035525
1484224811509420033
1484224811853357058
1484224811727478792
1484224812507893761
1484224812625108998
1484224812721582087
1484224812314673152
1484224812537024518
1484224812839014406
1484224813837484032
1484224813384220672
1484224813992402944
1484224814311215110
1484224814680268802
1484224815112531968
1484224815150125058
1484224815586328577
1484224815246766080
1484224816467132428
1484224816504872966
1484224817238790147
1484224817624670210
1484224817897353217
1484224818149052416
1484224818773999622
1484224818631299082
1484224818501373952
1484224818979696640
1484224819096924164
1484224818459332608
1484224819482742791
1484224819533127680
1484224818727763978
1484224819973734400
1484224819881250816
1484224819952603140
1484224819776344064
1484224820615262212
1484224820690751501
1484224820694949897
1484224820220989448
1484224821026299905
1484224820946558980
1484224821349298180
1484224821311549450
1484224821521260547
1484224822003568641
1484224823748407300
1484224823849062401
1484224822351736835
1484224824272687113
1484224824708894731
1484224825627484162
1484224825656807426
1484224826327945229
1484224826357256202
1484224826344628224
1484224826571169794
1484224827573649411
1484224827603185664
1484224826566971397
1484224826080387072
1484224827422617602
1484224828886421504
1484224828936757253
1484224828961918977
1484224829268103170
1484224828722880514
1484224829502935050
1484224829423333383
1484224829549072388
1484224831222648842
1484224831319117834
1484224831575019520
1484224831629537286
1484224831054917641
1484224831893774339
1484224831990157317
1484224832069935107
1484224832376131584
1484224832875245578
1484224833449779200
1484224834104180744
1484224834166997007
1484224835416899589
1484224835274387456
1484224835052093445
1484224835094040583
1484224835152756740
1484224834611691532
1484224836092272645
1484224835278491658
1484224836054433795
1484224837325406214
1484224837635948545
1484224838470410242
1484224838667542532
1484224839720308745
1484224839422513154
1484224839896473606
1484224840055857155
1484224839783170056
1484224840210993162
1484224840542396418
1484224840068382727
1484224840982798338
1484224840802385929
1484224841066688512
1484224841247043585
1484224840215445507
1484224841565753349
1484224842224308225
1484224842530443264
1484224842484359171
1484224842912129030
1484224842731868179
1484224844652761088
1484224844547997701
1484224845101645825
1484224804106366976
1484224822892584960
1484224805712711680
1484224811207303174
1484224801212297216
1484224803410100224
1484224841108516864
1484224818610257920
1484224842563944450
1484224846775177225
1484224846691192833
1484224846586421256
1484224847064576005
1484224847014248455
1484224847207022592
1484224847349784579
1484224831071526913
1484224847370665992
1484224847018397696
1484224847764992015
1484224847685300231
1484224847962071047
1484224847987232775
1484224848188489729
1484224848448696325
1484224848725430276
1484224848784199680
1484224848595406859
1484224849111359493
1484224849195290625
1484224849719537665
1484224850151489537
1484224850529075204
1484224850562625543
1484224850646417411
1484224850965057537
1484224851561021440
1484224851644760065
1484224851615404039
1484224851955134467
1484224851984453632
1484224852097740807
1484224852202508298
1484224852160569351
1484224852324020225
1484224852601053185
1484224852521275394
1484224853381386240
1484224853662220293
1484224852609302528
1484224853989339140
1484224854031273989
1484224854425751552
1484224854597726209
1484224854488502280
1484224854576541705
1484224854681432075
1484224855100870658
1484224855398666246
1484224855436369925
1484224855570407424
1484224856031956993
1484224856577216514
1484224857629995008
1484224857898430473
1484224858032680967
1484224858229780481
1484224858569465865
1484224859114770441
1484224859534151682
1484224859538341897
1484224859873886213
1484224860008202240
1484224860368908290
1484224861069262859
1484224862696747012
1484224862428270597
1484224863107756043
1484224863330082816
1484224863510405124
1484224863493570564
1484224863573319684
1484224863824982026
1484224863736901636
1484224863527178241
1484224864361848837
1484224863745286144
1484224865045565440
1484224866286981130
1484224866576437258
1484224866840723460
1484224867067121670
1484224867046248450
1484224867083902981
1484224867474059284
1484224867780206603
1484224867771817988
1484224867872526339
1484224867989958661
1484224869004943360
1484224869491515396
1484224869629898755
1484224870930128896
1484224871479582729
1484224871768989712
1484224872070983680
1484224871999623169
1484224872322588674
1484224873404813317
1484224874021367809
1484224874063220750
1484224874176471044
1484224874772054017
1484224874889547781
1484224874960891913
1484224875996893188
1484224876835749895
1484224877104177155
1484224877192413184
1484224879343845377
1484224879583019011
1484224879578820608
1484224879616532487
1484224879943720966
1484224880430436352
1484224880732213253
1484224880954548224
1484224880845668357
1484224881030057986
1484224881004789761
1484224881277513729
1484224881478807559
1484224881919238153
1484224882451918852
1484224882993147904
1484224883307470848
1484224883986939907
1484224884930748421
1484224884964265988
1484224875044638720
1484224868002394112
1484224864604938242
1484224877313753089
1484224880543363072
1484224879364739072
1484224862570696709
1484224881336078338
1484224878932684803
1484224882187534337
1484224881919094785
1484224862482624512
1484224877804408832
1484224866710540291
1484224872339230720
1484224888592211968
1484224889192132610
1484224889179766784
1484224889099890690
1484224889523679232
1484224889678663697
1484224890517471237
1484224890676953102
1484224890752290817
1484224891293417482
1484224891108966401
1484224891532546050
1484224891373162505
1484224893898182663
1484224892966948865
1484224895017914369
1484224895047380996
1484224895588442117
1484224895789809664
1484224896670441472
1484224896720936960
1484224896502669313
1484224897215778824
1484224897358385155
1484224897291325454
1484224897488404492
1484224898201530371
1484224898729918472
1484224898763476992
1484224898952306697
1484224899149357057
1484224899409321985
1484224899522736129
1484224900151848968
1484224900843941892
1484224901854679040
1484224901988896770
1484224901808488449
1484224903326797827
1484224903452794886
1484224903855411200
