1484253864635383812
1484253865784582144
1484253865901838338
1484253866333978627
1484253866233405440
1484253866657030145
1484253866728341504
1484253867311173632
1484253867395137537
1484253867047071755
1484253867936260100
1484253868502495233
1484253868808552448
1484253869047693322
1484253869055954945
1484253869400072204
1484253869760819200
1484253869802590208
1484253870809251841
1484253871237398528
1484253871677579267
1484253871778189313
1484253872134795264
1484253872197615618
1484253872092766211
1484253872595947520
1484253872554139653
1484253872721965061
1484253873497952262
1484253873648844801
1484253873644576768
1484253874344976385
1484253875364237312
1484253875746099204
1484253875763019779
1484253876073242628
1484253875699806211
1484253876698157059
1484253876849373185
1484253877004378118
1484253877297889290
1484253877574987778
1484253877482496000
1484253879139241987
1484253879722250244
1484253879827116033
1484253880070279168
1484253880317882389
1484253880728887300
1484253881051852807
1484253881920258049
1484253881865424897
1484253883362914307
1484253884268879876
1484253884658991109
1484253884721811464
1484253884663349249
1484253885208354816
1484253885535506443
1484253885329932288
1484253885426548737
1484253886357680137
1484253886550622211
1484253887741808645
1484253887901192194
1484253888014393347
1484253888094126086
1484253888140263428
1484253888391761920
1484253888526102538
1484253888706334720
1484253888807059456
1484253889381773314
1484253889931231238
1484253890078216194
1484253890082230274
1484253890665197570
1484253890698792961
1484253891726352388
1484253891948691456
1484253892670111744
1484253892657532931
1484253892712017927
1484253893316030465
1484253893756436481
1484253894020587527
1484253894095953920
1484253895035703297
1484253895199178770
1484253895647850496
1484253895748726786
1484253895648030721
1484253897250201601
1484253897749192705
1484253897321558020
1484253898453962756
1484253898290483204
1484253898529337348
1484253898672123906
1484253898818789376
1484253898646958081
1484253898986639367
1484253899678568455
1484253899917692928
1484253899963965442
1484253900098179074
1484253900697919488
1484253900526006275
1484253901209669634
1484253902467997708
1484253902639874051
1484253902430162944
1484253901951959041
1484253902719619075
1484253903944302593
1484253904481230850
1484253905038950402
1484253904879726599
1484253905152319489
1484253905001271296
1484253905668251655
1484253905944924163
1484253905647284225
1484253906288926722
1484253906502889475
1484253906725187596
1484253906754494468
1484253906624561152
1484253906964205568
1484253907622764547
1484253906867789825
1484253907949961222
1484253908059017218
1484253908113702912
1484253908612808704
1484253908277026816
1484253908939821061
1484253910126764032
1484253910005161987
1484253911640903681
1484253911770976261
1484253911997468677
1484253912135872515
1484253912156704771
1484253912345497605
1484253912630710285
1484253912966123520
1484253913066840064
1484253913599598592
1484253914266546184
1484253914572607488
1484253915197710338
1484253915369639938
1484253915482714113
1484253915696676868
1484253916279844872
1484253916455919618
1484253916611194880
1484253916489474052
1484253916535693318
1484253917525409794
1484253917412216833
1484253918020444165
1484253917768732676
1484253918179864584
1484253918263713801
1484253918385389570
1484253918410555397
1484253919035289600
1484253919379435520
1484253919605886984
1484253919572381701
1484253919555502089
1484253921006739456
1484253921380077577
1484253921631690758
1484253921698852869
1484253922042675201
1484253922373955586
1484253922894446594
1484253923728785412
1484253923837890566
1484253924278341639
1484253924303462406
1484253924555112452
1484253925289177091
1484253925553459202
1484253925846958081
1484253925863825416
1484253926107009026
1484253926157344773
1484253927247728645
1484253928405540871
1484253928699174924
1484253928749424640
1484253929936281601
1484253929747763201
1484253930062168064
1484253930423218176
1484253930775322626
1484253930993426437
1484253930540482560
1484253931471519747
1484253930691305473
1484253931886702592
1484253932381556737
1484253932801175552
1484253932759265285
1484253932905975810
1484253932939784192
1484253932847304712
1484253933082193924
1484253933358956544
1484253933967007744
1484253934361485313
1484253934801858565
1484253934713806848
1484253935711916032
1484253935607205888
1484253935921729539
1484253936060141568
1484253936253120512
1484253933866467338
1484253936475328522
1484253936563462148
1484253934399021058
1484253937918046208
1484253938027307014
1484253939264638977
1484253939272933381
1484253940438999045
1484253941596831745
1484253942414512131
1484253942590672910
1484253942670409732
1484253942779371523
1484253943043661829
1484253943173689347
1484253942917783552
1484253943211479056
1484253943387459585
1484253943563575297
1484253943555403776
1484253943786086402
1484253944465567754
1484253944172154881
1484253945044287489
1484253944956297221
1484253946210308104
1484253946210365442
1484253946864713735
1484253947477237766
1484253947640619018
1484253947871342594
1484253948353683456
1484253947707670535
1484253948831801347
1484253948970160133
1484253950643773444
1484253949964210176
1484253950954115075
1484253951247757312
1484253951339937803
1484253951998496772
1484253952229056512
1484253952652759042
1484253953072193537
1484253953764302850
1484253953617453056
1484253954502500352
1484253954699636737
1484253955160956931
1484253955916201985
1484253956503404544
1484253956259778560
1484253956759040000
1484253956855451654
1484253957061066754
1484253957535027200
1484253957446942720
1484253958428184576
1484253958528983047
1484253958856183820
1484253958919098379
1484253958902362112
1484253959388897280
1484253960655486985
1484253960894566401
1484253961033076736
1484253961473437702
1484253962505269249
1484253963188940812
1484253963285368847
1484253963473981440
1484253963847360514
1484253964312842240
1484253964551929856
1484253964573057026
1484253964984061955
1484253965470552074
1484253967345405955
1484253967337013251
1484253967802585088
1484253968297431040
1484253968410849283
1484253968528257032
1484253968700223489
1484253970428305412
1484253970566635526
1484253971111981056
1484253971288141827
1484253971829166085
1484253971636264967
1484253972412121096
1484253972705775616
1484253972995227648
1484253972953190400
1484253973410287617
1484253973897003010
1484253974400315400
1484253974396026894
1484253974576472067
1484253974878425088
1484253975096528902
1484253975855525889
1484253976258236421
1484253976178487299
1484253976333672449
1484253976979775490
1484253977223086084
1484253977441091587
1484253978737131523
1484253979638845440
1484253979836039173
1484253979768983556
1484253980700127237
1484253981400522753
1484253982327508993
1484253983267041286
1484253983363502080
1484253983443066882
1484253983933927424
1484253984357593096
1484253984806236162
1484253985381007360
1484253985448079360
1484253985427103752
1484253985510940674
1484253985607282688
1484253985657831426
1484253985737515012
1484253986354085893
1484253986450546693
1484253986454712321
1484253986890956800
1484253986949677056
1484253986974666754
1484253987075497993
1484253987440312322
1484253987805306881
1484253988862242830
1484253989386563591
1484253990187454466
1484253991089307649
1484253990992977921
1484253991248678912
1484253991286579200
1484253991387242502
1484253991445872644
1484253991835942916
1484253992234500100
1484253992670863362
1484253993060777987
1484253993094172672
1484253993719279622
1484253994436411397
1484253994440695821
1484253993933156354
1484253994646179852
1484253995279556609
1484253995829014529
1484253995833380864
1484253996302979078
1484253996542046216
1484253996550340616
1484253996638482432
1484253996282171392
1484253996655251460
1484253996877422594
1484253996982280193
1484253997288599554
1484253997523517440
1484253997762555922
1484253997926133764
1484253998165241858
1484254000555958278
1484254001076088833
1484254001495425027
1484254002107793413
1484254002321707011
1484254002313375747
1484254002418225158
1484254002502012928
1484254002498121729
1484254002242015236
1484254002967724042
1484254003118678018
1484254003198414850
1484254003210948618
1484254003873697797
1484254003907031045
1484254004515426308
1484254004875988992
1484254004788232192
1484254005211631619
1484254005681434630
1484254005639450628
1484254006155296770
1484254006612529154
1484254006675341314
1484254006679638019
1484254007493378059
1484254007304626179
1484254007715631105
1484254007430418439
1484254008566968320
1484254008642400261
1484254009565265931
1484254009825366019
1484254009917685767
1484254010068844549
1484254010488016897
1484254010987134983
1484254011067105280
1484254011557441536
1484254011658502148
1484254013646274561
1484254013512167426
1484254012551700482
1484254014426738689
1484254014661283840
1484254014384611328
1484254016787861507
1484254017614233603
1484254017865887744
1484254018087968771
1484254018528595969
1484254018696327168
1484254020059365377
1484254020923502594
1484254021409988608
1484254022706122752
1484254024870383621
1484254025277009920
1484254025629388804
1484254026686513160
1484254026782818304
1484254026820632577
1484254027470671873
1484254027693105152
1484254028846403585
1484254028603465728
1484254028674768898
1484254029404581888
1484254029597351940
1484254030125748229
1484254030096392201
1484254029643350017
1484254030138277889
1484254030398472193
1484254032197791745
1484254032533155841
1484254033062023168
1484254032856236038
1484254033737129987
1484254033795862538
1484254034336923650
1484254034491949056
1484254035545051137
1484254035977080832
1484254035838263300
1484254035582537733
1484254036559740930
1484254036417290241
1484254036874252289
1484254037738287105
1484254038141063180
1484254038229237764
1484254038854090755
1484254039114018819
1484254038912815106
1484254039663685635
1484254039118389259
1484254039604961292
1484254039697149953
1484254041282646016
1484254041173475329
1484254042201198592
1484254041957937152
1484254042477977600
1484254043035901955
1484254043065262083
1484254042650038272
1484254043576967176
1484254043987841024
1484254044017278978
1484254043992211462
1484254044411600906
1484254043912474625
1484254044818395138
1484254045078716417
1484254045086752772
1484254045443596288
1484254045594341377
1484254045174833153
1484254047389745152
1484254047372648448
1484254047460864004
1484254047779516418
1484254047804788737
1484254047997673478
1484254048937144320
1484254049167978496
1484254048299929601
1484254050279469059
1484254050564538368
1484254050333908996
1484254050841419777
1484254050807857156
1484254051579666441
1484254052355612674
1484254053299335169
1484254053899120650
1484254054159040512
1484254054351970305
1484254055799025667
1484254056474361859
1484254056675749894
1484254057682255873
1484254057778892803
1484254057824989194
1484254058017964039
1484254058089172993
1484254059057991680
1484254058865053696
1484254059125223430
1484254059360104449
1484254059460804613
1484254059762577408
1484254060207214592
1484254060123504645
1484254060144480259
1484254060379136001
1484254060526063622
1484254060941303810
1484254061838938113
1484254062799310848
1484254063495626753
1484254063646543872
1484254063701405696
1484254063445389316
1484254063831171076
1484254064229724168
1484254064539930625
1484254064527519744
1484254064833667076
1484254064888061953
1484254065286549505
1484254065706291200
1484254066070986761
1484254066419064832
1484254066943434756
1484254066884726784
1484254067366891521
1484254067803181058
1484254067413200899
1484254067970830336
1484254068876976130
1484254069103468544
1484254069220950020
1484254069501931525
1484254069808107524
1484254068688125952
1484254070185545728
1484254070592389123
1484254070516899845
1484254070684672004
1484254070969929730
1484254070466650112
1484254071204765699
1484254071083225096
1484254071213248513
1484254071225786369
1484254071536058369
1484254071490023429
1484254071892725764
1484254072073068545
1484254070542065668
1484254072538648583
1484254073473974282
1484254072995823618
1484254073922940928
1484254074107269129
1484254074245574658
1484254074493100033
1484254075201851392
1484254075088740357
1484254075487064064
1484254076258996238
1484254076426768386
1484254076263182342
1484254076988805121
1484254078159015936
1484254077865402371
1484254079828254720
1484254079907938305
1484254080071516161
1484254080197447682
1484254080340013057
1484254080847519747
1484254081128538113
1484254081283760128
1484254081782796296
1484254081074016262
1484254081975820288
1484254082357411842
1484254082860785668
1484254083485773829
1484254083666096128
1484254084202967049
1484254084999831559
1484254084911677441
1484254085058551820
1484254085259870210
1484254085100589056
1484254085499043844
1484254085595471875
1484254085851324428
1484254085586898947
1484254087000432641
1484254088342781954
1484254088678182916
1484254088753999872
1484254088900587523
1484254089240363019
1484254089374572547
1484254089697497088
1484254089743515653
1484254089890435076
1484254090347511808
1484254090523729923
1484254090603474948
1484254092616634368
1484254093191307267
1484254092394438656
1484254093535170560
1484254093824700417
1484254093267079168
1484254093954764802
1484254094114054155
1484254094411935744
1484254094625677315
1484254094701346821
1484254093552111622
1484254095095447553
1484254095653363716
1484254095871459329
1484254096118845441
1484254095485685764
1484254097415057415
1484254098673348616
1484254098853707786
1484254099214327812
1484254099398971392
1484254099231035392
1484254099558309896
1484254099650588675
1484254098719391747
1484254100443172864
1484254101038718977
1484254101529628682
1484254101676474370
1484254102607392770
1484254103014461440
1484254103266115596
1484254104272711682
1484254104029315074
1484254104461451270
1484254104570540040
1484254104608288769
1484254104813768704
1484254106000756738
1484254107225542661
1484254107519299584
1484254107070205953
1484254107456049156
1484254108135706625
1484254108382949376
1484254108878049280
1484254108978663432
1484254109008285697
1484254109389791234
1484254109544767488
1484254110547431426
1484254110907973633
1484254111000416260
1484254111344246784
1484254111654723590
1484254112287891457
1484254112552259594
1484254112975884289
1484254113257127936
1484254113235931139
1484254113437298691
1484254113911095298
1484254114053828608
1484254114242519047
1484254114280525824
1484254114783858688
1484254115135995906
1484254115333029897
1484254115148488707
1484254116109066248
1484254116436230145
1484254116251586567
1484254116851421188
1484254116591194112
1484254117144969223
1484254118139080705
1484254118210379786
1484254119695200257
1484254120831860742
1484254120814923776
1484254121024704513
1484254121960120329
1484254121624547334
1484254122505392135
1484254122513625091
1484254123214049282
1484254124233293824
1484254124510175237
1484254124891856902
1484254125407850506
1484254125713936385
1484254125864988679
1484254126162669568
1484254125906796546
1484254126351527941
1484254127618150401
1484254127496605701
1484254128201031683
1484254128486428674
1484254128855732225
1484254128360628232
1484254129224568839
1484254130080264194
1484254129669107712
1484254130415804418
1484254131380498433
1484254132118732807
1484254132189995020
1484254132794007559
1484254132290654224
1484254133158694916
1484254133662199815
1484254133729513472
1484254134043828226
1484254134735978506
1484254135536992262
1484254136191365128
1484254136153563143
1484254136006631428
1484254136501686275
1484254136019398658
1484254136984027136
1484254137311105024
1484254137529348097
1484254138586251264
1484254139018272769
1484254138229792774
1484254139261624325
1484254140326760449
1484254141538996224
1484254142361186315
1484254142717640716
1484254142776463365
1484254142784843778
1484254142881271811
1484254142940221440
1484254144583979010
1484254144815067136
1484254145569820674
1484254145192280068
1484254145913978881
1484254146542850048
1484254146240729088
1484254147163607046
1484254146643599362
1484254147595714560
1484254147561934850
1484254147838947328
1484254148149366789
1484254148136685575
1484254148182700033
1484254148417802244
1484254149306994695
1484254149642440704
1484254149919268880
1484254150024052736
1484254150024056832
1484254150410051591
1484254150418436103
1484254150804180992
1484254150552690689
1484254150422528000
1484254151441666049
1484254151576014853
1484254151597035522
1484254152062640134
1484254152356249600
1484254152502878209
1484254152683257857
1484254155325718528
1484254155527049220
1484254155661271041
1484254155984326657
1484254156726571008
1484254156680417281
1484254157506818048
1484254157892640768
1484254158144385027
1484254157821329411
1484254159079682048
1484254159469793283
1484254160207761408
1484254160350547971
1484254160564461572
1484254160686129160
1484254161021829120
1484254161361321989
1484254161709457408
1484254162569162755
1484254163047370753
1484254163907543042
1484254164175572994
1484254164452397057
1484254166210220032
1484254167145328644
1484254167321432076
1484254167648464897
1484254168005197826
1484254168629932032
1484254168504221704
1484254168785178626
1484254168802070536
1484254168856821760
1484254167778664449
1484254169074573314
1484254169137565696
1484254169481768960
1484254169464811520
1484254169619996677
1484254169510957057
1484254170517360641
1484254170920079362
1484254170895069191
1484254171310219268
1484254171662536705
1484254172279189510
1484254173365473281
1484254173193461762
1484254173290184704
1484254173986099200
1484254173529051136
1484254174414086158
1484254174652997636
1484254175152201728
1484254175135469574
1484254174737014791
1484254175290658820
1484254175848509440
1484254175995195392
1484254175437279233
1484254176066646020
1484254176154734595
1484254176863752192
1484254177077477376
1484254177689800706
1484254177773727744
1484254178008604674
1484254178150998016
1484254178230812678
1484254178683801600
1484254178763497478
1484254179178815490
1484254179728183297
1484254179832963074
1484254180353228804
1484254180185636865
1484254180470665218
1484254180730716162
1484254180466479117
1484254181238132740
1484254181196189696
1484254181917552642
1484254182286766081
1484254182622343180
1484254182768971776
1484254182915903490
1484254183746330627
1484254184123899910
1484254184451059716
1484254184551632898
1484254184694333441
1484254184799154181
1484254184849526795
1484254185117741057
1484254184723861504
1484254184601968652
1484254185545781249
1484254184912396288
1484254184492969989
1484254185428238348
1484254186166538240
1484254186493689859
1484254186871177216
1484254186833387524
1484254186736955394
1484254187504427017
1484254188640948224
1484254188725018627
1484254188833935361
1484254188968321028
1484254189438246915
1484254189710721033
1484254189924622338
1484254190394560512
1484254190885036032
1484254190700535808
1484254191044284416
1484254191518420999
1484254191354851336
1484254192181121026
1484254192172556290
1484254191107420170
1484254192629948422
1484254192583778304
1484254192952913926
1484254192894054400
1484254193833889793
1484254194014236672
1484254194441850886
1484254194303660032
1484254194433499136
1484254194597085197
1484254194781630464
1484254195377135625
1484254195377217539
1484254195720933381
1484254197075881990
1484254197260369927
1484254197549871121
1484254197809922051
1484254198355021826
1484254198535364610
1484254198627811336
1484254198745247750
1484254199067987968
1484254199084945411
1484254199202430977
1484254199537934342
1484254200125140996
1484254200766865409
1484254201052024838
1484254201240764424
1484254201647865856
1484254202268377093
1484254203057000457
1484254202834599939
1484254203342114836
1484254203530944518
1484254203790905344
1484254203736432645
1484254204541636610
1484254204696752130
1484254204906590214
1484254205950840832
1484254206110351369
1484254206169174020
1484254206236282880
1484254205556760581
1484254205766475777
1484254206177562625
1484254206752141318
1484254206903078913
1484254207364382720
1484254207683469314
1484254207448342530
1484254207880409089
1484254208534536192
1484254208706547715
1484254208744476673
1484254209021132801
1484254209151311878
1484254209725939718
1484254209046315008
1484254209612476418
1484254210191413250
1484254210749304836
1484254210606706690
1484254211000786945
1484254211307192326
1484254211877580807
1484254212288565249
1484254212909256704
1484254213479804935
1484254213584658449
1484254213513560064
1484254214121574408
1484254214754873352
1484254214939418632
1484254215040028685
1484254215497256966
1484254215815917570
1484254215535050755
1484254216436727810
1484254216277344273
1484254217745444864
1484254217955160069
1484254218093355008
1484254218399666179
1484254218085191688
1484254219523833859
1484254219666399233
1484254219867676684
1484254219909672968
1484254221235101699
1484254221230915589
1484254221293740035
1484254221876740097
1484254221981691911
1484254223244021764
1484254223168462855
1484254223281758210
1484254223722287106
1484254224204836864
1484254224103866369
1484254224858898434
1484254225353699328
1484254225194434565
1484254225622343682
1484254225739796482
1484254225970253825
1484254225961996291
1484254226331152385
1484254226482094080
1484254227195039744
1484254227044225035
1484254227211821060
1484254227543248907
1484254227681656844
1484254228050849793
1484254228243791876
1484254228998549505
1484254227866087425
1484254229174923266
1484254229527408640
1484254229522907137
1484254229854367746
1484254230336708610
1484254230521208838
1484254230076702725
1484254231464927234
1484254231632568329
1484254231796363264
1484254233473945600
1484254233742426112
1484254234207940608
1484254234031755265
1484254234606379009
1484254234870751237
1484254235038416897
1484254234850000904
1484254236024131591
1484254236577878019
1484254236649136131
1484254236393324545
1484254236766576644
1484254237391753216
1484254236942737413
1484254237722742786
1484254237186007058
1484254237836021760
1484254238129762305
1484254238326677506
1484254238163324932
1484254238549155843
1484254239010394112
1484254238947618823
1484254239039889410
1484254239174144000
1484254239442583558
1484254239799062532
1484254240348454914
1484254240457441282
1484254240256180228
1484254240499544069
1484254241963143169
1484254242047209479
1484254242579824644
1484254242408136704
1484254242743402496
1484254243121168385
1484254243443945474
1484254243523604483
1484254244014370832
1484254243712380928
1484254242596700164
1484254244312162309
1484254244450574338
1484254244953862146
1484254245713231872
1484254245818101760
1484254245872357380
1484254246233157632
1484254246988042242
1484254247487221761
1484254247919452161
1484254248699588610
1484254248984616968
1484254249873776645
1484254250943266819
1484254251211804676
1484254251622797316
1484254251589246977
1484254252222537734
1484254252700782592
1484254253162057728
1484254253833068549
1484254254160297984
1484254253954871298
1484254253359431681
1484254254403522561
1484254254533693448
1484254254525300736
1484254255812911106
1484254255938691074
1484254256177815555
1484254256500727814
1484254256672944128
1484254256618164228
1484254256467439618
1484254256362254336
1484254257075400715
1484254257285156866
1484254257914204162
1484254258207899649
1484254259273252866
1484254259403235329
1484254259671703553
1484254259717750784
1484254260686643208
1484254261764632586
1484254262011961344
1484254262179909637
1484254262582513669
1484254262599331845
1484254262670462976
1484254262225883137
1484254262783885315
1484254262888648707
1484254263450775557
1484254264239087617
1484254264872558596
1484254265682313223
1484254265484980226
1484254266017542146
1484254266005016576
1484254266285912065
1484254266487418889
1484254266827051009
1484254267120697350
1484254268743987203
1484254269129719808
1484254269247213568
1484254269465317379
1484254269352165379
1484254269649960960
1484254271315095552
1484254271503679488
1484254271755337728
1484254271411752962
1484254272065732612
1484254272216834052
1484254273386995714
1484254273127043077
1484254273361920009
1484254272564912130
1484254273336602625
1484254273961611264
1484254273697427457
1484254274213326857
1484254274536235009
1484254274347573256
1484254274569883662
1484254275341471744
1484254275349975041
1484254275840745476
1484254273571631105
1484254275819941888
1484254275861680131
1484254276138541060
1484254276872556544
1484254277405085696
1484254277577187338
1484254277610926080
1484254277707177985
1484254278109782016
1484254278357299200
1484254279498088448
1484254279888248840
1484254280366264321
1484254280483844099
1484254280324374534
1484254280823750656
1484254281280671747
1484254281876320256
1484254282178347010
1484254282186571778
1484254282698444803
1484254283583397893
1484254283906256897
1484254284866887685
1484254284728438790
1484254285068058624
1484254285261000706
1484254285193961476
1484254287035342849
1484254287106813958
1484254287156891648
1484254287756767234
1484254287564009472
1484254288004190214
1484254288259940353
1484254289543393282
1484254289652752384
1484254289962975236
1484254290633904128
1484254291145764864
1484254291317735436
1484254291535798281
1484254291867193350
1484254292332756992
1484254292332584960
1484254292387184647
1484254292676644867
1484254292576026624
1484254292727021569
1484254292961861635
1484254293389496321
1484254293725220869
1484254294127755267
1484254294174048260
1484254294505254913
1484254294505259009
1484254295084212233
1484254295537164292
1484254295897767936
1484254296082460677
1484254296845824009
1484254296753553414
1484254297797894144
1484254297772765189
1484254298292862979
1484254298854895623
1484254299953770499
1484254300700561408
1484254301316866049
1484254301144993800
1484254301749133313
1484254302763814913
1484254302998831105
1484254302969659392
1484254303292469252
1484254304186019840
1484254303984492548
1484254304152215552
1484254304995356683
1484254305200840704
1484254305280479240
1484254305376948224
1484254305377005573
1484254305829851138
1484254306274525186
1484254306383679496
1484254306635329550
1484254306761162757
1484254306916347909
1484254307981541376
1484254308266876930
1484254308161961987
1484254309638459400
1484254309764243457
1484254310183673856
1484254310305353730
1484254311433773057
1484254311601291267
1484254311945158657
1484254312402407428
1484254312469614592
1484254312532516871
1484254312846999556
1484254313996296192
1484254314889502720
1484254314646278145
1484254315057401862
1484254315074179081
1484254315728543746
1484254315136966657
1484254316185759755
1484254316345147396
1484254316450172928
1484254318182400000
1484254318400319493
1484254318719082504
1484254317834301440
1484254318941421569
1484254318815592448
1484254319109152778
1484254319234985984
1484254319717367808
1484254319172108295
1484254320212131840
1484254320711565312
1484254320191229952
1484254320669470722
1484254320979812358
1484254321256525826
1484254321219112961
1484254321550274566
1484254321634127873
1484254321818669058
1484254322393288715
1484254322376548353
1484254322464600065
1484254322951323648
1484254322385121281
1484254323374804997
1484254323429326852
1484254323106320386
1484254323995398145
1484254323903283201
1484254324242984965
1484254324503064577
1484254324138004481
1484254325677375492
1484254326184947719
1484254326554079237
1484254326549848069
1484254327116124175
1484254327271301124
1484254327586029569
1484254327921426436
1484254327942402051
1484254328059838465
1484254328261070855
1484254328969965571
1484254329540329474
1484254330458943490
1484254330530189315
1484254331822092289
1484254332023357440
1484254332253925376
1484254332455432193
1484254332400852994
1484254332602171393
1484254333130747907
1484254333193658368
1484254333323681795
1484254333680046082
1484254333860515840
1484254333826912258
1484254334556778497
1484254334246391812
1484254335370293248
1484254335429185538
1484254335672340480
1484254335949164545
1484254337102749704
1484254337698308101
1484254337576615936
1484254338079989761
1484254337434017794
1484254338818224128
1484254339107639300
1484254339531251721
1484254339095052289
1484254339761938438
1484254339891871750
1484254340106039299
1484254340416167939
1484254341422792705
1484254341938946048
1484254342131691531
1484254342509039616
1484254343280869380
1484254343473860611
1484254343595540486
1484254344442785798
1484254344522440712
1484254344883019777
1484254345231224833
1484254345554444289
1484254345830952960
1484254345990393856
1484254346560905217
1484254347080998914
1484254347643006986
1484254347777261572
1484254347315798016
1484254347869700096
1484254348980981763
1484254349815652354
1484254350344077312
1484254351900262405
1484254351837249547
1484254352521203713
1484254352600616973
1484254352801939461
1484254352994930693
1484254352957136896
1484254353347203074
1484254353506635783
1484254354127400964
1484254354211225603
1484254354387484674
1484254357051043841
1484254357130416129
1484254357679915010
1484254357478678530
1484254358439084032
1484254358590078977
1484254359437262849
1484254359768776711
1484254359659626497
1484254361123491848
1484254361253416962
1484254361463279618
1484254361568124930
1484254361572175873
1484254362125758465
1484254362981523463
1484254363975569413
1484254364172943361
1484254363916849158
1484254364084891648
1484254364290199555
1484254364671823875
1484254365493960712
1484254366047608838
1484254365816922125
1484254366148308994
1484254366487908352
1484254366559133696
1484254366676647938
1484254366794194945
1484254368035704835
1484254368006242305
1484254369105252359
1484254369360924675
1484254369872633857
1484254369897857027
1484254370405359623
1484254370216628230
1484254371437293571
1484254371898703872
1484254372234203139
1484254372313894917
1484254372406210560
1484254372481675279
1484254372620083202
1484254372800434184
1484254373006180353
1484254372397731849
1484254374020796416
1484254374386081792
1484254374478196744
1484254374646120448
1484254375581261827
1484254375929393152
1484254376084623360
1484254376940216323
1484254377409978375
1484254377946845195
1484254378110246917
1484254378081112065
1484254378454401041
1484254378542485506
1484254378881998849
1484254378987257856
1484254379444158473
1484254379674906628
1484254379817385984
1484254379892953095
1484254379456749568
1484254380706566144
1484254381251956741
1484254381851742209
1484254382925352964
1484254382925492228
1484254383093141504
1484254383038771209
1484254383609057284
1484254384255119360
1484254385794424840
1484254385945391119
1484254386066964481
1484254386725478411
1484254386838720515
1484254386901512192
1484254386301935622
1484254387497279507
1484254387379789827
1484254387534893060
1484254387635568643
1484254387509907467
1484254388008865792
1484254388256346113
1484254388319309827
1484254388440940548
1484254388621295616
1484254389166555142
1484254389619634179
1484254389690847236
1484254390366216198
1484254390139584512
1484254390764589059
1484254390743670785
1484254391033114630
1484254391716945920
1484254392173932562
1484254393092476931
1484254393365114883
1484254393365053452
1484254393578885121
1484254394166173698
1484254394321448966
1484254395042725889
1484254395118194688
1484254394468253698
1484254395491504132
1484254397483917312
1484254398452695040
1484254398339588101
1484254398532530177
1484254398440423424
1484254398725378052
1484254399035633665
1484254398993870849
1484254399383973890
1484254399497220101
1484254399543353346
1484254400126271493
1484254400298291207
1484254400377987075
1484254400793260034
1484254400726011907
1484254401003139073
