1483090671125032966
1483090670390632453
1483090672160698371
1483090673779843074
1483090674295656454
1483090674459164673
1483090674211864580
1483090674778095618
1483090675097030659
1483090675084242950
1483090674962546694
1483090672609640456
1483090675738546176
1483090675944112137
1483090676267073536
1483090676137213959
1483090675998597121
1483090676527030276
1483090676392861704
1483090676254453761
1483090676514500612
1483090676887785472
1483090677063954433
1483090675126128641
1483090677927792642
1483090677907005445
1483090677969862660
1483090677994950657
1483090678498349056
1483090679001665537
1483090679463137283
1483090679446532100
1483090679643398148
1483090680423591940
1483090680314535937
1483090680662609920
1483090681530929152
1483090681660858373
1483090681614712833
1483090681866375168
1483090682092961793
1483090681870626821
1483090682587799556
1483090682805903363
1483090682764042246
1483090683539996673
1483090683741478917
1483090684320137221
1483090684370374661
1483090684450156549
1483090684953436162
1483090684622131202
1483090685049901060
1483090684789809152
1483090685364420608
1483090685859348485
1483090686035566596
1483090686123589634
1483090686434062338
1483090686694068227
1483090686937341953
1483090687843528712
1483090688149446657
1483090688229187591
1483090688220844037
1483090688514396162
1483090688405393409
1483090689042927626
1483090689672073220
1483090689835606017
1483090690087215104
1483090689416220676
1483090691584626688
1483090691928559629
1483090692159201281
1483090692360454145
1483090692440084480
1483090692582764547
1483090692960403456
1483090692901588994
1483090693102968838
1483090693660856331
1483090693916667911
1483090693857984513
1483090693983719443
1483090693778288644
1483090694562619394
1483090694893940736
1483090695338528770
1483090696038985730
1483090696189976581
1483090696106090501
1483090696861265920
1483090696861016064
1483090697091694592
1483090697251131394
1483090697527783426
1483090698132156417
1483090698522054660
1483090698945638408
1483090698886950913
1483090698958168070
1483090699151192074
1483090699348287490
1483090697809018882
1483090700673634309
1483090701139259395
1483090700816502785
1483090701718106112
1483090701487378436
1483090701898428420
1483090702082924544
1483090702045229069
1483090702598918156
1483090702741483521
1483090701684736002
1483090703022493705
1483090705165729810
1483090705820139528
1483090705744801796
1483090706050826251
1483090706428309510
1483090706533130241
1483090705879019522
1483090706893885442
1483090706755317765
1483090706973564928
1483090707091169280
1483090707623682051
1483090708076630019
1483090708789702657
1483090710094090242
1483090710308036612
1483090710744256514
1483090711528742912
1483090711406911489
1483090711843155971
1483090711763464198
1483090712266608642
1483090712564535296
1483090712958844928
1483090713168564233
1483090714808373248
1483090715139887110
1483090715387338752
1483090715588665348
1483090716515524609
1483090716897259521
1483090716683350020
1483090717396242434
1483090717400612867
1483090717367050242
1483090717824090124
1483090717774082050
1483090717538983939
1483090717820035081
1483090716842676227
1483090718398853122
1483090718252060674
1483090719137234947
1483090719556386821
1483090719891865603
1483090720772734976
1483090720688910341
1483090721125060617
1483090721410269190
1483090721766838275
1483090722223968268
1483090722379427840
1483090722320441347
1483090723117453315
1483090723306098691
1483090724035829760
1483090724241481731
1483090724753227782
1483090724983869447
1483090724446949377
1483090725604581379
1483090725554343938
1483090725713682434
1483090726364024837
1483090726594519042
1483090726518931462
1483090728104480768
1483090728821698573
1483090729048154113
1483090729949880330
1483090730855723010
1483090731170516996
1483090732021952515
1483090732252598279
1483090732525453315
1483090732747530242
1483090733531869184
1483090733439537153
1483090734345564164
1483090734693896199
1483090734655836160
1483090734429270016
1483090735058628609
1483090734370672649
1483090734412668928
1483090735326978051
1483090735419252738
1483090735767379972
1483090736228671488
1483090736757317636
1483090736925097990
1483090737185148929
1483090737608671240
1483090737948499968
1483090739059826692
1483090739076771842
1483090739538051074
1483090739630419970
1483090740054052867
1483090740267950084
1483090740423004165
1483090739844112387
1483090740624297985
1483090740490436610
1483090740842569729
1483090740532154369
1483090741643689985
1483090741782007815
1483090742327353345
1483090742352523268
1483090742973243393
1483090743707193345
1483090743686275072
1483090744428662798
1483090744998985729
1483090744860684297
1483090745187876872
1483090744835465216
1483090745552609285
1483090745087369218
1483090746177638402
1483090746924228610
1483090747062693905
1483090747041665026
1483090747477741573
1483090747985383426
1483090748371202048
1483090748404867078
1483090748253908993
1483090748731965453
1483090748891402242
1483090749491142668
1483090749457637380
1483090749734649856
1483090750451630086
1483090751437344775
1483090752502743044
1483090752892719110
1483090752502734856
1483090753077321733
1483090753916133378
1483090753777770496
1483090754629251076
1483090754834681860
1483090754960568321
1483090756004978688
1483090756793516037
1483090756956999684
1483090757066301442
1483090757749821446
1483090758391386112
1483090758802587650
1483090759041568774
1483090760123756546
1483090760308117504
1483090760366972928
1483090760912228356
1483090761029754884
1483090762342572040
1483090762216656900
1483090762552197125
1483090762745143300
1483090763013632000
1483090763714117632
1483090764192268289
1483090763894620160
1483090763915284483
1483090764343410688
1483090764200615939
1483090764930428930
1483090765416960006
1483090765723099139
1483090766155194372
1483090766402658315
1483090766553563149
1483090766578995200
1483090766184390657
1483090767291768832
1483090767573057536
1483090768004792323
1483090768323563521
1483090768134905861
1483090768755511297
1483090769271525382
1483090769334661120
1483090769632186372
1483090769552543744
1483090770047516678
1483090770341027850
1483090770525626368
1483090771008004099
1483090771037372417
1483090771490357257
1483090773679685635
1483090774833065987
1483090775428714504
1483090775391219712
1483090775999229966
1483090776154271745
1483090778016649224
1483090778092154881
1483090778553466880
1483090779711184901
1483090780336300032
1483090780776456196
1483090780835225605
1483090781359550477
1483090781506347011
1483090781812498436
1483090782089326595
1483090782601027597
1483090781820837891
1483090783347437568
1483090784265990145
1483090784786300939
1483090784371060744
1483090785100877826
1483090785042145282
1483090785365016577
1483090785889308674
1483090786220716039
1483090786312933380
1483090786849804295
1483090787168440320
1483090787265040390
1483090787243937793
1483090787659390978
1483090787642523650
1483090787659362307
1483090787797815298
1483090788158517258
1483090788196175874
1483090788305317898
1483090788401700875
1483090788468809733
1483090788154322948
1483090788603027459
1483090788812734466
1483090788846571521
1483090790037409792
1483090790138138627
1483090790104678400
1483090790297522184
1483090790373277699
1483090791266410498
1483090791534845953
1483090791509762055
1483090791732031489
1483090791576875013
1483090791979487238
1483090792302272512
1483090792872878083
1483090792990142467
1483090792981753859
1483090793430716417
1483090793745326121
1483090795502710787
1483090795603238912
1483090796622532612
1483090796740059136
1483090796953976832
1483090797549715457
1483090798639927299
1483090799139201033
1483090799516696579
1483090799705296899
1483090799881506816
1483090799676080134
1483090801076830211
1483090801181687810
1483090802297475076
1483090802364534792
1483090804096778242
1483090804839260161
1483090805258694662
1483090805392879618
1483090805284028417
1483090805178961921
1483090804667486209
1483090806038802433
1483090806781231106
1483090807167066124
1483090807699775489
1483090807200653322
1483090807989043202
1483090808467296257
1483090808052006914
1483090809293459459
1483090809402580992
1483090809704665093
1483090809863954434
1483090809943638017
1483090810820513794
1483090811080388610
1483090811382382596
1483090811675979783
1483090814121172998
1483090814184017920
1483090814851227648
1483090815207772169
1483090815329218568
1483090815526354949
1483090815698280452
1483090816113520654
1483090816599998468
1483090817040322562
1483090817686384641
1483090818072203268
1483090818957201408
1483090819141746690
1483090819380875275
1483090819905114120
1483090820043612167
1483090819607261185
1483090820760842240
1483090820861509634
1483090821280944130
1483090821427642384
1483090822178521095
1483090822673440778
1483090823508111369
1483090823839457287
1483090823759765505
1483090824082644997
1483090824170807297
1483090824929988617
1483090825114443783
1483090825328619522
1483090826016464901
1483090826985193473
1483090827157069827
1483090827241005058
1483090827421257728
1483090827580780549
1483090828365074434
1483090828557910017
1483090828612743170
1483090829485178881
1483090829501739012
1483090829833035778
1483090830726340617
1483090830747439105
1483090830046814210
1483090830923550726
1483090831510810629
1483090831670185995
1483090832219861000
1483090832265732102
1483090832936914947
1483090832764796931
1483090832903213056
1483090833196961792
1483090833448517634
1483090833616293894
1483090833599574028
1483090833704423424
1483090833394085890
1483090833536524288
1483090834132144133
1483090834270863362
1483090834132250631
1483090834757242880
1483090834845323266
1483090835222802436
1483090835084398592
1483090835214417933
1483090835570929665
1483090835621257217
1483090835717636103
1483090836392972289
1483090836988383239
1483090837546635264
1483090838100004866
1483090838762790913
1483090839123415041
1483090839220125696
1483090839249506306
1483090839031197703
1483090839693938690
1483090839962329094
1483090841019113477
1483090841195675648
1483090841501638657
1483090841681940482
1483090841946279939
1483090840360996864
1483090842680434690
1483090843703853067
1483090844731252737
1483090844924227585
1483090845091844097
1483090845394178051
1483090845436104704
1483090845092184081
1483090845628698624
1483090845868109827
1483090845997969413
1483090846207471616
1483090846597763074
1483090846950072323
1483090847243583494
1483090847960756227
1483090848174669824
1483090848195698692
1483090848350937089
1483090849462427648
1483090850053771265
1483090850259390469
1483090850326343681
1483090850481676295
1483090851081371650
1483090850813034498
1483090851698208768
1483090851555418112
1483090852289425413
1483090852616495113
1483090852683595779
1483090853065379842
1483090853233057797
1483090853304455178
1483090853924982785
1483090854063616000
1483090854063476737
1483090854806016006
1483090854885662720
1483090855540015110
1483090855489593346
1483090855804108801
1483090856181702661
1483090856097857546
1483090856399843331
1483090856999542786
1483090856928284674
1483090857209307139
1483090857318236160
1483090857658097670
1483090857561669632
1483090857821880320
1483090858039730181
1483090858027192323
1483090858207494146
1483090858648178688
1483090858601857025
1483090859277144068
1483090859872636930
1483090860900237313
1483090861152157697
1483090861785333762
1483090861965647877
1483090862712229891
1483090862582251525
1483090863114887169
1483090863282659333
1483090863521935364
1483090864230567939
1483090864482267141
1483090864503242755
1483090864645840900
1483090864931225603
1483090865304264704
1483090866046648325
1483090866315091968
1483090866759688197
1483090867267198980
1483090867133034499
1483090867271663624
1483090867791577094
1483090867791568899
1483090868361961477
1483090868370386945
1483090868361957376
1483090868659798023
1483090869288902657
1483090869389787139
1483090869620072456
1483090870198964225
1483090870706622469
1483090870903705602
1483090871339913218
1483090871516082176
1483090871654490118
1483090871620968458
1483090871713243139
1483090872279265280
1483090872921214983
1483090872900235269
1483090873126567936
1483090873504043008
1483090873705500674
1483090874234032136
1483090874858881028
1483090874813022211
1483090875118874627
1483090875173453830
1483090875227987978
1483090875387465732
1483090875609542656
1483090875005771777
1483090876293279744
1483090876628938755
1483090876695867393
1483090876926771203
1483090876918210560
1483090876993871874
1483090876956090371
1483090877887168515
1483090878147309578
1483090878352736264
1483090878826782724
1483090879984414725
1483090880210821125
1483090880517099525
1483090881867665411
1483090882148675587
1483090882006073346
1483090882136051713
1483090882345816069
1483090882459058179
1483090883411128321
1483090884455550976
1483090884455505920
1483090885030170624
1483090884681818112
1483090885197762561
1483090886145810438
1483090887404101642
1483090887760654337
1483090888314212355
1483090888494444548
1483090889274802176
1483090889039876096
1483090889702473730
1483090889891520523
1483090890352738310
1483090890503569409
1483090890776322049
1483090891078262787
1483090891069927426
1483090891636195331
1483090892625952772
1483090892902875140
1483090894257537026
1483090893733257225
1483090894547034115
1483090894765150216
1483090894815379459
1483090895054462981
1483090895180288010
1483090895247482886
1483090896807768064
1483090897373966343
1483090897399173126
1483090897915060226
1483090898279976967
1483090898707750914
1483090898984574980
1483090899458564097
1483090899789774849
1483090899840155648
1483090900930678785
1483090900788314112
1483090901727649792
1483090901924827148
1483090903107780609
1483090903392821248
1483090902910312450
1483090903686385672
1483090903619223556
1483090903711600645
1483090903820550146
1483090904030265348
1483090903875129344
1483090904613277699
1483090904881811463
1483090904801898496
1483090905989103620
1483090905275908096
1483090906613829632
1483090906513391618
1483090906655772675
1483090906668572680
1483090906635182086
1483090907314409481
1483090907402436608
1483090907402752003
1483090907608014854
1483090907767488516
1483090908186918916
1483090908354654213
1483090909566849026
1483090909717843970
1483090909847818243
1483090910116253699
1483090910279725059
1483090910434906114
1483090910544027650
1483090911768817666
1483090912905515009
1483090912850948103
1483090914117447682
1483090914339966977
1483090914771881989
1483090915115905032
1483090915518566405
1483090915816140806
1483090916051243013
1483090915933982722
1483090915900198917
1483090916026064899
1483090916252561411
1483090916902838277
1483090917447897093
1483090917565341700
1483090917678628866
1483090917900767232
1483090918018363396
1483090918689361924
1483090918991446019
1483090919285043200
1483090919482081280
1483090919843037184
1483090920597774339
1483090920585244672
1483090920820154373
1483090921357033482
1483090921751121922
1483090921923100675
1483090922392809477
1483090922338402307
1483090923147907073
1483090923106013199
1483090923168972800
1483090923525337091
1483090923546640387
1483090924834107398
1483090924964134915
1483090925614206979
1483090925580607492
1483090925773639687
1483090925735878664
1483090926046261248
1483090925895233540
1483090926528606212
1483090926713151494
1483090926956253185
1483090927392591872
1483090928457990145
1483090928638300162
1483090928630140930
1483090927950438401
1483090929301008388
1483090929460256768
1483090929359720449
1483090929636589568
1483090930181804034
1483090930010030081
1483090930219597824
1483090930458673156
1483090931335245829
1483090932094447617
1483090931930836995
1483090932316708867
1483090932455063556
1483090933763686400
1483090933650542592
1483090933931548672
1483090934929702917
1483090934942339073
1483090935030423552
1483090935659614214
1483090935672197129
1483090935705522176
1483090936968138757
1483090937362452487
1483090937207136259
1483090937706336256
1483090937983160321
1483090938780078083
1483090938855571458
1483090939019251720
1483090939195576324
1483090939333824517
1483090939602092034
1483090939745030148
1483090939807735810
1483090940168323073
1483090940327694341
1483090940571045892
1483090940554321920
1483090940759846916
1483090941082804228
1483090942471118859
1483090942529789953
1483090942332895234
1483090943242686466
1483090943712636928
1483090943838666760
1483090944119689221
1483090944270426119
1483090944413081605
1483090944799002628
1483090945298268165
1483090945763590144
1483090946044616704
1483090945801437187
1483090946623356930
1483090946896142340
1483090947261054977
1483090947667894277
1483090948930379786
1483090949479841797
1483090949534330880
1483090950377414656
1483090950687756293
1483090950733897731
1483090950876397569
1483090949869735941
1483090950977114117
1483090951627288583
1483090951874744322
1483090952860446720
1483090952894173186
1483090953581862915
1483090954156646401
1483090954450096128
1483090955356057600
1483090955670798339
1483090956723400705
1483090956295364609
1483090957062967299
1483090957612445700
1483090957620813827
1483090957457399808
1483090957801295874
1483090958073798657
1483090958656983046
1483090959038623752
1483090959026225162
1483090959323869185
1483090959772573697
1483090959839772678
1483090959936069633
1483090959831285763
1483090961307770887
1483090961399955457
1483090963362893829
1483090963417473030
1483090963346210821
1483090963799199745
1483090964264767489
1483090964688392197
1483090963190980611
1483090964692439043
1483090964621185026
1483090964688289794
1483090964768227331
1483090964935708675
1483090965057396742
1483090964948590597
1483090964491411456
1483090965913128960
1483090966055579653
1483090966206681096
1483090966592565254
1483090966600892422
1483090967360163845
1483090967435657220
1483090967876206592
1483090968643792900
1483090969243365376
1483090969260089352
1483090969264529412
1483090969411170313
1483090970078253061
1483090969990172678
1483090970187112450
1483090970866561025
1483090970958827520
1483090972254875649
1483090972519063559
1483090972783296513
1483090973584502787
1483090974578466820
1483090974943420416
1483090975136354308
1483090975283159041
1483090975715115017
1483090976142995456
1483090978814767104
1483090979016036358
1483090979125174277
1483090980324757504
1483090980525985797
1483090980903571467
1483090980903571457
1483090980849000449
1483090981561974795
1483090981687857152
1483090981650055174
1483090981855576069
1483090982035984385
1483090983411757059
1483090983373967364
1483090983872983040
1483090984003158018
1483090983306760195
1483090984271556614
1483090984556769280
1483090984678432777
1483090984196001797
1483090984913276934
1483090985139970054
1483090985437450240
1483090985668071428
1483090985186131968
1483090985882169347
1483090986087583746
1483090986091745280
1483090986200973317
1483090985978527746
1483090986184196097
1483090986423263235
1483090986301632513
1483090986125299712
1483090986976702466
1483090987199045635
1483090987232727041
1483090987534946306
1483090987685662721
1483090987664777217
1483090988142899208
1483090988637859842
1483090989040340996
1483090988944224257
1483090989027897352
1483090989204099073
1483090989795446788
1483090990286188556
1483090990760144897
1483090991418687497
1483090990412058625
1483090991909384192
1483090992056180737
1483090992144203787
1483090992962191363
1483090994186928131
1483090994035834882
1483090994723762180
1483090994648211465
1483090995868622848
1483090995801694212
1483090995763990534
1483090996707610629
1483090997357731844
1483090997684981765
1483090997663965185
1483090997928239105
1483090998448242690
1483090998603431939
1483090999173955592
1483090999278804995
1483090998758723584
1483091001392648199
1483091001791205382
1483091001774260225
1483091002537750530
1483091002923573258
1483091003678638088
1483091003695325190
1483091004194447365
1483091004056125442
1483091004093722627
1483091004387438601
1483091004697845761
1483091005050077187
1483091005498966021
1483091005444431879
1483091005901525000
1483091005930971150
1483091006551560194
1483091006832611331
1483091006866268165
1483091007214346240
1483091007151517696
1483091007465873408
1483091007558553603
1483091007889711105
1483091007629676547
1483091008074264579
1483091008296558592
1483091008879575042
1483091009206640642
1483091009202442242
1483091009382854656
1483091009215082512
1483091009802469380
1483091009949028355
1483091010490089472
1483091010578116612
1483091010343346176
1483091011635138566
1483091011798814720
1483091011953995788
1483091012247605251
1483091012255981572
1483091012998340609
1483091013304524807
1483091013803687944
1483091014092935168
1483091013988139008
1483091014416052228
1483091014365573124
1483091014239887370
1483091014219091968
1483091014516715526
1483091014684454915
1483091015414153219
1483091015456018434
1483091015615533059
1483091015699423235
1483091015892443136
1483091016198631434
1483091016475283457
1483091016869724164
1483091017016520705
1483091017549385729
1483091017763016706
1483091018249609226
1483091018140499979
1483091018069258243
1483091018618527749
1483091018677465092
1483091018727706624
1483091019197464580
1483091019822415876
1483091019960827909
1483091020191617029
1483091021164683267
1483091021194207232
1483091021256957953
1483091021256867846
1483091021261164544
1483091021365800961
1483091021865103360
1483091021902741504
1483091022511026177
1483091022557360128
1483091022745903104
1483091023190495247
1483091023186513920
1483091024167804928
1483091024490733577
1483091024843091969
1483091025786724355
1483091025946107904
1483091025782521856
1483091026059436032
1483091026642632704
1483091026726248454
1483091026357141506
1483091027003154440
1483091027430817793
1483091027921711104
1483091027791691780
1483091027946844160
1483091028349497353
1483091028030726153
1483091027883876356
1483091028089671680
1483091029368709128
1483091029465174021
1483091029574172672
1483091029808992257
1483091030534729733
1483091031419756547
1483091031683780609
1483091032199811073
1483091032543744006
1483091032715767813
1483091033403633666
1483091034334580737
1483091034804727809
1483091034942885896
1483091035047739395
1483091035311988741
1483091035630747650
1483091035353985029
1483091035844538371
1483091036528390146
1483091037396549634
1483091037488758787
1483091037253951498
1483091037857976320
1483091038105665537
1483091038071787520
1483091040877744130
1483091040613675011
1483091041460891650
1483091041544998912
1483091042157174788
1483091041498640384
1483091043256000514
1483091043553665028
1483091043734065154
1483091043834867719
1483091044283600900
1483091044770234382
1483091044652797963
1483091046015897600
1483091045936152584
1483091046447730692
1483091046502436867
1483091046947069952
1483091048008237056
1483091048356364300
1483091048696012800
1483091048985513987
1483091048834424833
1483091049115443205
1483091049954394118
1483091049606414340
1483091050474483717
1483091050763886596
1483091051208482819
1483091051166552070
1483091051472695298
1483091051720097793
1483091051732733957
1483091051783016454
1483091052080816128
1483091052231806981
1483091052731023374
1483091052785725442
1483091053636997125
1483091053628514312
1483091053930557445
1483091053989310464
1483091053515317249
1483091054463180808
1483091054715084802
1483091054920351748
1483091055323107328
1483091055536840709
1483091055620902912
1483091056224833541
1483091056346415111
1483091056132452352
1483091056472252420
1483091056568586242
1483091056564580361
1483091057612972035
1483091057214697473
1483091057617383430
1483091057797705733
1483091058112307205
1483091057877344260
1483091057764089861
1483091058519117824
1483091058611429386
1483091058494001153
1483091059261333505
1483091059332820994
1483091060377194496
1483091060423340044
1483091060683419652
1483091061098487817
1483091060691722241
1483091061975171078
1483091062365515783
1483091062751211532
1483091062633611266
1483091064080719872
1483091064181374983
1483091064403763201
1483091064512778241
1483091064676397056
1483091065133580293
1483091065435480067
1483091065485860867
1483091065540595721
1483091065594789889
1483091066614026240
1483091066522079233
1483091066731769858
1483091066605965327
1483091066811297794
1483091067008339969
1483091067683545090
1483091067817713665
1483091067863982085
1483091067994054657
1483091068572913666
1483091068493176840
1483091068690206720
1483091069365628941
1483091069378125827
1483091069541703680
1483091069952663554
1483091070183428100
1483091070485291019
1483091070573740032
1483091071764729858
1483091071714443272
1483091071853002753
1483091072603811841
1483091072892997638
1483091073077555201
1483091073689956357
1483091074713362436
1483091075090640898
1483091074293841924
1483091074860163072
1483091074126336000
1483091075078459394
1483091075732496385
1483091075795456004
1483091075938062338
1483091076852641794
1483091077217218560
1483091077112422406
1483091077288628234
1483091078194810882
1483091078278524932
1483091078462857220
1483091078840389635
1483091078882336770
1483091079121543169
1483091079096381440
1483091079423569927
1483091079243378690
1483091079054385159
1483091079851347969
1483091080060944391
1483091081176694787
1483091081633972232
1483091082191720451
1483091082653179912
1483091083064139783
1483091083898748933
1483091084053991431
1483091084704194571
1483091084624412675
1483091084897136646
1483091085387874305
1483091084863488000
1483091085576798210
1483091085442568192
1483091086260137987
1483091086444744716
1483091086688010240
1483091086620958726
1483091087056990208
1483091087124316168
1483091087887679491
1483091088235634688
1483091089410396160
1483091088957186051
1483091089779220486
1483091090978881536
1483091091016585219
1483091091045814277
1483091091419443200
1483091091767369735
1483091092258107400
1483091092212002821
1483091091847282696
1483091092501409793
1483091092778197006
1483091093591924749
1483091094485315588
1483091095009513472
1483091095391129601
1483091095319896070
1483091095726682112
1483091096276193282
1483091097517801484
1483091097643589635
1483091097509580807
1483091096972447757
1483091098012635137
1483091098348277767
1483091098520244226
1483091098872344578
1483091098948022273
1483091099421839362
1483091099522588673
1483091099572920333
1483091099614916608
1483091099832967173
1483091100130701313
1483091099799461890
1483091100206202880
1483091100495609857
1483091100529266699
1483091100189425666
1483091100692844548
1483091101091307525
1483091100827066373
1483091101917581319
1483091101972148225
1483091102253174784
1483091102601203713
1483091102362128388
1483091103180111880
1483091103226429450
1483091103549169667
1483091103976939521
1483091103993802760
1483091104287367169
1483091104358617090
1483091104828469248
1483091105403056131
1483091105285554176
1483091105000620034
1483091105633779716
1483091105637879816
1483091105885397000
1483091106363768839
1483091106229280777
1483091106220974084
1483091107026251781
1483091107860914180
1483091108045414405
1483091108393586690
1483091108343296003
1483091108704006147
1483091108871684099
1483091108783665158
1483091106699137028
1483091108347670530
1483091109119238146
1483091109156990982
1483091109496692748
1483091109790289920
1483091110008291329
1483091110885203978
1483091110910173185
1483091111404965889
1483091111455297541
1483091111488876546
1483091111577100292
1483091112600473601
1483091112516591619
1483091112831107077
1483091113045118978
1483091113238052869
1483091113166598145
1483091113410011139
1483091113745518593
1483091114420801539
1483091114701860869
1483091116639592458
1483091117109350402
1483091117268774915
1483091117923000321
1483091118078275584
1483091118216847362
1483091118145294337
1483091118472318982
1483091119122567172
1483091119634358272
1483091119877783552
1483091120343207940
1483091120653541382
1483091120921980928
1483091120829734916
1483091121295265792
1483091121580515335
1483091121852989442
1483091122045927425
1483091122209443842
1483091122394210304
1483091122599649291
1483091122243129346
1483091122926886912
1483091123203624962
1483091123623112715
1483091124390670337
1483091124533469184
1483091124596219911
1483091124969517059
1483091124889612288
1483091124940165120
1483091124919099395
1483091125049114625
1483091125007224834
1483091125695139840
1483091126005477382
1483091126177337346
1483091126223581185
1483091126295068678
1483091126676561923
1483091127028924420
1483091127133945858
1483091127305895937
1483091127460937729
1483091127909724162
1483091129436459010
1483091129717436419
1483091130124226560
1483091130015227904
1483091130434609154
1483091130560528384
1483091130577260545
1483091132338876419
1483091132607176705
1483091132263415819
1483091132594757642
1483091132834005001
1483091133173575681
1483091133467140096
1483091133630763023
1483091134385893383
1483091135358812160
1483091135736258568
1483091136260542466
1483091136239398914
1483091136570966023
1483091136533127170
1483091136642224129
1483091136403156997
1483091137351012358
1483091137569067009
1483091137426558977
1483091137711656964
1483091138248642563
1483091138429046790
1483091138512838659
1483091138705825792
1483091139251027979
1483091139527774210
1483091139586629632
1483091139993427970
1483091140756787201
1483091140983328772
1483091141729959942
1483091141767663616
1483091141696364561
1483091141910216705
1483091142296092676
1483091142212300801
1483091142531076100
1483091142669488132
1483091142677778434
1483091141881135108
1483091142786879491
1483091143256514565
1483091143520837632
1483091143592083458
1483091144259026952
1483091144309415936
1483091144552890369
1483091144967966727
1483091145542488076
1483091146096234497
1483091146532442117
1483091146272296967
1483091146557595648
1483091146729566210
1483091146826002446
1483091146930671618
1483091146809167874
1483091147060875264
1483091147660697603
1483091147719327746
1483091147908317184
1483091147849404425
1483091149199970306
1483091149573472256
1483091149585854470
1483091149816582154
1483091150034464773
1483091150881886209
1483091150844088325
1483091151120912384
1483091150986698754
1483091151124983808
1483091151376769027
1483091151825608709
1483091151779504141
1483091152559562757
1483091153209761793
1483091154036039685
1483091154312777730
1483091154690269189
1483091154971537411
1483091154929434629
1483091155583602692
1483091155726176256
1483091155726192644
1483091155411935234
1483091156053291008
1483091156619644931
1483091156913336320
1483091156951093251
1483091157429202945
1483091157521518597
1483091157731233803
1483091159119446017
1483091159291359232
1483091159220211717
1483091159446654978
1483091159521972224
1483091159786340353
1483091160151126018
1483091160210055176
1483091160587460615
1483091160767680512
1483091161187328009
1483091161262788611
1483091161325658112
1483091161594146817
1483091161724203011
1483091162164518912
1483091162265227274
1483091162688888832
1483091162713841669
1483091163485818889
1483091164551122953
1483091164945285120
1483091165205389316
1483091165398372356
1483091165457047554
1483091165524152320
1483091165666758657
1483091165763325954
1483091166023278597
1483091166165966859
1483091166610354179
1483091167285858306
1483091167818526722
1483091167755579392
1483091168149880834
1483091168145592320
1483091168858554368
1483091169488023554
1483091170003664899
1483091170079256576
1483091170230108162
1483091170830041096
1483091171001913347
1483091171240861698
1483091171660419082
1483091172738449414
1483091173568827399
1483091174193774594
1483091174470656001
1483091175355650051
1483091175238258690
1483091175657680902
1483091176135671810
1483091176454598658
1483091176676896770
1483091176999862280
1483091177490558977
1483091177347837955
1483091177725632517
1483091178098622464
1483091178216214528
1483091178878902275
1483091179810230276
1483091180053090305
1483091180313366533
1483091181361844231
1483091181969948674
1483091181915766790
1483091182326538245
1483091181928128517
1483091183442223105
1483091184444743681
1483091184532996097
1483091184595750915
1483091184931254280
1483091185556148228
1483091185623531525
1483091185812099079
1483091185854029838
1483091186151792643
1483091186701279236
1483091186650914817
1483091186919387145
1483091187347173379
1483091187556884480
1483091188857122823
1483091188895088643
1483091188987142150
1483091189838630912
1483091190262034436
1483091190539034629
1483091190652178433
1483091190593425411
1483091190723530755
1483091190945832960
1483091191302397952
1483091192049029123
1483091192531537924
1483091192762015745
1483091193684652032
1483091193546383366
1483091193860820992
1483091194158759941
1483091194867560448
1483091194896920579
1483091194892718080
1483091196138463239
1483091197380145152
1483091197908430848
1483091198197723138
1483091198281670666
1483091198487183361
1483091198537613320
1483091198864732168
1483091198772494343
1483091199137222656
1483091198977921025
1483091199057702918
1483091199389048833
1483091198718128129
1483091199611203588
1483091199741341696
1483091199850332165
1483091199518990338
1483091200169021442
1483091200609554432
1483091201012162564
1483091201083711492
1483091201486168064
1483091202245279750
1483091203272978442
1483091203402915847
1483091204548009984
1483091204988362760
1483091204451487744
1483091205126868992
1483091205420466186
1483091205546299392
1483091205718167555
1483091206028480512
1483091206171430915
1483091206272065545
1483091206188023817
1483091207127543808
1483091207798632457
1483091207781818372
1483091207945392129
1483091207857213441
1483091208230502401
1483091208368971777
1483091208482271234
1483091208322830338
1483091208943587329
1483091208872337409
1483091209107222530
1483091209212071941
1483091209954418694
1483091211032301570
1483091211992903689
1483091211707686927
1483091212122955787
1483091212026494979
1483091212764528645
1483091213175640065
1483091213276352517
1483091213276352516
1483091213322702852
1483091213523763201
1483091214001917955
1483091214433882112
1483091215335976961
1483091215738363906
1483091215742640133
1483091215990013955
1483091216187236356
1483091216170377222
1483091216451387393
1483091216480808974
1483091216938020865
1483091215646183431
1483091216908566533
1483091217789632516
1483091218695593990
1483091219089666050
1483091220872192011
1483091220830244870
1483091221606195205
1483091221945925632
1483091221778243588
1483091222306881537
1483091222969389060
1483091223577772032
1483091223850086400
1483091223942422535
1483091224642961408
1483091224642924553
1483091224848322574
1483091224240455680
1483091224827678720
1483091225221677061
1483091225548779520
1483091225548840965
1483091225800581122
1483091226589081604
1483091226811412482
1483091226991681536
1483091227386183681
1483091227763347458
1483091227310702594
1483091227725623300
1483091228602347529
1483091229390815240
1483091229525086208
1483091229952942086
1483091229961240583
1483091229600624646
1483091230305234950
1483091230313656327
1483091228883312650
1483091230481334275
1483091230842105861
1483091230846337029
1483091230942810116
1483091231336976386
1483091231362138116
1483091231827582977
1483091232100593667
1483091233593511944
1483091233568264192
1483091234629603328
1483091234876841984
1483091236374204418
1483091236445687808
1483091236655271936
1483091236856778752
1483091236613464064
1483091237653516289
1483091237712314371
1483091237636689921
1483091237599006721
1483091237871800322
1483091238555467785
1483091239796981763
1483091240279326721
1483091240585465866
1483091240543715335
1483091241122283522
1483091241059463177
1483091241411780609
1483091240878964736
1483091242007371777
1483091242024161280
1483091242271621127
1483091242204692482
1483091242317754375
1483091243961827328
1483091244767399937
1483091244813271046
1483091244997746692
1483091245933211654
1483091245958410241
1483091247275388930
1483091247359270914
1483091247640285190
1483091248231874564
1483091248227536902
1483091248084828163
1483091249150242817
1483091249318219777
1483091250379202578
1483091250400174080
1483091251348004868
1483091251398422533
1483091251578560518
1483091252539052032
1483091253508161544
1483091253508161538
1483091252908331010
1483091253839339524
1483091254007058432
1483091254212763650
1483091254560935941
1483091254573694976
1483091255085076482
1483091255177449473
1483091255986999301
1483091256070873088
1483091257538887689
1483091257996025856
1483091257815666688
1483091257723338755
1483091258549719044
1483091258667118595
1483091258822246401
1483091258935750662
1483091259195596801
1483091259191398414
1483091259178860545
1483091259124330496
1483091259401162764
1483091259862441990
1483091259942182914
1483091261284585473
1483091260579938306
1483091261401743366
1483091262739783680
1483091263180132354
1483091263302029318
1483091263809331209
1483091264119574532
1483091265101213699
1483091265000460290
1483091265394782210
1483091265449304069
1483091265533411329
1483091265541525516
1483091266309169163
1483091266162331649
1483091266279813125
1483091266783125510
1483091266866925577
1483091268045787145
1483091268251095043
1483091268913840130
1483091269509595141
1483091269773582341
1483091269769474049
1483091270763438091
1483091270687985665
1483091270943883265
1483091271078060035
1483091271128391690
1483091271908478976
1483091272168804353
1483091272592248840
1483091273116487690
1483091273146073092
1483091273061961735
1483091273880043520
1483091275016515588
1483091274534109185
1483091274492223488
1483091275502915585
1483091276358639619
1483091276614488071
1483091276648140808
1483091277277065217
1483091277352779782
1483091277105475584
1483091277491097603
1483091277738614785
1483091277113868289
1483091277705277442
1483091278711513089
1483091279055663106
1483091278309228544
1483091279802257413
1483091279470899204
1483091280418770950
1483091280649277443
1483091280620134401
1483091281798926336
1483091281391890436
1483091282633564160
1483091282599854083
1483091282746556418
1483091283010850817
1483091283010895872
1483091283107270657
1483091285250822147
1483091284697010177
1483091285166723081
1483091285405847556
1483091285485490180
1483091284843765764
1483091285594435584
1483091285456179212
1483091285825265672
1483091285820981251
1483091286307610624
1483091286357950471
1483091286173401090
1483091287083565065
1483091287054209027
1483091287221936135
1483091288425697283
1483091287725293571
1483091288949932039
1483091289285357569
1483091289713299458
1483091289960853513
1483091290187341826
1483091290690658304
1483091290808098816
1483091290896150537
1483091291286159363
1483091291911163905
1483091292313817097
1483091292653604875
1483091293022695430
1483091293102354452
1483091294478086156
1483091294578749445
1483091294817824774
1483091294889123841
1483091295132426245
1483091295627354119
1483091296495489025
1483091296352968711
1483091297250562053
1483091298273959939
1483091299100241922
1483091299691606019
1483091299515650049
1483091299905458183
1483091299897073667
1483091299922239488
1483091300542988294
1483091300790407168
1483091300756905990
1483091300924760075
1483091302023680006
1483091302300454914
1483091302476562438
1483091302485008388
1483091302312988679
1483091302879313920
1483091304213106691
1483091304544231424
1483091304942911495
1483091305081098240
1483091305186029568
1483091306297671684
1483091306935164932
1483091307165855750
1483091307555872770
1483091307753086979
1483091307757293572
1483091307887222788
1483091308235341825
1483091309170761730
1483091309430640640
1483091310370340866
1483091310194176003
1483091310932283393
1483091311125274630
1483091311548936196
1483091311611817989
1483091311720906763
1483091312874242048
1483091313696329728
1483091314216521728
1483091314338111493
1483091314505830402
1483091314136727555
1483091315059396608
1483091315013337098
1483091315155996678
1483091314665299969
1483091314841427972
1483091316049334275
1483091316322021382
1483091317290778624
1483091317840400392
1483091317970329600
1483091318532640777
1483091319119568899
1483091319031574529
1483091319807348738
1483091320331640837
1483091320222724098
1483091320562499587
1483091320683991042
1483091321099366405
1483091321225039874
1483091321254563846
1483091321321664512
1483091321598496771
1483091321707540484
1483091322407993344
1483091322470862848
1483091322156519425
1483091322730958860
1483091322777088008
1483091323121209349
1483091323288645636
1483091323385040896
1483091323615776772
1483091323737579521
1483091324358348802
1483091325318832137
1483091325323218945
1483091325444816902
1483091325407100928
1483091326132359174
1483091326862348297
1483091327403405321
1483091327311130625
1483091327931887617
1483091327910830085
1483091328120639490
1483091327986413568
1483091328212901897
1483091328456171528
1483091328997203971
1483091329081040901
1483091329349468162
1483091330020839426
1483091330079375366
1483091330062594048
1483091330075336707
1483091329001263104
1483091330284736516
1483091330339377154
1483091330624630788
1483091330775793664
1483091330905653249
1483091331325075461
1483091332209987585
1483091332335874050
1483091332486864896
1483091334340784135
1483091334785384452
1483091334583963653
1483091335745884163
1483091335909625859
1483091336005926912
1483091336341430276
1483091336245149697
1483091336333086728
1483091336488230913
1483091335905222662
1483091336903499776
1483091337796894726
1483091338086461445
1483091338417479681
1483091338380058630
1483091338694434816
1483091338761539585
1483091338916773890
1483091338862243840
1483091339260706819
1483091339571048455
1483091339298455557
1483091339705294850
1483091340162310144
1483091340229591042
1483091340401332225
1483091340720320513
1483091340871278598
1483091341295091715
1483091341563203587
1483091341991108610
1483091342200872964
1483091342163070981
1483091343329181707
1483091344721543176
1483091345342439429
1483091345665318916
1483091346055442442
1483091346386821127
1483091346403762176
1483091346441355269
1483091346617417730
1483091347267633152
1483091347300962304
1483091347611402243
1483091347385069571
1483091347699650562
1483091348173508613
1483091349054398464
1483091348978819081
1483091349264121857
1483091349159264256
1483091349566066688
1483091349805142020
1483091350601932802
1483091351277342723
1483091351365378049
1483091351759638529
1483091351445114882
1483091351843581952
1483091351986180096
1483091352397266956
1483091353005346820
1483091353340948487
1483091353705852928
1483091354926600193
1483091355136049158
1483091355203158024
1483091355169665031
1483091355416993795
1483091356088164352
1483091356021100547
1483091355740131330
1483091357384298502
1483091357816299520
1483091357921067008
1483091357908488196
1483091357887602690
1483091358394957824
1483091358499975181
1483091358747627523
1483091359330443268
1483091359829569538
1483091359976210433
1483091359581962243
1483091360903090181
1483091361289183241
1483091361498861569
1483091361779888131
1483091362018955271
1483091362975457283
1483091363373662213
1483091363642036225
1483091364145418243
1483091364237688833
1483091365147906048
1483091365282074627
1483091365324070916
1483091365848301570
1483091366037049346
1483091365957361665
1483091367375294473
1483091366997549059
1483091367488278528
1483091367681220610
1483091367647748103
1483091368406827015
1483091368612270080
1483091369715400707
1483091370097135620
1483091370730528771
1483091370155950087
1483091372638982150
1483091372563472384
1483091372349480960
1483091373595271172
1483091374127955978
1483091374236848129
1483091374769639427
1483091374891474947
1483091376367669251
1483091376313335816
1483091376673890312
1483091376782856198
1483091377026224135
1483091377303040002
1483091377856598028
1483091378364112901
1483091378762498051
1483091378787667975
1483091379152887810
1483091379190472708
1483091379395780614
1483091379735646212
1483091380239011842
1483091380612308992
1483091380545232896
1483091381199548422
1483091381514031118
1483091381824688129
1483091382067679236
1483091382609022978
1483091382831091713
1483091383351406600
1483091383602843655
1483091384269946884
1483091384521433091
1483091384550805509
1483091385569976330
1483091385557336073
1483091385951653890
1483091385834221572
1483091386996076561
1483091387117875201
1483091387625222148
1483091388195610624
1483091387654414338
1483091388346556421
1483091388766031876
1483091388745105418
1483091388468277250
1483091389118304257
1483091389445382146
1483091389785296897
1483091390431125506
1483091390984826884
1483091391177707520
1483091391802654724
1483091391836217349
1483091392146685956
1483091392280899586
1483091392633217024
1483091392604049415
1483091394575089675
1483091394562433029
1483091395242086401
1483091395342598150
1483091395397427208
1483091395644637190
1483091396009644041
1483091396097716228
1483091396223512576
1483091396110213128
1483091396307427328
1483091396462534659
1483091396903030785
1483091397607628802
1483091397800390664
1483091398136311812
1483091398861549568
1483091399407030274
1483091399390253063
1483091399918567427
1483091399906054154
1483091400904171524
1483091400765882371
1483091400359133190
1483091400921128960
1483091400841478149
1483091402028371970
1483091402108006403
1483091401952927747
1483091402292613123
1483091402355404803
1483091402808508418
1483091403177607175
1483091403513077762
1483091403253370880
1483091404196823046
1483091404356296706
1483091404054319114
1483091405031493640
1483091405174194179
1483091405438599168
1483091405941534720
1483091405983535105
1483091406415704068
1483091406822547458
1483091407875280902
1483091408626065414
1483091408638652424
1483091409125052418
1483091409221533699
1483091407795593221
1483091409318170624
1483091409649422340
1483091409787924480
1483091410274459652
1483091410689708041
1483091411704565768
1483091411595669511
1483091412325257217
1483091412556132358
1483091413155917830
1483091413046902786
1483091412849729536
1483091413654986759
1483091414091288585
1483091414682861571
1483091414800117762
1483091414930141189
1483091415076909064
1483091416385523720
1483091416301584388
1483091417874452483
1483091417983500291
1483091418025545732
1483091418058952707
1483091418109427712
1483091418289967110
1483091418348494850
1483091418549784582
1483091419053137921
1483091419296374786
1483091419489308675
1483091419665473536
1483091419971600385
1483091419795492868
1483091419992576010
1483091420504367110
1483091421154402306
1483091421108350981
1483091421661995012
1483091421360017410
1483091422463111173
1483091423339880457
1483091423667064844
1483091423360602117
1483091423792611330
1483091423905947653
1483091424543453185
1483091425071968256
1483091425038381057
1483091425453613056
1483091425537499136
1483091425831141380
1483091426519011337
1483091427185684480
1483091427320119300
1483091427550810112
1483091427928141824
1483091429060902916
1483091429282832384
1483091429920550914
1483091429924777990
1483091430461657092
1483091430503505921
1483091431195652099
1483091430725750787
1483091431472472066
1483091431598219270
1483091431799590919
1483091431849877510
1483091432101588999
1483091432139214849
1483091432466534403
1483091432583872516
1483091432743317512
1483091432823042053
1483091433053724675
1483091433431224322
1483091433619873794
1483091433124884482
1483091434454536193
1483091434702053379
1483091432072048641
1483091434752421890
1483091434941165569
1483091434492383237
1483091434853093380
1483091435096268804
1483091435293446150
1483091435377381386
1483091435125719040
1483091436056707075
1483091436329439238
1483091436249788417
1483091436694294531
1483091436719550470
1483091436488830983
1483091436975403013
1483091436992090112
1483091438137057282
1483091438376259584
1483091438980067328
1483091439445753858
1483091439483596800
1483091440456826881
1483091440657960963
1483091441203171331
1483091441324802053
1483091441706577933
1483091442532864001
1483091444009160710
1483091444235706370
1483091443766165505
1483091444764131328
1483091444466335752
1483091445695275012
1483091445825544196
1483091446643232771
1483091447003942916
1483091447976906756
1483091448228728836
1483091448673095685
1483091449650499590
1483091449634000898
1483091449818275841
1483091450107932675
1483091450430640137
1483091450581692418
1483091451265253379
1483091451298959369
1483091451491729409
1483091452083245063
1483091452402212870
1483091452548812811
1483091452880113665
1483091453169577984
1483091453924499457
1483091453689708550
1483091455199559683
1483091455145308162
1483091455291932679
1483091456223031298
1483091457300959236
1483091457539985408
1483091457661710338
1483091457732976649
1483091457808416775
1483091458039160834
1483091458181709824
1483091458202607618
1483091458332704772
1483091458525650947
1483091458815053829
1483091459175768066
1483091459209322505
1483091459456880646
1483091459217969157
1483091461373833221
1483091461835001863
1483091461163864064
1483091462220922887
1483091462409621504
1483091462573068290
1483091462866845697
1483091462812315648
1483091463659479048
1483091463756034048
1483091464020459521
1483091464137494533
1483091464779350016
1483091464850604034
1483091465131765771
1483091465467273219
1483091465714679809
1483091465832181765
1483091466150760450
1483091466616389635
1483091466654085121
1483091467078082562
1483091467266633730
1483091467694395399
1483091467870646273
1483091468231360514
1483091467874754560
1483091468675866626
1483091469162459142
1483091469414146050
1483091469460295683
1483091469552472065
1483091470827417600
1483091470743703562
1483091471309983748
1483091472249413632
1483091472375508992
1483091473440833538
1483091473558302721
1483091473893634054
1483091475344904198
1483091475512668162
1483091475713990660
1483091475730767878
1483091476015984640
1483091476561203211
1483091477131636738
1483091477496578057
1483091478020870148
1483091478352121858
1483091478880608260
1483091479308472325
1483091479283511298
1483091480294342657
1483091480445079553
1483091480730349570
1483091480826859520
1483091481644748811
1483091481699274753
1483091482248679425
1483091483448295425
1483091483603390468
1483091482924163075
1483091483888603139
1483091483959959555
1483091484123570178
1483091484333297665
1483091484647829516
1483091484597538819
1483091485323153408
1483091485515943936
1483091485625143298
1483091485553836035
1483091486053113862
1483091486182981641
1483091486619099143
1483091486690398213
1483091487697027076
1483091488460341248
1483091488565202944
1483091489085403148
1483091488988880897
1483091489307693057
1483091489345490948
1483091489504874504
1483091490242973702
1483091490976976903
1483091491094474759
1483091491018854403
1483091491660705797
1483091491878850562
1483091492231069699
1483091492549898240
1483091492675768320
1483091492906618884
1483091493153824771
1483091493493493760
1483091493585833992
1483091493774512130
1483091493871095808
1483091494143774725
1483091494181478400
1483091494626111495
1483091494919675908
1483091495439712260
1483091495691370503
1483091495750090755
1483091495762956291
1483091496047984645
1483091496253415429
1483091496005947397
1483091495158976515
1483091496932945924
1483091497000050693
1483091497067159561
1483091497541160968
1483091497956302855
1483091497851445253
1483091498765795331
1483091498904215552
1483091498895753220
1483091498891722762
1483091499608940544
1483091500170948608
1483091500451962883
1483091500493938692
1483091500883927042
1483091500640575488
1483091501093728259
1483091501131476995
1483091501379129345
1483091501873864704
1483091501857050637
1483091502842720257
1483091502461079552
1483091503132012545
1483091503534600192
1483091504667271169
1483091505103663104
1483091505405440008
1483091505287811072
1483091506521153539
1483091506743242754
1483091508647669766
1483091509406691330
1483091509306089472
1483091509339697162
1483091509536772106
1483091509650022403
1483091510224515072
1483091510841290756
1483091510908309512
1483091511084564483
1483091511097102345
1483091511122165761
1483091511583588352
1483091512061620226
1483091512183312388
1483091511973720070
1483091512195878920
1483091512388849664
1483091513114435584
1483091513231904769
1483091513320087559
1483091513240346626
1483091513173184513
1483091513663967239
1483091513823227906
1483091514138017797
1483091514192502785
1483091514158944257
1483091514473340931
1483091514343538688
1483091514767065098
1483091514985177095
1483091515098292228
1483091515144552448
1483091515576492036
1483091515115249666
1483091516285501447
1483091516654505990
1483091516692205568
1483091517879328774
1483091517971566600
1483091518743265289
1483091518734884872
1483091519112425474
1483091519632547840
1483091519800320002
1483091519833841670
1483091520026669057
1483091518382817281
1483091520525942784
1483091522773942273
1483091522606276612
1483091522853928965
1483091522983796738
1483091522656612356
1483091522392231941
1483091523461959684
1483091523931873280
1483091524338565121
1483091524997066764
1483091525714202625
1483091525978361859
1483091526238486530
1483091526632849410
1483091527115149312
1483091527643586567
1483091527614316545
1483091527761108993
1483091528872456192
1483091529333809152
1483091529153536000
1483091530042777606
1483091530135052297
1483091530281885702
1483091530357575681
1483091530529349634
1483091530768334855
1483091531099738118
1483091530982346758
1483091531246546947
1483091530772811777
1483091532513255430
1483091532605448202
1483091532429533186
1483091532966023169
1483091533230325760
1483091533473665038
1483091533608144899
1483091533616271363
1483091534090104835
1483091534530564101
1483091534853689352
1483091534903980039
1483091535323353088
1483091536246198273
1483091536044642306
1483091536917184517
1483091538469322753
1483091538322284547
1483091539463221248
1483091539324960769
1483091539773452291
1483091540025257985
1483091539979120647
1483091539937173508
1483091540813692928
1483091540776034310
1483091541040279555
1483091541111734272
1483091541400952841
1483091541317271560
1483091541879103495
1483091541761605632
1483091542562811907
1483091542638219272
1483091543045165056
1483091544257499138
1483091543628128256
1483091544831787008
1483091544630788096
1483091545163186178
1483091545612251137
1483091545687531520
1483091546241122305
1483091545695956992
1483091546555748364
1483091546748735488
1483091546803097607
1483091547436765187
1483091549214973953
1483091549487607812
1483091549588279299
1483091550150316039
1483091550733320192
1483091551165235206
1483091551840579589
1483091552515801089
1483091552620658690
1483091553702887430
1483091554659143682
1483091554839547905
1483091554814537737
1483091554952781825
1483091555791552519
1483091555854528516
1483091557062520837
1483091557926514693
1483091558320812042
1483091558752735250
1483091559386324994
1483091559281270784
1483091560451428355
1483091560438935552
1483091560568811520
1483091560858325000
1483091561164460037
1483091560074027013
1483091561374261251
1483091563395772416
1483091563681312773
1483091564595400708
1483091564859731968
1483091565383925766
1483091565354627074
1483091565723725827
1483091566075990024
1483091567212646404
1483091567401652229
1483091567439192066
1483091568118669319
1483091569636900864
1483091569989550080
1483091571146956809
1483091571579006980
1483091572929486854
1483091572321312775
1483091573277609986
1483091573273513986
1483091574179438599
1483091574389198849
1483091574448078860
1483091574779093003
1483091574867304448
1483091574796034054
1483091574900891655
1483091575093616648
1483091575211102217
1483091575685238784
1483091576347897866
1483091576389832709
1483091575643295755
1483091576096235524
1483091577169981444
1483091577631346695
1483091577836916736
1483091577757224974
1483091578075979776
1483091578768044038
1483091579183443973
1483091579648851971
1483091579615199233
1483091579451629573
1483091580776894465
1483091581028626434
1483091581225865222
1483091581674700804
1483091582488297480
1483091582735761412
1483091583364907016
1483091583385886721
1483091583557845006
1483091583813951495
1483091584707178500
1483091584593899526
1483091585260785666
1483091584187043845
1483091586464550916
1483091587039064064
1483091587106504708
1483091587206946821
1483091588524183552
1483091588477825030
1483091588880420865
1483091588939395073
1483091589132169224
1483091589408952323
1483091590440701953
1483091591124422664
1483091591145394180
1483091591745130509
1483091592051404804
1483091592638570500
1483091593091555328
1483091593100148742
1483091593187840000
1483091593523793922
1483091594127544320
1483091594979192835
1483091595151179777
1483091595280977932
1483091595427606529
1483091595511709699
1483091596757409793
1483091597277515776
1483091597646573570
1483091597814337536
1483091597877260297
1483091598800035840
1483091599634620418
1483091599722696711
1483091600251236352
1483091600276439052
1483091600335151106
1483091600113016832
1483091600972595201
1483091600821653504
1483091601291419650
1483091601614323717
1483091603241811972
1483091603426316290
1483091603883540483
1483091604219047938
1483091603174871041
1483091604600729602
1483091605250785284
1483091605372522502
1483091605833854977
1483091605930135558
1483091606320435208
1483091606349754369
1483091606647492613
1483091606764929024
1483091606786174981
1483091607108866061
1483091607540977664
1483091607566094343
1483091608023220227
1483091608610426886
1483091608782389256
1483091609281613832
1483091610237763586
1483091610640523270
1483091610703474696
1483091612297318408
1483091612284641288
1483091612389412867
1483091613069066251
1483091613127692294
1483091612964163584
1483091613693927424
1483091614428012545
1483091614839021571
1483091614847410179
1483091615543615488
1483091612850872322
1483091616193732608
1483091616449630208
1483091616999092229
1483091617221595136
1483091617586233350
1483091617661739008
1483091617951383552
1483091618051858432
1483091618194468869
1483091618932658183
1483091619326959616
1483091619809304581
1483091620002103301
1483091619960262658
1483091620203487237
1483091620539117569
1483091620841013252
1483091620899794944
1483091621197406211
1483091621210210308
1483091621906464776
1483091622321602571
1483091626151010305
1483091626184560653
1483091626968891393
1483091627417784321
1483091627811880960
1483091628218716161
1483091628013281287
1483091628541702144
1483091628554395653
1483091628898271235
1483091630206951424
1483091630714507270
1483091631180070914
1483091631771373568
1483091631897260035
1483091631792349186
1483091632111210499
1483091632685830150
1483091633252048904
1483091633537110021
1483091633872977923
1483091633759531009
1483091634082529281
1483091634137014275
1483091633956691971
1483091635256930313
1483091635391111172
1483091635814678531
1483091635907051520
1483091636934557703
1483091636909391876
1483091636922073093
1483091637110775816
1483091637194702856
1483091637861588997
1483091637995724800
1483091638394183688
1483091638507479049
1483091638767472653
1483091639073599493
1483091639799267344
1483091640550051845
1483091641036689408
1483091641221136386
1483091642223673350
1483091642374623232
1483091642475167746
1483091642966056961
1483091642806681606
1483091642894589958
1483091643611770886
1483091644127789063
1483091644211736580
1483091644308246530
1483091644836687875
1483091644983382016
1483091645021233158
1483091645260353541
1483091645402857480
1483091646149541894
1483091646317318144
1483091646325665797
1483091646673793028
1483091647093100545
1483091647332294658
1483091647814672396
1483091648041320454
1483091648108240896
1483091648838045704
1483091649005826050
1483091650167681028
1483091650398224386
1483091650318680069
1483091650587279364
1483091651036069889
1483091651719536640
1483091652847702016
1483091652814249994
1483091652965289986
1483091652986216455
1483091653334339588
1483091653808193537
1483091654177431557
1483091654328426503
1483091654361989120
1483091654592630787
1483091654412230662
1483091654869454851
1483091655423143941
1483091655272153092
1483091656140378121
1483091656131981314
1483091656542801921
1483091656786206722
1483091657260212227
1483091658241712129
1483091659688714242
1483091659814432768
1483091659684564997
1483091659843903491
1483091659739086848
1483091659479003140
1483091661462769670
1483091661399867392
1483091663077654539
1483091663635558406
1483091664042446849
1483091664935731206
1483091665099403269
1483091665577398274
1483091665556578307
1483091665560784900
1483091665774694406
1483091666068254725
1483091666005331968
1483091667016200197
1483091667142193161
1483091667620175875
1483091667934662656
1483091668073074695
1483091668823855107
1483091669134331907
1483091669260111881
1483091669667000325
1483091669977382913
1483091670082236416
1483091669474062342
1483091670094606339
1483091670757515269
1483091670946263050
1483091671084670985
1483091671109681152
1483091671378235395
1483091672439345157
1483091672506552320
1483091673047572481
1483091673106235393
1483091673186193410
1483091673173352453
1483091673215348737
1483091672858828807
1483091673764843527
1483091673735389187
1483091673823338498
1483091674247094272
1483091674163458050
1483091674632970246
1483091674800795649
1483091676646285314
1483091676822323205
1483091676889497611
1483091677304832002
1483091677728239616
1483091678303035396
1483091678848339969
1483091679540305921
1483091681432023044
1483091681356431361
1483091681968861192
1483091681721430030
1483091683323650049
1483091683327758342
1483091683671969792
1483091683860381698
1483091683227373568
1483091683822940160
1483091684057563138
1483091685072637952
1483091685206896646
1483091685370433537
1483091685131313152
1483091685886562308
1483091686012108801
1483091686037377026
1483091687031332866
1483091687341760516
1483091688558145537
1483091689757720580
1483091689703157762
1483091690147749888
1483091690340724744
1483091690399408131
1483091690118340625
1483091690529300482
1483091691586277378
1483091691191947268
1483091691905200130
1483091692324626434
1483091692123303939
1483091692257710081
1483091692509089795
1483091693008490497
1483091693100584960
1483091693280931843
1483091693276737543
1483091693704466441
1483091693696167948
1483091694199271425
1483091694182621194
1483091694384041986
1483091694551719937
1483091695516491782
1483091695973535747
1483091696179163141
1483091696246300677
1483091695889747972
1483091696497930242
1483091696917307400
1483091697173254149
1483091697865211910
1483091698628628486
1483091699479973894
1483091699975036928
1483091699882766342
1483091700071419913
1483091699995971592
1483091699614330882
1483091700268650499
1483091700344098819
1483091700566441984
1483091701304639494
1483091702097272833
1483091702361604098
1483091702894133249
1483091703217246209
1483091703321956352
1483091703380779011
1483091704420970500
1483091705826099200
1483091706027429896
1483091706023067652
1483091706371317767
1483091707466072066
1483091707487227904
1483091708170616833
1483091708535615491
1483091708317351940
1483091709106003975
1483091709303181313
1483091709059813377
1483091709588385801
1483091709936480259
1483091710926336000
1483091711396044800
1483091711454760971
1483091711651889158
1483091710871810054
1483091712264359942
1483091712528764931
1483091712641843202
1483091712692076549
1483091713329704963
1483091713677840388
1483091714034343946
1483091714311139342
1483091714327908352
1483091714848051205
1483091714059702273
1483091715397656586
1483091716118757379
1483091716014231552
1483091716257329154
1483091716978577408
1483091717502943239
1483091717670768642
1483091717888774146
1483091718870380554
1483091719453351938
1483091720271278080
1483091720560599044
1483091720900329477
1483091721361711106
1483091721479200771
1483091721915453442
1483091721596674055
1483091722691305472
1483091722682912773
1483091722762698758
1483091723031138308
1483091722737438724
1483091723266199556
1483091723198906378
1483091723677052929
1483091724020817920
1483091724486463491
1483091724918534151
1483091725287632905
1483091726407503872
1483091727590244357
1483091728060067846
1483091728374583301
1483091728416612361
1483091728966074373
1483091729133842432
1483091729104322560
1483091730102722561
1483091730312351744
1483091730480394240
1483091731524603905
1483091731956396035
1483091732187205633
1483091732443107329
1483091732514238469
1483091732862406656
1483091732904484869
1483091732803862532
1483091733479051264
1483091734439546882
1483091734485958656
1483091734611599361
1483091734691209217
1483091735253237760
1483091735144431624
1483091735483928578
1483091735844687876
1483091735987339265
1483091736532422659
1483091736800993280
1483091737111416833
1483091737279143939
1483091737274994701
1483091737748901897
1483091738327662596
1483091739032367106
1483091739837710341
