1484209060593508361
1484209061113565191
1484209061365116928
1484209061570789380
1484209061075763208
1484209061721747459
1484209060228464645
1484209062552256514
1484209062300561418
1484209062610935818
1484209063126786056
1484209063412080643
1484209063487492103
1484209061709205505
1484209063470764034
1484209063491686403
1484209063709790219
1484209063642681350
1484209063961542658
1484209065102356486
1484209065316204545
1484209065710473216
1484209050065649665
1484208382944759810
1484209067023544321
1484209067769872393
1484209067761582085
1484209068424237059
1484209069477044232
1484209070139744259
1484209069917409283
1484209071251148809
1484209070328459274
1484209071704190978
1484209072090103814
1484209072354304009
1484209073574789124
1484209073742561283
1484209074036224002
1484209073927110659
1484209074426327040
1484209075038662660
1484209075206381568
1484209075273584644
1484209075558797319
1484209075693015049
1484209076124930058
1484209076485738499
1484209077840400389
1484209077785964547
1484209078335381519
1484209078335418371
1484209079493050371
1484209080134946816
1484209080323698689
1484209080566796301
1484209080814219264
1484209080680001537
1484209080927408132
1484209081153949703
1484209081183260676
1484209081187553288
1484209081774653440
1484209081925746688
1484209082395410433
1484209083670482944
1484209083620401153
1484209085486620672
1484209084958138369
1484209085671170059
1484209085889359877
1484209085318840321
1484209086233255944
1484209086573027333
1484209087151804421
1484209088179408910
1484209088477245444
1484209088854695940
1484209089295048704
1484209089932664833
1484209090440183811
1484209090666635270
1484209090750521346
1484209091199315969
1484209092025790467
1484209092331814917
1484209092432379904
1484209093074198529
1484209092931563525
1484209064024281091
1484209069682409476
1484209068449288193
1484209039638626307
1484209088468688898
1484209064699588608
1484209021204660226
1484209072006066177
1484209068486971393
1484209066582831105
1484209068411478017
1484209093111910411
1484209076435243008
1484209084517609475
1484209091178160129
1484209097335529487
1484209097096400898
1484209098174480387
1484209098178854915
1484209098560266241
1484209097536937990
1484209099101380615
1484209099755687940
1484209099940057090
1484209100024074244
1484209100292558852
1484209100309286915
1484209100535865354
1484209100636499971
1484209100527489033
1484209100779134989
1484209101013934092
1484209101295042560
1484209101525733379
1484209102158852098
1484209102201008133
1484209102540660740
1484208480705597442
1484208500746059777
1484208567968141312
1484208709358157828
1484208805663567873
1484205507682258947
