1543321538111410176
1543321540074254336
1543321541483560960
1543321542129598468
1543321542528040960
1543321542838345741
1543321542704381952
1543321543937122304
1543321543857651712
1543321545245921290
1543321546449633281
1543321548982992901
1543321548827901955
1543321549591265280
1543321549662343169
1543321550782332928
1543321551625494529
1543321554095951875
1543321557015175172
1543321558361554944
1543321558541774848
1543321559095422978
1543321559149948929
1543321563742756864
1543321563583463424
1543321564904570881
1543321564850044928
1543321566116823040
1543321567425400832
1543321568343953414
1543321569568645122
1543321571426799616
1543321571791601665
1543321574253682688
1543321577030402051
1543321578242449414
1543321578603151360
1543321578657796098
1543321579932852232
1543321580683419653
1543321581828485120
1543321586912092160
1543321588338155521
1543321588292263936
1543321589290307590
1543321590724567041
1543321592154963968
1543321592373051395
1543321592045993987
1543321593107169280
1543321593409159170
1543321594809819136
1543321596252790794
1543321597095862273
1543321597951475712
1543321598656143360
1543321599415185408
1543321600707203074
1543321601609023489
1543321602183790592
1543321604922527745
1543321604356296708
1543321605635465216
1543321606839119872
1543321606822535169
1543321607632031747
1543321608252694528
1543321609523662850
1543321609636806656
1543321610429599746
1543321610781728770
1543321610903584768
1543321611549417475
1543321612925423616
1543321616192458753
1543321616444436480
1543321614032556033
1543321616897044483
1543321617505435652
1543321618159734784
1543321621141696512
1543321622333083648
1543321622328877057
1543321623649853440
1543321626057777152
1543321626518978561
1543321626808311809
1543321627542392832
1543321627982794752
1543321628188508160
1543321629702459394
1543321630432174080
1543321630176313346
1543321633171161090
1543321636488765441
1543321637948358657
1543321639575846912
1543321639819018241
1543321641001881601
1543321640481718272
1543321642209890308
1543321642268508167
1543321642272641024
1543321643593990146
1543321646508830722
1543321648136261633
1543321651655368707
1543321652645216259
1543321652964036609
1543321653375078401
1543321655702966272
1543321655770058752
1543321656067854338
1543321657464750080
1543321657993236480
1543321660052230145
1543321660064993283
1543321660719353858
1543321661054734336
1543321661289553920
1543321661759438849
1543321663562866688
1543321664192008193
1543321664368398337
1543321666851258368
1543321669023830016
1543321669422530561
1543321669934014465
1543321673096642562
1543321674044653568
1543321674753290240
1543321675089039361
1543321677127458823
1543321679342014464
1543321679191064576
1543321679933280256
1543321680419999754
1543321680717783042
1543321681179074561
1543321681510408192
1543321682349363202
1543321683666223104
1543321684417150979
1543321685595750404
1543321686317096960
1543321685776121856
1543321690557530112
1543321691010781184
1543321691618566144
1543321691958390785
1543321692822446086
1543321693866934276
1543321697037692928
1543321697566203904
1543321697851506690
1543321699407368192
1543321702280486912
1543321704948432896
1543321706697297920
1543321707078995968
1543321706999300099
1543321707280318465
1543321708316176384
1543321709234749440
1543321710115672064
1543321711315419136
1543321712728612864
1543321712284033028
1543321713726857216
1543321714590814208
1543321714670460931
1543321715660439552
1543321717933854720
1543321718210629634
1543321720337170434
1543321721247174656
1543321722274717696
1543321722509840386
1543321723126284289
1543321723629494272
1543321725424717824
1543321725550592000
1543321726314070018
1543321726976753673
1543321728834850821
1543321730235727872
1543321730487312392
1543321730520793088
1543321732433469448
1543321733817634817
1543321733658058752
1543321734169956352
1543321734572658690
1543321736023883781
1543321736661409792
1543321738418814978
1543321738112634883
1543321741237395460
1543321742457831424
1543321743221194753
1543321743921520640
1543321744366129153
1543321744940965889
1543321746618695683
1543321747293757440
1543321749667938305
1543321750217310212
1543321752654061568
1543321753044373504
1543321753748914176
1543321754273292290
1543321755187650563
1543321755070042112
1543321756097732610
1543321757028945920
1543321758010318850
1543321758048129028
1543321758123581440
1543321758341730305
1543321759780245505
1543321760367607810
1543321761751736320
1543321762221400065
1543321763328585728
1543321763987292160
1543321764071198720
1543321765065244673
1543321766302449666
1543321766663229440
1543321766335983616
1543321767258664960
1543321769175564290
1543321769376882688
1543321770433855490
1543321771742486528
1543321771981639685
1543321772329562112
1543321772413648898
1543321772568842240
1543321773046763520
1543321773189390337
1543321773416095744
1543321773327917057
1543321774233903106
1543321774712098818
1543321774724485120
1543321774728904706
1543321775718670340
1543321776620392448
1543321777408843781
1543321777966833666
1543321778205892611
1543321778868699136
1543321779413962757
1543321782270443520
1543321782995886082
1543321784388313091
1543321785231450114
1543321785856167936
1543321786837659649
1543321788586725376
1543321791057301504
1543321791602380800
1543321792692989952
1543321793485758466
1543321793821384708
1543321794093907969
1543321794756501504
1543321794588790784
1543321795230666754
1543321795692036099
1543321796325294081
1543321796325285896
1543321800989446144
1543321801085882373
1543321801987657731
1543321808287539200
1543321808568459268
1543321813534609408
1543321814201339904
1543321814859931649
1543321815569035265
1543321815891722243
1543321817582034944
1543321817858949121
1543321818605535233
1543321819448365056
1543321818580254720
1543321820824326144
1543321823982518273
1543321825207361539
1543321825651970048
1543321825634988032
1543321826704740362
1543321828134903809
1543321829871439872
1543321831377174530
1543321831972769792
1543321832845344768
1543321834237607936
1543321834518679553
1543321836594905096
1543321836871622657
1543321836788002817
1543321838117199872
1543321841338462208
1543321841426743296
1543321841476915200
1543321842051559424
1543321842936680453
1543321843548971009
1543321845423697921
1543321846212354048
1543321848406065152
1543321848917753856
1543321849408487427
1543321850985562114
1543321852445163522
1543321851648217088
1543321852528959491
1543321853833379841
1543321854143631360
1543321854340915200
1543321854445867009
1543321855062417409
1543321855875883008
1543321857436549120
1543321857746563072
1543321858401079296
1543321858887614464
1543321858820423680
1543321858769948672
1543321860615467008
1543321860863033348
1543321861500858368
1543321862083645443
1543321862905774080
1543321863220301825
1543321864008769538
1543321864382005248
1543321865133129728
1543321868517588992
1543321869616443392
1543321871910948864
1543321872460390403
1543321874511237120
1543321874905845760
1543321875518033926
1543321875383828480
1543321875178291202
1543321876159549440
1543321876927090688
1543321877149532161
1543321878495985666
1543321878961573890
1543321879171268608
1543321880169431041
1543321881503305728
1543321881838764032
1543321882895781888
1543321883403517952
1543321883919192068
1543321886767169536
1543321888251736064
1543321889115762688
1543321889745113089
1543321890856599555
1543321891053572098
1543321891196248074
1543321893461164033
1543321892764934144
1543321895180836864
1543321895805730816
1543321896342769665
1543321897106116616
1543321897370353664
1543321899387817986
1543321899429666820
1543321899412889601
1543321902105513984
1543321903229571074
1543321903515013120
1543321903300874240
1543321904118906880
1543321904353644544
1543321905595285504
1543321905918124032
1543321906597842946
1543321906278912001
1543321907113574400
1543321907948392449
1543321909672247302
1543321910578135042
1543321912171831296
1543321913451171840
1543321913769934848
1543321916320075776
1543321917104410624
1543321917444108288
1543321918325100545
1543321918639570946
1543321918618492928
1543321919075893249
1543321920539697153
1543321920787054594
1543321922309701634
1543321922922061825
1543321924897591297
1543321926105309184
1543321926772441088
1543321927065841664
1543321927246180352
1543321927384702976
1543321927523209219
1543321927560753152
1543321927976210434
1543321928416509952
1543321929473736704
1543321930635153408
1543321931579117570
1543321931901984770
1543321933080510465
1543321934061920256
1543321934636761089
1543321935639093249
1543321936104677382
1543321937052442624
1543321937019129856
1543321937610301440
1543321937610285056
1543321938822500352
1543321939032375297
1543321939384606723
1543321941532090369
1543321941863432194
1543321942115069952
1543321943662788608
1543321943763554307
1543321943729922061
1543321944916893699
1543321946208833539
1543321948637249538
1543321948947681291
1543321950377967619
1543321951657234432
1543321951615488001
1543321956866572290
1543321957604761604
1543321958087008256
1543321958787457026
1543321959148277766
1543321960171671554
1543321961564196864
1543321962218487809
1543321963275460613
1543321964617637892
1543321964785258496
1543321966127489025
1543321966182113283
1543321966622416903
1543321966710513664
1543321967620591616
1543321968082042882
1543321968962781185
1543321969168330752
1543321970003087360
1543321971647193090
1543321971760431108
1543321973102616577
1543321974625120256
1543321974532935680
1543321975623491586
1543321977162792960
1543321978462953478
1543321979532591107
1543321978911657984
1543321980413231104
1543321981625348096
1543321983303032834
1543321983181537280
1543321983735177218
1543321984481779713
1543321984800546819
1543321984641138692
1543321991821885440
1543321992912404480
1543321993621098496
1543321993772208128
1543321994644447233
1543321995093323776
1543321996779454464
1543321997274480641
1543321997509369857
1543321998474067975
1543321998851543040
1543321999828729856
1543322001972109312
1543322002370760704
1543322002819514368
1543322003842613249
1543322008045453312
1543322010079608836
1543322011065204737
1543322012831035393
1543322013216956417
1543322014349492224
1543322013619601421
1543322014718590983
1543322015385501697
1543322015893012482
1543322016543117312
1543322016954171393
1543322017562128384
1543322018736738305
1543322025032159232
1543322027112677376
1543322027133747203
1543322027343622144
1543322027485970438
1543322029994217472
1543322031105576960
1543322033240436736
1543322033979027457
1543322034452692993
1543322035073388544
1543322035413196800
1543322035623022596
1543322037136945152
1543322037220950018
1543322038915715072
1543322038902968322
1543322040131796992
1543322041130127367
1543322042233143302
1543322042262511616
1543322042585448448
1543322042707189762
1543322043923447811
1543322043785134080
1543322044250587136
1543322046108557312
1543322047266189312
1543322047325294592
1543322047400628224
1543322049451540481
1543322050466652161
1543322051175489537
1543322052014198784
1543322052567961600
1543322052739866627
1543322054954557440
1543322055894077442
1543322056099504128
1543322057168916480
1543322057513000962
1543322057865248769
1543322059194998785
1543322059454832640
1543322060528795648
1543322061128343553
1543322061434658816
1543322061442990080
1543322061963149316
1543322063053549573
1543322067369480192
1543322067705425920
1543322068057354240
1543322071031332865
1543322071551336449
1543322075729100801
1543322076928348160
1543322077175971843
1543322078333394944
1543322078425874433
1543322079314993154
1543322080237613056
1543322081110069248
1543322080854286336
1543322081437237250
1543322081496076289
1543322084037861379
1543322085052891136
1543322085573152769
1543322085551771649
1543322085862375424
1543322086147604480
1543322086910750720
1543322087774896128
1543322089624567808
1543322094662029317
1543322094687211520
1543322094968111105
1543322095073067008
1543322096171855873
1543322096163557379
1543322096348037122
1543322098109558785
1543322098612940800
1543322100198526976
1543322100534022144
1543322101313990656
1543322101519716354
1543322102589259776
1543322103147102209
1543322105210626048
1543322105206415363
1543322110315077636
1543322111959252993
1543322112227770369
1543322112970178562
1543322113951485952
1543322114039504896
1543322114727575552
1543322115080069120
1543322118070452231
1543322118598758400
1543322119899009024
1543322121178271745
1543322121396375552
1543322124785418243
1543322125561380871
1543322127721545729
1543322128816168961
1543322129038315521
1543322129629736961
1543322130485477378
1543322130972016644
1543322131169148936
1543322132322701312
1543322133643677696
1543322140614823938
1543322141466103809
1543322142955036673
1543322143131303938
1543322143458484233
1543322146914566151
1543322146923057152
1543322147791290368
1543322148697260032
1543322149884252161
1543322149909196801
1543322152593756162
1543322153650634753
1543322155231809536
1543322160265138177
1543322161812672512
1543322165906391040
1543322166913077254
1543322166975922177
1543322167059922944
1543322169488224256
1543322171933503488
1543322174064320514
1543322175725346816
1543322176148844544
1543322178111807490
1543322180318011393
1543322181496672256
1543322182020993024
1543322182415069184
1543322184860549122
1543322185757913088
1543322186135482369
1543322190535335936
1543322190183120902
1543322190841425920
1543322191961280512
1543322193848946689
1543322194239004674
1543322194553368576
1543322195774038022
1543322195694211073
1543322197371998208
1543322199003734017
1543322199129559045
1543322199825829891
1543322201134211072
1543322201419653120
1543322202401013760
1543322204829515777
1543322205223882752
1543322206935064578
1543322207387955201
1543322209170718720
1543322209279680513
1543322210542055424
1543322211057934338
1543322211095822336
1543322213818007552
1543322214946070528
1543322216288468992
1543322216569491457
1543322216812761091
1543322217429221383
1543322217827680257
1543322219157258243
1543322219631316992
1543322221321809920
1543322222462263296
1543322224249159681
1543322225146679296
1543322225511731201
1543322225511927808
1543322225834479616
1543322227193561088
1543322227172597761
1543322227554353152
1543322230070956045
1543322231928983553
1543322233552089095
1543322234349051904
1543322234348978179
1543322234286182400
1543322236265779201
1543322236458786819
1543322242850832384
1543322244260184065
1543322245501554688
1543322245766025217
1543322244717371392
1543322247372460035
1543322247825219584
1543322248248967173
1543322248752283648
1543322250115432449
1543322250404773888
1543322251411353600
1543322252690718722
1543322253324066822
1543322253928140803
1543322254238523396
1543322254528106497
1543322254980763648
1543322255165374467
1543322255551123456
1543322255941255168
1543322257224867846
1543322257350688768
1543322257421791232
1543322257908432896
1543322259930193920
1543322261255495681
1543322261972692992
1543322262840872960
1543322263122055169
1543322263688200192
1543322263767990273
1543322266863378435
1543322267538571267
1543322270046621696
1543322270231306240
1543322271137370113
1543322271414206465
1543322271397412864
1543322271657467910
1543322273561694208
1543322274882850818
1543322275352432640
1543322276342423552
1543322279794208768
1543322280599687174
1543322281782480897
1543322283988729856
1543322284911386626
1543322287084113921
1543322288434532352
1543322288329744384
1543322289055436800
1543322290468917251
1543322291974594561
1543322292075110400
1543322293287456768
1543322293467856900
1543322295267213316
1543322297905434624
1543322298765266945
1543322299398586373
1543322300145082373
1543322301411823616
1543322301495640064
1543322302397534208
1543322302946877441
1543322303626608640
1543322305337561090
1543322305996025857
1543322306625556481
1543322308072308742
1543322309968248832
1543322310609969154
1543322311314608128
1543322314460241927
1543322315445846018
1543322315328552965
1543322316326801409
1543322320340930560
1543322321829642240
1543322321636806656
1543322322676981760
1543322323574554627
1543322324988051456
1543322325688483842
1543322325852069890
1543322325952724992
1543322326174994434
1543322327429021701
1543322328309850119
1543322330297950209
1543322331036192769
1543322331833143298
1543322332395192321
1543322332512620544
1543322332613287937
1543322333284249600
1543322333938606081
1543322335490592768
1543322335322701824
1543322335960129536
1543322336211963911
1543322337470099457
1543322337528885249
1543322338615336960
1543322342687854592
1543322343845634053
1543322343837237250
1543322346844368896
1543322347167485953
1543322347826040833
1543322348597690369
1543322348954140672
1543322351982579714
1543322352230060032
1543322355191226370
1543322356076224515
1543322357032517633
1543322358726942721
1543322359485960194
1543322362883575811
1543322363886010370
1543322363860860928
1543322364737294337
1543322365576196096
1543322365869694976
1543322368667697152
1543322368923222016
1543322369175027712
1543322370374508551
1543322370554970114
1543322371053985793
1543322372450787333
1543322372786249738
1543322373423632384
1543322373457420290
1543322373138460672
1543322374690455552
1543322374942121986
1543322375889924096
1543322377400057858
1543322377945497600
1543322380336087041
1543322380768088065
1543322381938135040
1543322382730989569
1543322386954702848
1543322388904951812
1543322388921810944
1543322389303287808
1543322389504823297
1543322391710875648
1543322393917423617
1543322395250814976
1543322395892752387
1543322400535810048
1543322401898995713
1543322401533878272
1543322403937390593
1543322404058845184
1543322404524630017
1543322405258645505
1543322406340636672
1543322406512648193
1543322406567247874
1543322407527747591
1543322408966316033
1543322409327001601
1543322409238945795
1543322409717362689
1543322411273420801
1543322411529027587
1543322412514787329
1543322412716118017
1543322412456058886
1543322413143937031
1543322413936656387
1543322413823397894
1543322417187196936
1543322417598058496
1543322418877501440
1543322421901623298
1543322422471966722
1543322422757187584
1543322423549956097
1543322424107667456
1543322425399525376
1543322425500131328
1543322425911173120
1543322426343362560
1543322427295277056
1543322428323102720
1543322428440551426
1543322428876750880
1543322430780780544
1543322430541680640
1543322431208693760
1543322432009867265
1543322432060084226
1543322433670766592
1543322434790719489
1543322436090728448
1543322438104121344
1543322438775234560
1543322438922280960
1543322439098068993
1543322440356581377
1543322440759230465
1543322440973033475
1543322441019232259
1543322441648308225
1543322442592026624
1543322443372040194
1543322444991287296
1543322444873990144
1543322444953436161
1543322445293256707
1543322449038688257
1543322449571241985
1543322450523574275
1543322450682839041
1543322450972360704
1543322451882479618
1543322454101213184
1543322455724392450
1543322455896383493
1543322456676618241
1543322457477611521
1543322457590964233
1543322458459185152
1543322458933104641
1543322459574882309
1543322462288547842
1543322463186178048
1543322463416860672
1543322465379680258
1543322465459441672
1543322466000711680
1543322468127047681
1543322468470775808
1543322468718362625
1543322470085791748
1543322470744072192
1543322471612690433
1543322470916177921
1543322472942018568
1543322477085859840
1543322479363506176
1543322479346667520
1543322480953020416
1543322480584146944
1543322481347411968
1543322481863319552
1543322483503382528
1543322484535164929
1543322485042585600
1543322485285855233
1543322485651050496
1543322486250606595
1543322486674161664
1543322488729395200
1543322488930795521
1543322490444865537
1543322490654470144
1543322493829763074
1543322494320377857
1543322495658360832
1543322496929251329
1543322499072532482
1543322499248799744
1543322499940700161
1543322500842635265
1543322501530394627
1543322502083985408
1543322502759415809
1543322503224999936
1543322504399306752
1543322505519194118
1543322510938124288
1543322511202451456
1543322511823208448
1543322512301383683
1543322512657944580
1543322514838802433
1543322515921158150
1543322516076122112
1543322517154041856
1543322518102188033
1543322519666450432
1543322519867883520
1543322522434797568
1543322524204802051
1543322526838886400
1543322526775775233
1543322528105611264
1543322530295025664
1543322529552646145
1543322530974470144
1543322535470587904
1543322535567282176
1543322536313638913
1543322537198661633
1543322537421152261
1543322537727336454
1543322539438768128
1543322540910661632
1543322544064937985
1543322545214001152
1543322545839116289
1543322546237411329
1543322547202035712
1543322547378200577
1543322547839795202
1543322548573818880
1543322549722853376
1543322550154903552
1543322549685293056
1543322553162162176
1543322553946722304
1543322556219932673
1543322561550946305
1543322561395785730
1543322562524024837
1543322563434127360
1543322564071677952
1543322563941654532
1543322564205973504
1543322564168224768
1543322564461600768
1543322564730175489
1543322564856012803
1543322565522907142
1543322566340788224
1543322565917245440
1543322567930290176
1543322568563859458
1543322568718893056
1543322569541095425
1543322570841133056
1543322570828791808
1543322571227242496
1543322571298316288
1543322571617214471
1543322572934156288
1543322573680906245
1543322575744516100
1543322576130301953
1543322576252030978
1543322575966806016
1543322578860777473
1543322579217383426
1543322580282576896
1543322580672827392
1543322580932653056
1543322581696233474
1543322582614740992
1543322583193509891
1543322583935983617
1543322584388931587
1543322584694923264
1543322584854302721
1543322586670678023
1543322587413225472
1543322589115822080
1543322589149495296
1543322590122590210
1543322591192047621
1543322591376678912
1543322592345481217
1543322592865656832
1543322593889067014
1543322593846972416
1543322598154567682
1543322598494257152
1543322600033624064
1543322601010888707
1543322601497526273
1543322601669394437
1543322602386636801
1543322605284892672
1543322605356101632
1543322607591776256
1543322609395253249
1543322609877655552
1543322610427056128
1543322610922147840
1543322610918096896
1543322612591386625
1543322613321240576
1543322614189686785
1543322614365569025
1543322617775620099
1543322618966728705
1543322619612741634
1543322621441449989
1543322622103937024
1543322622313828354
1543322622267740160
1543322622926233602
1543322623551184898
1543322624788406273
1543322627816710144
1543322631214026752
1543322632338259969
1543322633810345985
1543322634280177664
1543322634535911425
1543322634431127557
1543322634854846464
1543322635282661376
1543322635479797761
1543322635727421440
1543322638172536834
1543322638176530432
1543322638210195457
1543322639049293824
1543322641469247491
1543322643083866112
1543322645038604288
1543322645239848961
1543322645684420611
1543322646531547136
1543322647177691136
1543322647311765504
1543322647718952960
1543322650751037440
1543322652772794371
1543322654073143296
1543322655096545282
1543322654416977920
1543322656774258690
1543322657260802048
1543322657692737540
1543322658623946759
1543322658766524418
1543322659005530118
1543322659597029378
1543322660456710144
1543322661367037954
1543322661614456834
1543322663719817216
1543322663900389378
1543322664894332928
1543322665305444353
1543322668472053760
1543322668530683904
1543322670162395136
1543322670804045824
1543322671106195457
1543322672297394178
1543322675510231041
1543322674914623488
1543322675724140544
1543322677007507462
1543322677250854913
1543322678055952385
1543322678253207554
1543322678953656322
1543322680006434818
1543322680820084736
1543322681059295232
1543322681579380737
1543322682099384321
1543322683303239681
1543322683789778946
1543322684964372480
1543322686407036930
1543322689124724736
1543322689615540224
1543322689351421954
1543322690894839810
1543322691490516992
1543322691205218311
1543322691960201217
1543322694942306304
1543322695391223814
1543322695441399809
1543322696599183360
1543322698503315458
1543322698541039617
1543322701787545600
1543322701858623488
1543322701875630080
1543322703242752000
1543322703406432257
1543322703859396608
1543322703649726467
1543322703494803456
1543322704190681088
1543322705608732672
1543322706065735681
1543322708213112833
1543322710222245889
1543322711123890177
1543322711266508800
1543322711182778371
1543322712336224256
1543322712566816771
1543322712881434626
1543322712977932290
1543322713917464577
1543322714018029568
1543322717260496896
1543322718359150595
1543322719453945857
1543322722423431172
1543322722700210176
1543322723807633413
1543322724633911299
1543322725061623808
1543322725237899264
1543322725086789632
1543322727196524544
1543322728584818688
1543322729574608896
1543322729650192384
1543322733768998913
1543322734486097920
1543322738311725056
1543322738986819584
1543322739032956929
1543322741000077313
1543322741234868230
1543322741935222786
1543322744225505282
1543322747945754624
1543322748155580417
1543322748859977728
1543322749367529472
1543322749795504133
1543322750009638912
1543322750340808704
1543322750453956608
1543322753448742913
1543322754237095936
1543322755210559488
1543322755206184967
1543322755378155521
1543322756258807808
1543322757307502592
1543322757986799616
1543322756770668546
1543322759287263238
1543322760100954117
1543322761162067969
1543322763212951552
1543322765192724482
1543322767004778496
1543322768548147200
1543322770687365120
1543322771106762753
1543322771572367362
1543322771752718336
1543322773631733760
1543322774814527494
1543322776525733890
1543322777524084736
1543322778438336512
1543322778174201856
1543322779902025728
1543322780963307520
1543322781705768963
1543322784738189321
1543322784465657862
1543322785145143296
1543322788026429440
1543322788110503940
1543322790383607808
1543322791335776256
1543322791323131904
1543322791730110464
1543322792086708224
1543322792921276421
1543322793353383936
1543322795270094852
1543322796465352705
1543322796759126019
1543322796796755968
1543322797056966660
1543322799019905027
1543322799170789381
1543322799485353986
1543322800320036866
1543322804992499712
1543322805025927168
1543322805709615107
1543322806007504897
1543322807970430977
1543322809362964480
1543322810205995014
1543322811942391808
1543322809409085446
1543322814077456390
1543322814681333760
1543322814945628162
1543322815478243330
1543322817067884544
1543322817307070464
1543322819831922695
1543322821639737344
1543322821782388737
1543322822407331841
1543322823023788033
1543322824319725568
1543322825636941827
1543322826123276288
1543322828153536513
1543322829214588929
1543322829336231938
1543322830225526784
1543322833677328387
1543322836881723392
1543322837921869825
1543322839008350211
1543322839373185024
1543322839662854144
1543322842753896449
1543322844335046657
1543322844305666049
1543322844368625664
1543322846843256836
1543322847824809984
1543322847950655489
1543322848785076224
1543322850223955968
1543322850437865482
1543322850521669635
1543322852685783040
1543322854489407488
1543322854451826689
1543322854917394436
1543322855420600323
1543322855605166083
1543322856062259201
1543322858239115265
1543322859002400770
1543322860114034688
1543322862093746178
1543322862651686913
1543322863410720769
1543322864367042560
1543322864740274177
1543322865012920321
1543322865671585794
1543322866036326400
1543322867265257472
1543322868368683008
1543322868997562370
1543322869232435201
1543322869223997441
1543322871665086464
1543322873426636801
1543322873695293441
1543322875137929218
1543322876597510144
1543322878678077442
1543322880850681857
1543322880758398987
1543322881601310720
1543322882062835712
1543322882498969600
1543322884843737091
1543322885174984705
1543322886190006272
1543322887469268994
1543322887867842560
1543322887930597379
1543322888358563850
1543322888429862913
1543322890468265984
1543322890799652865
1543322893509173249
1543322892405989379
1543322893442064384
1543322894222098433
1543322894922547200
1543322895530745860
1543322896168148992
1543322896562626561
1543322896755372033
1543322896822521856
1543322897544105984
1543322897925685248
1543322898424897537
1543322898777210882
1543322899343351809
1543322900429684737
1543322902648569856
1543322902711386112
1543322903852335105
1543322905148260352
1543322905492312064
1543322907161628676
1543322906893160448
1543322908361121792
1543322908436664320
1543322911007617024
1543322912752541697
1543322913633345537
1543322913566253060
1543322915906523137
1543322916976111616
1543322917697515521
1543322918238691331
1543322918221914114
1543322918515515393
1543322919497043971
1543322919857700871
1543322920407207939
1543322920671256576
1543322920998551552
1543322923154284544
1543322923385200647
1543322925733920768
1543322929152217088
1543322930234499075
1543322930926477313
1543322931006246915
1543322932788830210
1543322933606727681
1543322937066938369
1543322937561948160
1543322940514648067
1543322941068382208
1543322941923872769
1543322943433986050
1543322944054923264
1543322943882772487
1543322944801226752
1543322944906084354
1543322946579714057
1543322946881585152
1543322946386771977
1543322948240556042
1543322948286746631
1543322947783376901
1543322949058498560
1543322949733781508
1543322950908125187
1543322952229212160
1543322952766308362
1543322956306448384
1543322956364976129
1543322957501452288
1543322959334588416
1543322960802373632
1543322960987029508
1543322962752950273
1543322962987692033
1543322963121803264
1543322962723344386
1543322963662884866
1543322965735100417
1543322966145916928
1543322966133440512
1543322968259850240
1543322969237250048
1543322969363173376
1543322969748930560
1543322969677635584
1543322972286599171
1543322973301530626
1543322974484324352
1543322974731866115
1543322977294422016
1543322978217299972
1543322979253121025
1543322979244859392
1543322980406763521
1543322981371449345
1543322983799803904
1543322986073075712
1543322986236837888
1543322989604745216
1543322989273415680
1543322990330335234
1543322990380781568
1543322991735496711
1543322992033206272
1543322992796700676
1543322993039917057
1543322993878859779
1543322996840038408
1543322999046213632
1543323000048652288
1543323000321085440
1543323000904327168
1543323001135026177
1543323002238107651
1543323002456137728
1543323003416678400
1543323005786304512
1543323005148794880
1543323006902099970
1543323007116009473
1543323008651206658
1543323009901105155
1543323011734032387
1543323012660957184
1543323013348827137
1543323013801807873
1543323013998735360
1543323016775483395
1543323017882869761
1543323018432319490
1543323020491628548
1543323021422780419
1543323028200759298
1543323029006176258
1543323029714833409
1543323029790330880
1543323028913676289
1543323029916336129
1543323032848048128
1543323032994717696
1543323033481269248
1543323035930923009
1543323036291457024
1543323036505575424
1543323036488675328
1543323036870250496
1543323037008703488
1543323039282102274
1543323040628387840
1543323041513541632
1543323044378181634
1543323046995435520
1543323047976964102
1543323048899756035
1543323049268838401
1543323049730220033
1543323051533619200
1543323051730903040
1543323053236670464
1543323053790269440
1543323054264156161
1543323054633234432
1543323055115489280
1543323055656681476
1543323055769927680
1543323056919089152
1543323057607135234
1543323057833517059
1543323059117068290
1543323061079998465
1543323061524389888
1543323061591494656
1543323063135059969
1543323064435351559
1543323066037575680
1543323069380530179
1543323070412328960
1543323071473324032
1543323075634159616
1543323076150140929
1543323076313710593
1543323080281374720
1543323081288351744
1543323081644675074
1543323082705846272
1543323083317989376
1543323084534472706
1543323085691990016
1543323086598316032
1543323087160152064
1543323087986311169
1543323088590364676
1543323089982742528
1543323089920004096
1543323090603556864
1543323090767290373
1543323091048271878
1543323092671496192
1543323092910587904
1543323093728460801
1543323094139682816
1543323094395371521
1543323095666413570
1543323096077287427
1543323097582878721
1543323097788731392
1543323101789929474
1543323101898756096
1543323101945073671
1543323101970276353
1543323102117040128
1543323103190781958
1543323103534653440
1543323106189922304
1543323106093285376
1543323106332360711
1543323107477241856
1543323109280956418
1543323110824443904
1543323110996381696
1543323112179122188
1543323112527233026
1543323114989387777
1543323117082185728
1543323118835482632
1543323121368944640
1543323121368932352
1543323122400501760
1543323126955737090
1543323129069592577
1543323133200973825
1543323133062664193
1543323134425792512
1543323137319788544
1543323140968816644
1543323141446938624
1543323141904011265
1543323142252380160
1543323143024123905
1543323144471158784
1543323145872056323
1543323148019703808
1543323148053090304
1543323147600109573
1543323148485263365
1543323148644487168
1543323151098077189
1543323154482925568
1543323154906779648
1543323156513017857
1543323156470910978
1543323157418971137
1543323157519634434
1543323159398494208
1543323160250003462
1543323161315401731
1543323163697655808
1543323163089666049
1543323164251389952
1543323165761339398
1543323166159900676
1543323166667415558
1543323167665668096
1543323167988621313
1543323168814800898
1543323170395938816
1543323172962832384
1543323173143384069
1543323174963556352
1543323175328616449
1543323176482082816
1543323177459277824
1543323178063241218
1543323178147135489
1543323178386300931
1543323179120095232
1543323179464110080
1543323179934011392
1543323180177281026
1543323180403757056
1543323182324654080
1543323182597345280
1543323182811209728
1543323183394086913
1543323183956107265
1543323183578845187
1543323184262287360
1543323185885507584
1543323188636962816
1543323188980899840
1543323188989501444
1543323189308268545
1543323192139419651
1543323196778233858
1543323198212677633
1543323199374782465
1543323200020307968
1543323200318210050
1543323201853620224
1543323201907765248
1543323203040432133
1543323203271118850
1543323203631824896
1543323205711974401
1543323208559996928
1543323210007150594
1543323210778820610
1543323211068235778
1543323211751759872
1543323213958037504
1543323214067138560
1543323214167801856
1543323214436339712
1543323214666924032
1543323217040998402
1543323221130297344
1543323222506016768
1543323222699024393
1543323222845919234
1543323226813628416
1543323229003063296
1543323229783212032
1543323231158816768
1543323231725166592
1543323231347695617
1543323233637859333
1543323233851777028
1543323234732593158
1543323236930306049
1543323237538582531
1543323239262339072
1543323239761735681
1543323240549998592
1543323241778974724
1543323242101891074
1543323240919175169
1543323242831675395
1543323245650317315
1543323246535364609
1543323251132203008
1543323251388162049
1543323252436733954
1543323252533219336
1543323252864569346
1543323255322206208
1543323256412725248
1543323256652005377
1543323257406898176
1543323258094862338
1543323257696358401
1543323259008995328
1543323259843751937
1543323260275810306
1543323260917538818
1543323261420945408
1543323261559345157
1543323261928357896
1543323261827702786
1543323262352084993
1543323263790731267
1543323263907942400
1543323264176488448
1543323267406200833
1543323267880009728
1543323268857311232
1543323269251620864
1543323271554375682
1543323272049311744
1543323275190644736
1543323276826509313
1543323276860080133
1543323278231699458
1543323278550368263
1543323279271903232
1543323281259839489
1543323281406668800
1543323282476187648
1543323282753163264
1543323283218726912
1543323283721945094
1543323284502192128
1543323288058953729
1543323288495181829
1543323289837264896
1543323290327982081
1543323290831204352
1543323291514875904
1543323291972149257
1543323291703730176
1543323293440163840
1543323293188608000
1543323297378701317
1543323298368524288
1543323301342285825
1543323301618954241
1543323302806052866
1543323303711870976
1543323304727134211
1543323304571944963
1543323303586275333
1543323306744373249
1543323306811691010
1543323307218333697
1543323307105128449
1543323307465777152
1543323308615139331
1543323309831602177
1543323310066245632
1543323311119163392
1543323311651823618
1543323311790243842
1543323313266737153
1543323313795174402
1543323314126569480
1543323315049074688
1543323315757916161
1543323316194361345
1543323316794146820
1543323316861079552
1543323317448368130
1543323317767180288
1543323318639415297
1543323319369228288
1543323322854752256
1543323323261587456
1543323324079607811
1543323325606367234
1543323326503915526
1543323326613012481
1543323327665692672
1543323329834225666
1543323330471534594
1543323334615527424
1543323335551062019
1543323335727239170
1543323336062771201
1543323336444448771
1543323336704491521
1543323336981168128
1543323338466009089
1543323338654851072
1543323338826719240
1543323339288154112
1543323341087559681
1543323340982857728
1543323341800488961
1543323341951492099
1543323342043811841
1543323342131924996
1543323342375100417
1543323346229665794
1543323346770739201
1543323348486131712
1543323349182545923
1543323350004539397
1543323351753662464
1543323351548149760
1543323352747622404
1543323352852533248
1543323353712168961
1543323356182749184
1543323355067011072
1543323358649008128
1543323358846140417
1543323359106195458
1543323359215292419
1543323361203425281
1543323359399878656
1543323361740263426
1543323362193203201
1543323363883499520
1543323364168695808
1543323365355786244
1543323366475452417
1543323366529982464
1543323367217905664
1543323367398182912
1543323371345268742
1543323371676524545
1543323374264262656
1543323374713282561
1543323374713184256
1543323375988342793
1543323376835596288
1543323378060529664
1543323378173415424
1543323380841054208
1543323381621194757
1543323382242066432
1543323382456156160
1543323383676358656
1543323384892665856
1543323385303896071
1543323385933045760
1543323386234880001
1543323386729754624
1543323388206252035
1543323388134973440
1543323389343006720
1543323389242253313
1543323389615644673
1543323389573574656
1543323390701977601
1543323391343861760
1543323392274751488
1543323392316784641
1543323392606085122
1543323394485194760
1543323398344003591
1543323398763315200
1543323400730341376
1543323400902410243
1543323402135552003
1543323403482025989
1543323404379488256
1543323404639535105
1543323406933692416
1543323411493044240
1543323413225291777
1543323414231908354
1543323416740171777
1543323416966713344
1543323417537036288
1543323417725861888
1543323419328094208
1543323422578528256
1543323423111163904
1543323423455285250
1543323423547564033
1543323423815962625
1543323424742903809
1543323424726163458
1543323426487672836
1543323426332774400
1543323429255929860
1543323429545336832
1543323430157778944
1543323432359567360
1543323433433530369
1543323433584381952
1543323434154790913
1543323435769774080
1543323435916578816
1543323436117786631
1543323436885360649
1543323442837168128
1543323443747328005
1543323443864764417
1543323443986419714
1543323444409950210
1543323444896489472
1543323446632779776
1543323447664721922
1543323448247812096
1543323448352677889
1543323449602482181
1543323450584047616
1543323451280314374
1543323452542787585
1543323453281161216
1543323454799319043
1543323455583465475
1543323456263036931
1543323456393052162
1543323457294741504
1543323458964267009
1543323460537049089
1543323460755406848
1543323462533804032
1543323462617399300
1543323463930322946
1543323464550981632
1543323465150775299
1543323466119651328
1543323465754746881
1543323470934810624
1543323471752482816
1543323472105021440
1543323474256482304
1543323479113547776
1543323480292212736
1543323482729111553
1543323483534512128
1543323483689459712
1543323486080344075
1543323486537494529
1543323486667538433
1543323487187734529
1543323488013860864
1543323489888878595
1543323490312503300
1543323491272773634
1543323492216602625
1543323492543713280
1543323495786074114
1543323496821964802
1543323499594256384
1543323501381165057
1543323501804736512
1543323502060658689
1543323503281283072
1543323503172227076
1543323503507619842
1543323505319723009
1543323509031444480
1543323509568700417
1543323510130368512
1543323510201786369
1543323510281584642
1543323512256876546
1543323514039459840
1543323514911989760
1543323515511885826
1543323515587280896
1543323516447105024
1543323516707143680
1543323517202141186
1543323517512364033
1543323519739625473
1543323520968556544
1543323521501302789
1543323521807441921
1543323522012954627
1543323522268897286
1543323522407305216
1543323524697362433
1543323525167063040
1543323526144622592
1543323529239678976
1543323530271629312
1543323532792324097
1543323533425664000
1543323534314786816
1543323534411370498
1543323536013524994
1543323538987393025
1543323539700326402
1543323539788513281
1543323539973062659
1543323540941848577
1543323543596929032
1543323544075096064
1543323546038018049
1543323546901938176
1543323547098984448
1543323549032763392
1543323549535985664
1543323549708042243
1543323550987063296
1543323551725506561
1543323554271449088
1543323554439172098
1543323555471003648
1543323556431511552
1543323556888674305
1543323560701317121
1543323561162641411
1543323562097901569
1543323562399989762
1543323561552936961
1543323563054301184
1543323563108728832
1543323563880595460
1543323564279009280
1543323564891426817
1543323564857856008
1543323565197561856
1543323566149697538
1543323566120263681
1543323566778744832
1543323567562969088
1543323568154365952
1543323570469851143
1543323571312893952
1543323572050939904
1543323572214587393
1543323572118208513
1543323572483006468
1543323573011505157
1543323574445821952
1543323575821946880
1543323577084268551
1543323578141122561
1543323578229293056
1543323581576347649
1543323581190492161
1543323582629138433
1543323582884786177
1543323584440938496
1543323586068418562
1543323587284697089
1543323588723343361
1543323590254157824
1543323590535352321
1543323595073433600
1543323595493056512
1543323595212034049
1543323598504349696
1543323599678980096
1543323600371032065
1543323601356611584
1543323601926885377
1543323603030007808
1543323603088814080
1543323603990548481
1543323603869073410
1543323606490431498
1543323606649917440
1543323608369463296
1543323608109314048
1543323611179765761
1543323611016138753
1543323613843030016
1543323614048657409
1543323614908391424
1543323615529119744
1543323615789101056
1543323619337592834
1543323619542978560
1543323621334073347
1543323623057940480
