1546493682026676224
1546493682093793287
1546493682290806784
1546493682727231488
1546493684916649984
1546493685243809793
1546493686690811907
1546493685981843456
1546493686904541186
1546493688016121856
1546493688926375936
1546493689509339136
1546493690574667779
1546493691623346176
1546493692223143936
1546493692491481091
1546493694412726274
1546493694655795202
1546493694617976833
1546493696341905410
1546493697654669313
1546493699651149824
1546493700200472582
1546493700414611456
1546493701454811137
1546493701731516416
1546493703115661312
1546493703434297344
1546493705053413376
1546493706336878592
1546493707590909953
1546493708446605318
1546493707096133632
1546493708857655296
1546493709822607360
1546493710090883074
1546493710497525766
1546493710707605504
1546493712049573889
1546493712087207936
1546493712213082114
1546493712934518784
1546493712863096832
1546493713458860033
1546493714385731584
1546493717283934208
1546493717304991747
1546493717925638144
1546493717996965889
1546493718294700033
1546493717934112768
1546493718823411713
1546493718596812800
1546493719679045633
1546493720081534976
1546493721071521792
1546493722669600768
1546493723013423104
1546493723546161153
1546493725093769217
1546493725555261442
1546493727073456129
1546493727107072000
1546493729338433536
1546493728772210688
1546493731133476864
1546493731662176258
1546493732496744448
1546493731981099009
1546493732706451457
1546493733717172226
1546493734422036482
1546493736762449922
1546493736724885504
1546493736728907776
1546493738784112641
1546493738922418177
1546493739203543040
1546493739253829633
1546493739681857536
1546493740201586688
1546493740784574467
1546493740973707264
1546493741049028609
1546493742101794817
1546493742596722689
1546493742697398273
1546493743423168512
1546493745729765378
1546493746837061632
1546493749500514309
1546493752679682049
1546493753191432202
1546493755796201477
1546493756014305281
1546493756223922176
1546493756479864832
1546493757092204545
1546493757025050630
1546493757939503104
1546493758232899585
1546493758723592194
1546493758912569344
1546493758853767174
1546493759810052098
1546493759608733703
1546493763811479555
1546493765480751106
1546493766722355203
1546493767234031616
1546493767699820544
1546493767691243520
1546493768563625984
1546493768991268864
1546493770723631111
1546493770883076097
1546493771470315520
1546493773114650626
1546493773525532672
1546493774968356864
1546493775857520640
1546493776050503680
1546493777640038400
1546493778256883713
1546493778357280771
1546493779540156416
1546493780047577089
1546493780064616449
1546493782799024129
1546493783235330050
1546493783428042753
1546493785022074880
1546493785550442496
1546493786393559041
1546493787689459714
1546493787773583360
1546493788209700864
1546493788453052419
1546493789002399746
1546493789560311808
1546493789664997376
1546493789728022528
1546493789740711936
1546493790168432643
1546493789153665024
1546493790793486339
1546493792718569473
1546493793033064453
1546493792903204865
1546493793825873920
1546493795243438086
1546493795490938880
1546493795599990784
1546493793255493633
1546493796434804736
1546493796866994176
1546493797185495041
1546493797584064517
1546493797642563584
1546493797764403203
1546493797743353857
1546493798741467136
1546493798821273602
1546493799102238722
1546493798997532674
1546493797449834496
1546493800654065664
1546493800855572480
1546493803640414208
1546493804789776386
1546493805129523201
1546493806283030529
1546493807386140673
1546493807360761857
1546493807029518336
1546493808497549314
1546493808237584384
1546493809114157058
1546493809067900928
1546493809667854338
1546493810968088577
1546493811412566018
1546493811886522369
1546493814906376192
1546493817158778883
1546493817964183552
1546493817582456837
1546493820954615810
1546493824192712705
1546493824524079106
1546493827451609089
1546493829242445827
1546493830828101635
1546493832501542912
1546493833160048647
1546493835005595648
1546493835198578689
1546493835382910978
1546493836456755200
1546493838167945217
1546493838826606592
1546493839032172546
1546493839099056130
1546493840076464128
1546493840256901121
1546493840059670529
1546493840793784325
1546493840940584961
1546493841955606531
1546493842655961088
1546493842882383872
1546493845524938753
1546493845986213890
1546493845990682626
1546493845503848448
1546493846778961921
1546493846841741313
1546493847580168192
1546493847789867009
1546493847999488000
1546493848494477312
1546493849551474691
1546493849220022272
1546493849320665088
1546493850264276993
1546493850633572352
1546493850524569601
1546493850671366153
1546493850868391936
1546493851799588864
1546493851975688192
1546493852566966272
1546493852617510912
1546493853351391232
1546493853640818689
1546493855045935104
1546493856627261440
1546493860163067909
1546493860553314305
1546493861047959553
1546493861199024137
1546493861945565186
1546493862230867969
1546493862222479365
1546493862205693954
1546493862155374594
1546493862608359426
1546493863291912192
1546493863354781696
1546493864265015296
1546493865326063618
1546493865305284610
1546493865535819776
1546493865745453058
1546493866177699840
1546493866966147073
1546493868165795840
1546493868274864142
1546493868664832000
1546493869654560768
1546493869730275329
1546493870447693824
1546493870665506821
1546493870321590272
1546493873043693568
1546493874264227840
1546493874713104386
1546493875313086464
1546493877104033792
1546493878802567169
1546493878907404289
1546493879138095106
1546493880111095808
1546493881105137666
1546493881923026946
1546493881881186306
1546493883000963072
1546493883554471936
1546493883743293440
1546493884796227585
1546493884993249280
1546493885245181954
1546493885685600259
1546493885957931010
1546493886683643908
1546493887711158274
1546493888432484352
1546493888751337475
1546493889309286402
1546493889531596803
1546493890106200064
1546493890118799361
1546493891167375361
1546493891414614017
1546493891511205888
1546493892052373505
1546493892840886272
1546493893511979011
1546493893851725825
1546493895751520256
1546493896892395522
1546493898004090880
1546493898331246597
1546493899765649408
1546493899967004673
1546493897152630785
1546493900679954439
1546493901560860674
1546493902349279236
1546493903083343872
1546493905394335748
1546493906170351620
1546493906295988224
1546493906564648962
1546493907785027585
1546493908103872513
1546493909030821888
1546493908884099072
1546493910926725120
1546493911966834690
1546493913527091200
1546493913606885376
1546493913581731845
1546493914257178626
1546493912788918275
1546493914764509185
1546493914852507648
1546493916220133377
1546493916647772160
1546493916689711104
1546493916668641283
1546493916005822465
1546493916979109897
1546493918061424640
1546493918732115968
1546493919520624641
1546493919571107841
1546493919650877446
1546493921051697152
1546493921899024384
1546493921974517761
1546493922415104002
1546493923144904709
1546493924247605248
1546493924549722113
1546493924742553601
1546493925279633408
1546493925552033793
1546493926609240064
1546493926911029249
1546493930535092229
1546493931063484416
1546493932170670080
1546493932468584449
1546493933282156544
1546493933139664896
1546493934058315781
1546493934611865604
1546493934632943616
1546493937208414208
1546493936910450693
1546493937602510850
1546493938671960068
1546493938789453824
1546493938009346052
1546493940580241408
1546493941079482368
1546493941025046534
1546493940928585728
1546493941524185089
1546493941717307392
1546493942077726720
1546493942027489280
1546493942794952708
1546493942908190720
1546493943839326210
1546493943914823681
1546493944472621056
1546493944388796416
1546493944875327490
1546493945840009221
1546493946175561731
1546493946410442753
1546493946808991744
1546493947249319937
1546493948566331392
1546493948847349760
1546493949031981057
1546493949950304256
1546493950105686016
1546493950479171585
1546493950839492608
1546493950185263104
1546493955218472963
1546493956002697216
1546493955587588100
1546493957022130176
1546493958003507206
1546493957915418625
1546493957684748292
1546493958746001408
1546493960184631301
1546493960629243910
1546493961707175940
1546493961803468800
1546493961807831049
1546493962202005504
1546493962885779456
1546493963242065920
1546493963640754176
1546493963703558146
1546493964920004608
1546493965133926400
1546493966153129984
1546493966794731520
1546493966899908609
1546493966882848774
1546493966274756608
1546493967931506688
1546493969147826176
1546493970867527682
1546493971018293253
1546493971828035585
1546493971664318466
1546493972603961344
1546493973430038529
1546493973564375041
1546493975355445251
1546493976991219714
1546493977083396097
1546493977527975937
1546493978077708288
1546493979872698368
1546493979985854465
1546493980212338689
1546493981206654976
1546493981059579904
1546493982322180096
1546493982976475136
1546493983211327490
1546493983349772288
1546493984406650881
1546493985824423937
1546493986826846209
1546493987384659968
1546493987866959872
1546493987980251136
1546493988185808898
1546493989431525376
1546493989381197824
1546493989737697289
1546493990081527808
1546493990706479105
1546493990857576449
1546493991201525761
1546493991385870336
1546493992937746433
1546493993051213824
1546493993101529088
1546493994863149058
1546493995026636800
1546493995144155136
1546493996029075458
1546493996486123521
1546493996423434241
1546493996347932672
1546493996985360385
1546493997082091523
1546493997274828800
1546493997404672000
1546494000512876544
1546494001376727045
1546494001515216899
1546494003079626753
1546494003243368450
1546494003310432256
1546494004346425346
1546494005306802178
1546494005302763521
1546494005428486144
1546494005650903040
1546494006800093187
1546494007504683010
1546494007173423104
1546494007756431360
1546494007831941120
1546494008901668864
1546494009467580416
1546494010440695810
1546494014106775553
1546494016560283648
1546494016933335043
1546494017344528384
1546494017491406854
1546494018036682753
1546494018036662272
1546494018250579968
1546494018288246786
1546494018586124291
1546494019366182913
1546494019466928130
1546494020096073729
1546494021069148160
1546494022763544576
1546494023195574275
1546494023258488834
1546494023812120581
1546494024005173249
1546494024965578752
1546494026005741569
1546494026781794306
1546494027243085825
1546494027125727233
1546494028463673345
1546494028795056128
1546494029860421635
1546494031517155328
1546494032104239104
1546494033702297601
1546494033928900608
1546494034948067328
1546494035510136832
1546494037733031936
1546494039612178434
1546494040006397953
1546494040576868354
1546494041671565312
1546494042447515649
1546494042820730881
1546494043122810880
1546494045198991362
1546494045316386818
1546494046352326658
1546494048046817280
1546494049288237057
1546494049376354305
1546494049556758529
1546494050156658689
1546494050597015552
1546494051549155329
1546494050814947332
1546494052014690305
1546494052912209921
1546494054002737152
1546494053944000515
1546494054799708164
1546494054778773506
1546494055718170626
1546494057374818306
1546494057429340161
1546494057475502080
1546494057824014336
1546494058859741189
1546494058968801282
1546494058662543361
1546494059107213319
1546494059635679234
1546494059379818497
1546494061145690112
1546494061216993280
1546494064744357890
1546494065335603200
1546494065847443456
1546494065860136965
1546494065931321345
1546494067437027329
1546494068896702466
1546494069773418498
1546494069802672130
1546494070046052352
1546494071048265729
1546494072583487489
1546494073313402883
1546494073778864128
1546494073921470466
1546494075515404289
1546494075595104256
1546494076131966976
1546494077440491522
1546494077788643328
1546494078732210177
1546494078971527169
1546494078896021506
1546494080024289280
1546494081521668096
1546494082364674051
1546494082414936065
1546494083140567040
1546494082456948737
1546494084814086144
1546494086110117888
1546494086441357312
1546494086986727425
1546494087565414401
1546494088618418178
1546494088823857153
1546494088320585729
1546494089776238592
1546494090207866881
1546494090090618884
1546494090581344256
1546494091390754816
1546494091491508224
1546494091285868545
1546494091701239809
1546494091944271873
1546494091986444294
1546494091818663936
1546494092032577537
1546494093223596037
1546494093743624192
1546494094427521024
1546494095304048642
1546494095933186050
1546494096121929728
1546494095471910912
1546494096990212096
1546494097296445444
1546494098181439488
1546494099116761094
1546494100395794438
1546494100781817856
1546494100723081216
1546494102795177984
1546494103231156227
1546494103881400321
1546494104246288384
1546494104527306752
1546494104418271232
1546494104267132928
1546494104602742785
1546494105127211008
1546494105911451649
1546494105999462406
1546494107710853122
1546494107987709952
1546494109237526528
1546494109270941696
1546494108960636929
1546494110013562885
1546494110923636737
1546494111737430016
1546494112249118721
1546494111896707079
1546494112572080134
1546494113045962753
1546494113461067777
1546494113763278848
1546494114748895232
1546494114937585664
1546494117085061120
1546494117621932033
1546494118695579649
1546494118951534592
1546494119387598849
1546494120390062081
1546494120750813184
1546494121015222273
1546494123112275968
1546494123498262529
1546494124496494599
1546494124567969792
1546494125142380544
1546494126727860225
1546494127243776001
1546494127596085249
1546494128493662209
1546494129235968001
1546494129504501762
1546494129408016384
1546494129663873024
1546494129600856065
1546494130372726790
1546494131098230786
1546494132335497218
1546494132515999746
1546494132922843138
1546494133166022656
1546494134764044288
1546494136206909441
1546494135678521345
1546494136592769026
1546494136714694657
1546494137490235392
1546494138023137280
1546494138614513664
1546494139545567232
1546494140262801414
1546494140677951488
1546494141814788098
1546494142410362881
1546494143114903554
1546494143177924608
1546494144142532609
1546494146117939200
1546494147208613888
1546494147368034305
1546494146629607424
1546494150551412736
1546494151293894659
1546494151407149056
1546494151843348481
1546494153000886274
1546494153122451456
1546494153760047105
1546494155827953665
1546494156356300805
1546494156423536643
1546494156914040832
1546494158185037827
1546494158419935234
1546494158428577792
1546494162060873729
1546494164258390017
1546494165843955712
1546494165885693952
1546494166787837952
1546494166716350464
1546494167051669504
1546494167802646528
1546494168914075648
1546494168817700864
1546494169253912576
1546494169212137472
1546494170423906304
1546494170658775041
1546494172617756673
1546494173364293632
1546494173989064705
1546494174442160128
1546494174635106304
1546494174685532160
1546494174534324224
1546494178992869377
1546494179458555905
1546494179387224066
1546494179785773056
1546494180096036865
1546494180406575106
1546494181283094529
1546494180779692032
1546494181912240128
1546494179886481408
1546494183120175104
1546494183254372352
1546494183384440833
1546494183304740864
1546494184391147529
1546494184454082560
1546494186442002432
1546494187830358016
1546494188199591940
1546494188476370944
1546494188597960705
1546494190292537345
1546494192268066817
1546494192918171655
1546494192456986625
1546494194210029571
1546494195627614209
1546494196533456896
1546494196621901824
1546494196781285376
1546494198081327104
1546494197938757632
1546494199213834240
1546494200123863040
1546494200170127360
1546494201780633601
1546494201772351490
1546494202665746432
1546494202149732352
1546494202787373056
1546494205836541952
1546494205895270401
1546494206650093569
1546494206860034049
1546494207564697600
1546494208189628417
1546494208500199424
1546494208147869696
1546494209162563584
1546494209548775424
1546494209775083520
1546494210366328834
1546494210634878977
1546494210907463681
1546494212883058691
1546494213839360004
1546494214040883200
1546494214287925249
1546494215114215424
1546494215185731586
1546494215542153216
1546494216028663808
1546494216125255681
1546494218151026694
1546494218704674818
1546494219065475073
1546494220378177536
1546494220646563840
1546494221145837569
1546494221741445120
1546494222835933184
1546494223360344065
1546494225344331776
1546494225533046786
1546494225876979712
1546494226766209032
1546494226896228352
1546494226812194818
1546494227500044290
1546494229739888640
1546494231056973825
1546494230780076032
1546494232608866305
1546494232101376002
1546494233141452801
1546494233166712834
1546494233397399552
1546494234412216321
1546494235834290176
1546494235955929090
1546494236115214337
1546494236035584001
1546494236379455488
1546494237872689153
1546494238162132992
1546494239437197313
1546494240833806337
1546494241085472770
1546494241437896706
1546494242797006848
1546494242872528897
1546494243732176897
1546494243941801984
1546494244604583939
1546494244654825478
1546494244952719367
1546494245460213760
1546494245560803328
1546494245816647687
1546494247590830080
1546494248597524482
1546494249101049856
1546494250086502401
1546494250635841537
1546494254440235009
1546494255367159813
1546494256373796864
1546494256977788928
1546494258827464705
1546494258894569472
1546494259372494848
1546494260073185281
1546494260270501890
1546494261977382913
1546494262619131904
1546494264296673280
1546494264657424384
1546494265366556672
1546494266440122369
1546494267266400258
1546494267585187841
1546494267744460801
1546494268134641665
1546494268662919170
1546494269568983043
1546494270026272768
1546494271527821312
1546494271800459265
1546494272471502849
1546494274652344320
1546494274241445890
1546494275667472385
1546494276133179392
1546494276166733824
1546494277114826753
1546494277181751299
1546494277387259909
1546494276753707008
1546494277949202432
1546494278326697986
1546494281535324161
1546494281862778880
1546494282345123840
1546494282873425920
1546494283603218435
1546494283473072129
1546494283813130240
1546494284135862272
1546494284689547264
1546494284550905857
1546494284001693699
1546494286493270016
1546494287906385926
1546494288472702978
1546494289055830016
1546494289835876352
1546494289294856193
1546494289617698816
1546494295242428417
1546494295527522313
1546494295984771072
1546494296089513984
1546494297024782337
1546494297041674242
1546494296957849600
1546494297926672389
1546494298144882689
1546494298618986496
1546494299373805572
1546494301324066821
1546494301152182278
1546494304000086017
1546494304369389568
1546494305140744192
1546494305275183104
1546494305568579586
1546494307049168897
1546494307569471491
1546494311621136389
1546494311717634048
1546494312003022848
1546494312275292160
1546494312413790209
1546494312698941440
1546494313420541953
1546494315773542400
1546494316398317570
1546494319112101892
1546494319804272640
1546494321590943745
1546494322807390208
1546494323671592960
1546494324786925568
1546494326015873025
1546494327722893313
1546494328767397891
1546494329153150976
1546494329778208774
1546494330071826432
1546494331271389184
1546494331552514050
1546494332114718721
1546494332294905860
1546494333318320128
1546494333427548160
1546494334140391424
1546494334228381702
1546494334278713344
1546494334475927554
1546494335121625091
1546494335222304769
1546494336157847553
1546494336107364353
1546494336761733122
1546494337084702721
1546494337726517249
1546494338565378048
1546494339496419332
1546494339483828224
1546494339601276929
1546494339731361799
1546494339966287872
1546494340750516224
1546494341526478848
1546494342361128960
1546494344454103044
1546494344600772609
1546494345003548676
1546494347474096129
1546494347645952000
1546494348279402496
1546494348870782981
1546494350577778695
1546494351181750272
1546494351907233792
1546494352100302849
1546494352306077696
1546494352922267648
1546494352913989633
1546494352800858117
1546494353379672065
1546494353773772800
1546494354142928896
1546494355132891141
1546494355916984321
1546494357091618816
1546494358026760192
1546494359167696902
1546494358257807362
1546494359675224066
1546494360178622466
1546494359268360192
1546494361617043456
1546494362003070976
1546494363194236930
1546494363076726784
1546494363500392448
1546494363802402817
1546494362812649472
1546494364507148289
1546494364935135232
1546494367229087746
1546494370500706304
1546494371419267072
1546494371406794752
1546494371326922752
1546494371268378624
1546494371968651265
1546494374728572929
1546494375169236992
1546494375189917703
1546494375294902272
1546494375395557376
1546494375563255812
1546494375856832514
1546494376003657730
1546494375999438849
1546494376439791617
1546494376582516738
1546494376938971138
1546494377182248961
1546494377710731265
1546494378360934401
1546494378562158597
1546494378717466624
1546494378130018304
1546494379459756032
1546494380122537984
1546494381007454209
1546494382228078592
1546494382068715522
1546494382815182848
1546494383260078080
1546494383100411905
1546494385336061963
1546494385986015232
1546494387286327297
1546494387005399041
1546494388062355456
1546494389253541888
1546494389614063616
1546494391996530688
1546494392935976960
1546494393284263936
1546494395263991809
1546494395612282881
1546494396945793024
1546494397755301888
1546494398237655040
1546494398485118979
1546494398774611969
1546494399789813765
1546494399848251392
1546494400817012736
1546494401400246273
1546494401945427969
1546494402050367491
1546494402419462145
1546494402746630144
1546494402708791297
1546494404000628737
1546494403992231936
1546494404311089156
1546494404986298373
1546494404990586880
1546494405368074240
1546494405535625216
1546494405821202433
1546494406240665601
1546494405351297024
1546494407444238338
1546494408237154305
1546494408299888640
1546494409042165762
1546494410694746112
1546494411143385090
1546494412301119488
1546494413018435584
1546494413400166400
1546494413760651264
1546494414700298240
1546494415442776067
1546494415690252289
1546494416612892672
1546494416642363393
1546494416919183360
1546494418659807238
1546494418634653696
1546494419259596800
1546494419733454848
1546494420685656065
1546494421398601728
1546494420828258304
1546494420991737859
1546494421222404096
1546494423164387328
1546494425005711360
1546494426536710145
1546494426649853952
1546494428545781761
1546494430521196544
1546494430772973573
1546494431058137088
1546494431150440448
1546494431293050881
1546494431754391552
1546494432052133888
1546494432866086913
1546494433469861902
1546494435071995904
1546494436678504448
1546494437936640000
1546494439442595844
1546494440235229186
1546494441640304641
1546494441824862208
1546494440742723584
1546494442311503872
1546494443095826433
1546494442999128071
1546494443208966145
1546494443246608384
1546494444723118080
1546494445356519424
1546494446006636545
1546494447306817536
1546494447596085250
1546494447763853312
1546494447558574081
1546494448917520386
1546494449181925376
1546494449320329216
1546494450200969216
1546494450364555264
1546494450469408768
1546494450704289793
1546494451048144907
1546494452449017858
1546494453174730755
1546494453548032001
1546494455238332418
1546494455200374784
1546494455930388481
1546494457155125248
1546494457138274307
1546494458434306048
1546494459579273217
1546494460212629505
1546494460963328002
1546494461907279872
1546494462209036289
1546494462167326722
1546494463492726784
1546494464130252800
1546494464373317632
1546494465250050048
1546494465082138630
1546494465870790656
1546494466244153346
1546494468009992193
1546494468110647296
1546494468240580609
1546494469251518464
1546494469779820544
1546494470601842688
1546494472418201601
1546494473089196032
1546494473928151040
1546494474540441601
1546494475404443648
1546494474939166721
1546494475597406208
1546494475966582787
1546494476511842305
1546494476704780288
1546494477099057154
1546494477275222016
1546494476046180353
1546494477979844612
1546494478399475712
1546494478663442436
1546494478852280321
1546494479103819777
1546494479510786049
1546494481490673664
1546494482689847296
1546494482740396032
1546494482819928069
1546494485043068931
1546494485093310464
1546494485198151681
1546494485479280641
1546494486628519936
1546494486989180928
1546494487958286336
1546494486670442502
1546494489266724864
1546494489702739971
1546494489929420801
1546494492429148162
1546494492630556677
1546494492500434944
1546494493460938752
1546494493968457730
1546494493892935682
1546494495042293762
1546494496287883265
1546494495893512193
1546494496506011648
1546494496091021313
1546494497965502472
1546494499521568769
1546494500423446529
1546494500079558656
1546494501275017218
1546494501383979008
1546494501937709057
1546494503879581696
1546494507973496833
1546494508472291328
1546494508657164288
1546494508715724808
1546494509814538244
1546494510934392833
1546494511014182912
1546494512364748800
1546494513262301187
1546494513438498817
1546494514512232449
1546494514835111936
1546494514801647617
1546494514696785920
1546494515422396428
1546494516517109760
