1496771882858823683
1496771882799931394
1496771882879623173
1496771882866987011
1496771882745483266
1496771883227881473
1496771883051618310
1496771883400069122
1496771882908979204
1496771883630354434
1496771883861168128
1496771883043328008
1496771883852828677
1496771884180021250
1496771884448428034
1496771884440035331
1496771883626237957
1496771884171599872
1496771883911598080
1496771884666572802
1496771884788027393
1496771884070760455
1496771884083343361
1496771884213542912
1496771884909830144
1496771884918190082
1496771885245157376
1496771884662231041
1496771885169840129
1496771885316509697
1496771885358587906
1496771885136232449
1496771885794693125
1496771885031378945
1496771885878558723
1496771885316648960
1496771884863860743
1496771886444810241
1496771886470123524
1496771886386233344
1496771886549590023
1496771886960758787
1496771886768082945
1496771887183298562
1496771886524825608
1496771887526993920
1496771886927138816
1496771887875035140
1496771887849881602
1496771887183155204
1496771887745015810
1496771888336490496
1496771888416235523
1496771888235827202
1496771887053119489
1496771888441278471
1496771888890142721
1496771888508407811
1496771889280204804
1496771889410318336
1496771889334734851
1496771889460514819
1496771889389309952
1496771888814731266
1496771889238360064
1496771890056105985
1496771889607282690
1496771890286841856
1496771890542694402
1496771890555199495
1496771891385835520
1496771891255595008
1496771890790400002
1496771891666636802
1496771891926872065
1496771891998064649
1496771892027424778
1496771890634842113
1496771892241440772
1496771892329562116
1496771892547518470
1496771892421742593
1496771892056838144
1496771892308430851
1496771892430077954
1496771893080489990
1496771893403127812
1496771893415669764
1496771893491159044
1496771893927374848
1496771893453484032
1496771893482950660
1496771893675712514
1496771893667393540
1496771893994536964
1496771894380482560
1496771894275887105
1496771894540107777
1496771894539739138
1496771894917439489
1496771894275543048
1496771895017889795
1496771895056044033
1496771896653668356
1496771897039548422
1496771897614168065
1496771897832394752
1496771897438064646
1496771898251919360
1496771898579251204
1496771898692161540
1496771898080100352
1496771899241959424
1496771900663640065
1496771900030472194
1496771899992338436
1496771900990980097
1496771898415665154
1496771900512804871
1496771901728845833
1496771902261678082
1496771902408429570
1496771902874198016
1496771903155056642
1496771903113293827
1496771904342040576
1496771904358662144
1496771904576835589
1496771905671499788
1496771905906429954
1496771906531254272
1496771906707419136
1496771905923477504
1496771907072540672
1496771907001384961
1496771907344994306
1496771907626143744
1496771907810885632
1496771908632727555
1496771908653699074
1496771909052256258
1496771909635256321
1496771910671036419
1496771911727996936
1496771911627403264
1496771911552237573
1496771912223293445
1496771913636585474
1496771913506783236
1496771915083661314
1496771915494883329
1496771914626662401
1496771915041878018
1496771916170153988
1496771916497145859
1496771918103343111
1496771918443208707
1496771918753587201
1496771918698979333
1496771919680528391
1496771919957266432
1496771919257153540
1496771919974375424
1496771920767107073
1496771921077100547
1496771921656131585
1496771922075418627
1496771922838831107
1496771923103080450
1496771923585699841
1496771925204697089
1496771925888192512
1496771926311669764
1496771926873702407
1496771926953369602
1496771927351779329
1496771927398100995
1496771927502774275
1496771928496869377
1496771928903749635
1496771928887283714
1496771930162176002
1496771931043155968
1496771930900557831
1496771930976063492
1496771932632539138
1496771931856859137
1496771932305649670
1496771932724686849
1496771933970776066
1496771934197288966
1496771934914293760
1496771935379800065
1496771934046269446
1496771935271026691
1496771937086980096
1496771938017972231
1496771935325556739
1496771939666432001
1496771939750219779
1496771939243012097
1496771940895313923
1496771942279303168
1496771942581342210
1496771942812045316
1496771943416012803
1496771943236005900
1496771944393420804
1496771945991634947
1496771946431725570
1496771945916145667
1496771947488710660
1496771949007044610
1496771949208301581
1496771949577576450
1496771949590384644
1496771949929848832
1496771950462394369
1496771950617579523
1496771951020412928
1496771950571835397
1496771952052113414
1496771952719142914
1496771952886759424
1496771953650114561
1496771953386192905
1496771954539257857
1496771955881558024
1496771957332844545
1496771958394191877
1496771960021397505
1496771959937716229
1496771960206147584
1496771960625561610
1496771961393156098
1496771961372160002
1496771963477442561
1496771961447673860
1496771963754213376
1496771961393152000
1496771963968434179
1496771964173758466
1496771964966473729
1496771966715396100
1496771967873175552
1496771967797858307
1496771970091798534
1496771970326740992
1496771970414882820
1496771970721263623
1496771969437810690
1496771970964213760
1496771972323180551
1496771972281294851
1496771971220393986
1496771972692389888
1496771972730032132
1496771973220765697
1496771973283651588
1496771972877131779
1496771973049098241
1496771974286225408
1496771972109242368
1496771974928154624
1496771972919095296
1496771975305388032
1496771976077053954
1496771974810726405
1496771977301790721
1496771977247268866
1496771977586962433
1496771978232938496
1496771978371289091
1496771978799517699
1496771978736603142
1496771979759656960
1496771980174913538
1496771980846112772
1496771981093580801
1496771980519178245
1496771981798109185
1496771981324488704
1496771982456758274
1496771982297546753
1496771983660687360
1496771982222053384
1496771984348360705
1496771984239304709
1496771984201560065
1496771983916568579
1496771985002856452
1496771985468452866
1496771983429619718
1496771987644948483
1496771987821129729
1496771988396085248
1496771989452861444
1496771988941328384
1496771990249779202
1496771990627180545
1496771990799196160
1496771991877025792
1496771991910633478
1496771992929947650
1496771993840017412
1496771994062184451
1496771994804572163
1496771994703974403
1496771994926215171
1496771994158878721
1496771994976616449
1496771995337465856
1496771995664465922
1496771995643662338
1496771996100689922
1496771995979378688
1496771996650070020
1496771996784291844
1496771996318789632
1496771997371486208
1496771997468004355
1496771997715599361
1496771996969205761
1496771998789382145
1496772000215359490
1496772000827973637
1496771999901044736
1496772001754943492
1496772003788955657
1496772004040818693
1496772003390722051
1496772003680120832
1496772003885649920
1496772005428809736
1496772005605122048
1496772006188138504
1496772007295344640
1496772008662634498
1496772009149140995
1496772008017010691
1496772010440986624
1496772010822696964
1496772011485401090
1496772012462657537
1496772012274237442
1496772012752003074
1496772013125296128
1496772013096325120
1496772013544910849
1496772013700100104
1496772013138284544
1496772015612579841
1496772015700643841
1496772016212381701
1496772016279638019
1496772016434733059
1496772016485150723
1496772016648880128
1496772016774336517
1496772016476549121
1496772017466781698
1496772018007646209
1496772017806508034
1496772017580015625
1496772018322444288
1496772019949473794
1496772020276760583
1496772020326965254
1496772021321097216
1496772021639913473
1496772021757231105
1496772024512901120
1496772024743575557
1496772024110575617
1496772025834098695
1496772026345963522
1496772026668883970
1496772027365138433
1496772027721654274
1496772027340161025
1496772026786521090
1496772028405149700
1496772025800871940
1496772029013364744
1496772028753330178
1496772029206302724
1496772029227360257
1496772029445390339
1496772029835526144
1496772030229737472
1496772030980673536
1496772031186194433
1496772031169417217
1496772031412539398
1496772031978917888
1496772032586866689
1496772033228984320
1496772032528527365
1496772034763935745
1496772034856046595
1496772034919075846
1496772035103526917
1496772035531481088
1496772036076584962
1496772036529725447
1496772037003681792
1496772037393719296
1496772038777737221
1496772039541198849
1496772040635731968
1496772042133282818
1496772044138164224
1496772044675072000
1496772044221935618
1496772044805087235
1496772044024803333
1496772045144735745
1496772048940580866
1496772047795810306
1496772049670393862
1496772050597203978
1496772050794553344
1496772050706337794
1496772050882801666
1496772052207898629
1496772052455682048
1496772052078166016
1496772053986381824
1496772054846255106
1496772055462604800
1496772055513006085
1496772055823699969
1496772058080063490
1496772058260381696
1496772057052610567
1496772059439177729
1496772059426222082
1496772059820478469
1496772059443372038
1496772060793937925
1496772061582221313
1496772062421352454
1496772062559539203
1496772063234641921
1496772062484254720
1496772063708651527
1496772063444418561
1496772064635932683
1496772064061304840
1496772065021489153
1496772065248088065
1496772065843908609
1496772065982038017
1496772066313388037
1496772066376359937
1496772067672264708
1496772068116860930
1496772068830236672
1496772069463576576
1496772069782024192
1496772069823946753
1496772070482534402
1496772070755110919
1496772070705086465
1496772069706678274
1496772069857841154
1496772071321321477
1496772071560560641
1496772071866654722
1496772071938052097
1496772071439110148
1496772072004984837
1496772071443279880
1496772073867337728
1496772074253127683
1496772074093920259
1496772074521894912
1496772074831892489
1496772074659934208
1496772075159429124
1496772076371419136
1496772077244026886
1496772077667651586
1496772077663453188
1496772078560858114
1496772079584088070
1496772079915610115
1496772080381349890
1496772082381856769
1496772082859868161
1496772082864115720
1496772083522871300
1496772084042772482
1496772084227350529
1496772084160425987
1496772084722245633
1496772087427768329
1496772087893016578
1496772089021595649
1496772089180737537
1496772089394520066
1496772089478467589
1496772090384551936
1496772090946543618
1496772091797925893
1496772091844362241
1496772092519325698
1496772090619326464
1496772093433679872
1496772093819731973
1496772094553591808
1496772095111569412
1496772095782821888
1496772095719927812
1496772096910888961
1496772096990806024
1496772097263161345
1496772098030592011
1496772098529714183
1496772098391687168
1496772098785792001
1496772099230343168
1496772099129905161
1496772099490258945
1496772100350263301
1496772101411258372
1496772100971180032
1496772102095241217
1496772103227338754
1496772103130869761
1496772104909426690
1496772104758382593
1496772105731330054
1496772106280849408
1496772106264068096
1496772106490720257
1496772106541019138
1496772107190996993
1496772107513970688
1496772107946139649
1496772109124603904
1496772109325979651
1496772109720178693
1496772109590163457
1496772109518970881
1496772110387195904
1496772111414841344
1496772112094306307
1496772113612488711
1496772113931202562
1496772113575079942
1496772115449667584
1496772115508256769
1496772115546066946
1496772116623945737
1496772118922489856
1496772119325077506
1496772119371423748
1496772120138891265
1496772119979773952
1496772121179181057
1496772122970140672
1496772124182482945
1496772124752580612
1496772125428166661
1496772126501584897
1496772127311245312
1496772128498237441
1496772129701855235
1496772129790038016
1496772129601118213
1496772130016432130
1496772130515554304
1496772130737999874
1496772131027255296
1496772131190886400
1496772131941613573
1496772132751253504
1496772133065687040
1496772134068056065
1496772134072422402
1496772134663868419
1496772134902841346
1496772135112507394
1496772134898569218
1496772134873415681
1496772134873407491
1496772135183794177
1496772134911287296
1496772135125393415
1496772135561613315
1496772134944882689
1496772135322152966
1496772135045550082
1496772136391700480
1496772135574188033
1496772138853748747
1496772138992349184
1496772139390844931
1496772137658445828
1496772139692826625
1496772139969650692
1496772140577824768
1496772140615421960
1496772142956007424
1496772143241383936
1496772143207444481
1496772143966732288
1496772145287888897
1496772145313103873
1496772145866854400
1496772145296580608
1496772146575527940
1496772146856554500
1496772146747834369
1496772147225972739
1496772148177866752
1496772148228390913
1496772149079515138
1496772149163347968
1496772149255688198
1496772149918396417
1496772147544756224
1496772149713182725
1496772150996385794
1496772151474475012
1496772151965360131
1496772151793397769
1496772152296878082
1496772154637103104
1496772154351833091
1496772155073126401
1496772155060600834
1496772155668721665
1496772155790348289
1496772156625416197
1496772158604955651
1496772158592552967
1496772158701326338
1496772158827413505
1496772159045136387
1496772159095832578
1496772159183761410
1496772159515025410
1496772159540457473
1496772160756633607
1496772161142505473
1496772161020645376
1496772161574666240
1496772161603874816
1496772162354663427
1496772162589315075
1496772162698448896
1496772162791022599
1496772162832646144
1496772163168313350
1496772162916851712
1496772164095070213
1496772164367781891
1496772164476825602
1496772164816617472
1496772165626171392
1496772164783308805
1496772167563837449
1496772169501528075
1496772169648517123
1496772169757454350
1496772169879232513
1496772170143305728
1496772170424352770
1496772171045093376
1496772172525682689
1496772173213552640
1496772173909962754
1496772173087887360
1496772174702686210
1496772175046451204
1496772175348518912
1496772175629799435
1496772177093349378
1496772177789534213
1496772177944739844
1496772178242641921
1496772179328962563
1496772179907600386
1496772179991613441
1496772181388414977
1496772181392601088
1496772180189020162
1496772182092902401
1496772182160064513
1496772184324329472
1496772184336863235
1496772186752700416
1496772186966663178
1496772187620974592
1496772188141232128
1496772188380143619
1496772188107534339
1496772190481666049
1496772191853047812
1496772191983222784
1496772192075452416
1496772192859791362
1496772193472200706
1496772193560276994
1496772195346907138
1496772195862728712
1496772195238187008
1496772196940730369
1496772197892775940
1496772197330808836
1496772198299623425
1496772198689918977
1496772199226695681
1496772199310626823
1496772199650406401
1496772201391009792
1496772199805755394
1496772201894219777
1496772203244707844
1496772203056033800
1496772203815354370
1496772203953545221
1496772203286712325
1496772205019115520
1496772205082202115
1496772206113832960
1496772206478589956
1496772208869445632
1496772209007742980
1496772209293115394
1496772209292943362
1496772209289089028
1496772211289763842
1496772211197231106
1496772211226529795
1496772211692216320
1496772211104894977
1496772213390802948
1496772216217874432
1496772216326742019
1496772217228693507
1496772217690103808
1496772216134201345
1496772218956632069
1496772218943991816
1496772220147810305
1496772221637136385
1496772222069141513
1496772222387507201
1496772222735695872
1496772222773518336
1496772223616659456
1496772224253980672
1496772224539402241
1496772224782843904
1496772224988041218
1496772225273413632
1496772225629884420
1496772225139044360
1496772225952731137
1496772226082742275
1496772226569416705
1496772226858717188
1496772227076919298
1496772227332812804
1496772229228482561
1496772229488865280
1496772229492711425
1496772230037917700
1496772230029713410
1496772230524829696
1496772232160301060
1496772232873316354
1496772233355612160
1496772234278408195
1496772234840797190
1496772235092131841
1496772235180187651
1496772237499715585
1496772237696720898
1496772238166478850
1496772238728589317
1496772239802257411
1496772241446813697
1496772242180489220
1496772241606201346
1496772243149377543
1496772243837362178
1496772244986548228
1496772245011976194
1496772244860653571
1496772246186070020
1496772246806880256
1496772247314321413
1496772247763046403
1496772249776377860
1496772251340849157
1496772251550552072
1496772252028870656
1496772252125200386
1496772252301508611
1496772252456538113
1496772253077303300
1496772253505114112
1496772253614288897
1496772255644278785
1496772255912652804
1496772257183682560
1496772257401786368
1496772257858957314
1496772258957869056
1496772259314532356
1496772262304776192
1496772262925684736
1496772264712417280
1496772265437843457
1496772265802752002
1496772265941389312
1496772266834776064
1496772268260671490
1496772270248927232
1496772270194405377
1496772270533976064
1496772271658176517
1496772271867891714
1496772271964307458
1496772273184952328
1496772273969278979
1496772274149474309
1496772275416322050
1496772276125118465
1496772276871700482
1496772277282930689
1496772279249915904
1496772279702798338
1496772279287517186
1496772279392366593
1496772280193404930
1496772280076349440
1496772282160721920
1496772283091894276
1496772285256155136
1496772285633495044
1496772288460513283
1496772288720830473
1496772290041630722
1496772291467825154
1496772293032222724
1496772294399729667
1496772295951622147
1496772297817935875
1496772298220576768
1496772298908442632
1496772299202170882
1496772299483230209
1496772301764792321
1496772301718708226
1496772302192603141
1496772302448517121
1496772305032146946
1496772305242017795
1496772305447714820
1496772307091693568
1496772307162959876
1496772307041546240
1496772306332360706
1496772310254108673
1496772310853947393
1496772311612944386
1496772312519135233
1496772315681804288
1496772315752787969
1496772316180750343
1496772317011132419
1496772317120065540
1496772317455679488
1496772317732610048
1496772317879291911
1496772318638473216
1496772318609256449
1496772318827204618
1496772319171149827
1496772319087312897
1496772320290955267
1496772320483954689
1496772320559521793
1496772319628435457
1496772321016958977
1496772321318629381
1496772322564644864
1496772322946166786
1496772325005578243
1496772325374578688
1496772325525520386
1496772327081590789
1496772328000147458
1496772327983484928
1496772329577275394
1496772328805449731
1496772329703354370
1496772330021961731
1496772330588368896
1496772331733417985
1496772331712118784
1496772332282470405
1496772332303622145
1496772332475482114
1496772332714606592
1496772334287425540
1496772334644088832
1496772334434529284
1496772335696629771
1496772335621206016
1496772335663259649
1496772335939907592
1496772336007229440
1496772338318254084
1496772338485915651
1496772339551195137
1496772338100371459
1496772339765293057
1496772340545249281
1496772340604047362
1496772342743109635
1496772343175077897
1496772345071284230
1496772345679200257
1496772346828365825
1496772347981971457
1496772347939876866
1496772349256945666
1496772350167203840
1496772350187950085
1496772350762971147
1496772348955230208
1496772352113270785
1496772354524868609
1496772353736409089
1496772355170844677
1496772355217047552
1496772355007266817
1496772353329868803
1496772356668149762
1496772357318488064
1496772357112754179
1496772358073245697
1496772358211788802
1496772358232633344
1496772358375448579
1496772358358507522
1496772358434332676
1496772359256170496
1496772359612780547
1496772359671353346
1496772359705010181
1496772360745242626
1496772362129133569
1496772362255040512
1496772362284453890
1496772362880049156
1496772362586447872
1496772364457189378
1496772364452958210
1496772364700291073
1496772365174378498
1496772365136633860
1496772365153226752
1496772367493697536
1496772368756527109
1496772368663937027
1496772369565761536
1496772369582473219
1496772370173874177
1496772370475986944
1496772370924670982
1496772371914629121
1496772372061429761
1496772372606578699
1496772372791189505
1496772374506659845
1496772375215579140
1496772375324495878
1496772376385761283
1496772378298183681
1496772377803476992
1496772379451613190
1496772378977726464
1496772380483633152
1496772379619606530
1496772381200715778
1496772381502844928
1496772383214030850
1496772384690368520
1496772385860915204
1496772386242236420
1496772387018321924
1496772386900754434
1496772386993348608
1496772387575984131
1496772387953651714
1496772387907407873
1496772388456906753
1496772389178265602
1496772389006618627
1496772389539037190
1496772390184894466
1496772390084542466
1496772390579179525
1496772390822445067
1496772390881095681
1496772391313281032
1496772390944407553
1496772391695167492
1496772392684859392
1496772393238335489
1496772394731843587
1496772396057083905
1496772396451176449
1496772396501463042
1496772396971433984
1496772398707720195
1496772398745595906
1496772398645133313
1496772399462686724
1496772399521726465
1496772400477716483
1496772401396424707
1496772401668898818
1496772401694081026
1496772402772127744
1496772403292164097
1496772403288018944
1496772403879419904
1496772403677962243
1496772403405504514
1496772404764364804
1496772408333766659
1496772408824446977
1496772409227161600
1496772409227354117
1496772408572878850
1496772410540175365
1496772410997100548
1496772411319984131
1496772412506923010
1496772412695797761
1496772413136113664
1496772412926353409
1496772415434620933
1496772416369881088
1496772416592551945
1496772417645170692
1496772420103032833
1496772420207788034
1496772420534943745
1496772420446789633
1496772420597862400
1496772421700886531
1496772421809950720
1496772422309056512
1496772423496126467
1496772423710031872
1496772423793926144
1496772425333161986
1496772426545315842
1496772427094773760
1496772426952482819
1496772428713783297
1496772429561020422
1496772430047686659
1496772431251324928
1496772431884791814
1496772431985266699
1496772432601833476
1496772433310740486
1496772435093463040
1496772437698093057
1496772437903609857
1496772438096502785
1496772438968963072
1496772441015787522
1496772441779191811
1496772442034896897
1496772443226394627
1496772444249411585
1496772445029605379
1496772445658771459
1496772445784588290
1496772447848124419
1496772449098100741
1496772450335567872
1496772450276679689
1496772451270684674
