1490414922617868288
1490414922701885446
1490414923100274688
1490414923079319553
1490414922718535685
1490414923062513668
1490414923930820612
1490414924325175296
1490414925608587273
1490414925822726144
1490414927391117314
1490414927143739394
1490414927714078724
1490414927705948160
1490414928238362633
1490414928917901313
1490414930729873414
1490414930864005127
1490414931161853957
1490414931178573829
1490414932495458305
1490414932533338115
1490414934181793798
1490414934643167233
1490414934865420290
1490414935909806082
1490414936111022081
1490414936173993985
1490414936232804353
1490414936643747844
1490414936807280641
1490414936987770883
1490414937231011843
1490414937822351369
1490414937771941890
1490414937981677568
1490414938015387653
1490414938220908549
1490414938657103882
1490414939147800592
1490414939516948488
1490414940154384385
1490414940020252675
1490414941777666048
1490414942238900229
1490414941957808130
1490414942800863232
1490414943602044932
1490414943560212487
1490414943564275712
1490414943849660417
1490414944126664704
1490414944726110214
1490414944600276993
1490414944998854664
1490414944998903816
1490414944487149570
1490414945288265736
1490414945497804800
1490414947175735297
1490414948274479105
1490414949302251524
1490414949574881288
1490414949734227974
1490414950199832582
1490414950258556937
1490414950581518340
1490414949335711750
1490414952515002369
1490414952452030464
1490414952510808064
1490414953966231560
1490414955027476481
1490414955140689923
1490414955421704192
1490414955698479113
1490414955971198980
1490414956369567752
1490414956495339520
1490414956742778880
1490414956864548867
1490414957153894402
1490414957514706952
1490414958080843780
1490414958957543429
1490414959469158407
1490414959569813506
1490414960907857924
1490414962044456963
1490414963625709577
1490414963634184194
1490414963353178115
1490414964028416004
1490414965001527298
1490414964997332993
1490414965433450501
1490414965857009665
1490414966045757440
1490414968730263553
1490414968847618049
1490414969556553728
1490414969619468297
1490414971292844035
1490414971653705731
1490414971947151360
1490414973050314755
1490414973239058433
1490414973771730947
1490414974472097795
1490414974572941323
1490414974950428679
1490414975235592196
1490414975227031553
1490414975759880194
1490414978582601739
1490414981220904960
1490414981455572992
1490414981560651777
1490414982005084161
1490414982877569033
1490414984018501634
1490414984328892422
1490414984408584195
1490414985163546628
1490414985264123905
1490414985624887299
1490414986299990019
1490414986610364419
1490414986732126211
1490414986820259843
1490414987612930049
1490414988598542336
1490414988829286405
1490414989060018183
1490414989387378688
1490414990179934213
1490414990985244679
1490414991178149894
1490414991194742784
1490414991547289600
1490414991832334337
1490414992033820681
1490414992004304898
1490414992721592326
1490414994730725376
