1411036953005416448
1411036953626042374
1411036953689178113
1411036953647140866
1411036953634500608
1411036953873588224
1411036953991131138
1411036954066657282
1411036953944805376
1411036953923964932
1411036954003611650
1411036953684938762
1411036954519478273
1411036954288955399
1411036954813161474
1411036954783666182
1411036954817449991
1411036954536419341
1411036954792271876
1411036954410426369
1411036955077394435
1411036955220058122
1411036955270258688
1411036955379486720
1411036955488391169
1411036955341582336
1411036955622658049
1411036955555647490
1411036955870072832
1411036955698212868
1411036955861737473
1411036955954008070
1411036955815645186
1411036956083953665
1411036955761012738
1411036955803013120
1411036956276903936
1411036956255997957
1411036956012675072
1411036956402851840
1411036956415479808
1411036956515987457
1411036956541214723
1411036956742590464
1411036956520239105
1411036956562178050
1411036956612497410
1411036956545503238
1411036956167868421
1411036956788678656
1411036956331589639
1411036956855779333
1411036956994146304
1411036957044584456
1411036957036195840
1411036956826378241
1411036957447180293
1411036957262688265
1411036957367422979
1411036957501657090
1411036957669564421
1411036957254115330
1411036956826357760
1411036957539508228
1411036957619142659
1411036959837851648
1411036959061905408
1411036959489855497
1411036959720439811
1411036959640801284
1411036959842045954
1411036958969716745
1411036959854583810
1411036959972024327
1411036959775072258
1411036959955243010
1411036959649067015
1411036959598956544
1411036959380840449
1411036960391634945
1411036960131620876
1411036960274227204
1411036960563499009
1411036960244776966
1411036961012391937
1411036960790138882
1411036960680865792
1411036961159188487
1411036961444335624
1411036961419120643
1411036961721159682
1411036961343631363
1411036961905647621
1411036962195218433
1411036962421608456
1411036962874552324
1411036962941812737
1411036962790776836
1411036963038060544
1411036963516342277
1411036964065792001
1411036964565000192
1411036964451667969
1411036964669870087
1411036964766224389
1411036964409724937
1411036965034631168
1411036965496049669
1411036965919723525
1411036965894512642
1411036965768634369
1411036966477512707
1411036966452445188
1411036966607638536
1411036967035342850
1411036966704066574
1411036966892838913
1411036967165480961
1411036967668756487
1411036968041996296
1411036968318869506
1411036968574672902
1411036968834772993
1411036968926990337
1411036969363132417
1411036969480695821
1411036968931233796
1411036970206199811
1411036970126659585
1411036970562826243
1411036970910953472
1411036971405701120
1411036972051730436
1411036972429238273
1411036972244783104
1411036972605448195
1411036972546760709
1411036973108764674
1411036973586919432
1411036973721022466
1411036973725327362
1411036973293355025
1411036974471806981
1411036974551535616
1411036975029796875
1411036974949879812
1411036975365165058
1411036975860097024
1411036975566508036
1411036976124411906
1411036976099233804
1411036976569098241
1411036976598470664
1411036976904654851
1411036976975806466
1411036978200539136
1411036977932038147
1411036978607394816
1411036979265892355
1411036979576246273
1411036979806949377
1411036979689570317
1411036980293500928
1411036981728006148
1411036981572734977
1411036982067740673
1411036982738882561
1411036982222917642
1411036983141572620
1411036983217033226
1411036983808434179
1411036983368077319
1411036983858806784
1411036984014000128
1411036983946776577
1411036984726990852
1411036983753908232
1411036984466939907
1411036985033064451
1411036985683292161
1411036986106843143
1411036986228498432
1411036985637154820
1411036986610262021
1411036987004309504
1411036987117740041
1411036987491028997
1411036984148176906
1411036988002684934
1411036988073857029
1411036988128518157
1411036988489179136
1411036988917141506
1411036988409618433
1411036988942262272
1411036990473216004
1411036990271799296
1411036990842232841
1411036990859055106
1411036990750048263
1411036991542734851
1411036992108965891
1411036991823642624
1411036993669246976
1411036993224597506
1411036993837010945
1411036994445193220
1411036995292381184
1411036995485327362
1411036995690762241
1411036995858599937
1411036995875479552
1411036995669930006
1411036996550676481
1411036996231995396
1411036996362018816
1411036997024616449
1411036997129424904
1411036997385297920
1411036999033790469
1411036999264374784
1411036999448944643
1411036999247667203
1411036999415484419
1411036999939657728
1411037000241664005
1411036999935426560
1411037000535134210
1411037001122467841
1411037001067995137
1411037002183626758
1411037002309390336
1411037002531749899
1411037002615640068
1411037003022536709
1411037002506641411
1411037003592896523
1411037003832086533
1411037004222144519
1411037004524048391
1411037005706895360
1411037005702569988
1411037006050758663
1411037006327693314
1411037006419922949
1411037004553506827
1411037007007162373
1411037007678148611
1411037007388811272
1411037007757729795
1411037008726724608
1411037008894496774
1411037009049575429
1411037008986886154
1411037009385246720
1411037010647785478
1411037010870128641
1411037010492465155
1411037010937008129
1411037011314610183
1411037011960602625
1411037012321312769
1411037012589752322
1411037012929429511
1411037012942065677
1411037012942000134
1411037012967182348
1411037013239906307
1411037013382467585
1411037013436891139
1411037013705465859
1411037014330281985
1411037015076974602
1411037015366193153
1411037015206993920
1411037016108589066
1411037015899049990
1411037015978741764
1411037015660023816
1411037016515497986
1411037017736200195
1411037017463529479
1411037018348568579
1411037018327486466
1411037017362796548
1411037019682361350
1411037021062189060
1411037019552292871
1411037021070675969
1411037021288665091
1411037021326364678
1411037021225852935
1411037021804515330
1411037021842415618
1411037022270148611
1411037021548826626
1411037022731575301
1411037022928523264
1411037022861541376
1411037023654146049
1411037023159394312
1411037023947870212
1411037023985618947
1411037024069423108
1411037024472207361
1411037024522584073
1411037025264877573
1411037026720309248
1411037026422493186
1411037026728779784
1411037026800095242
1411037026967867396
1411037027085193216
1411037027328479237
1411037027672358916
1411037027261423616
1411037027580133382
1411037028037238789
1411037028066734080
1411037028850995212
1411037028721045511
1411037029006254082
1411037029060722693
1411037029413048326
1411037028918206469
1411037029979262976
1411037030482644992
1411037030151245829
1411037030549762054
1411037030830809088
1411037030382018562
1411037031459954691
1411037031715655683
1411037031740829699
1411037031594135558
1411037031577309186
1411037032412024839
1411037032600596481
1411037032458199051
1411037032889995266
1411037033745768450
1411037033724792842
1411037032726597632
1411037033439674368
1411037035171880960
1411037035431931909
1411037035620671495
1411037035830382595
1411037036161736713
1411037035972943872
1411037034228207622
1411037037499719683
1411037037109653509
1411037037692473347
1411037038233726976
1411037038451642369
1411037039080902659
1411037039169052677
1411037039496241153
1411037039546585091
1411037040007917571
1411037039961821192
1411037040838287361
1411037040787955712
1411037040968302593
1411037041035464709
1411037042209873920
1411037042276982784
1411037041773711364
1411037042595840013
1411037043040219141
1411037042755129352
1411037043354972163
1411037043141009411
1411037044248223747
1411037044319473665
1411037044797751298
1411037044520914946
1411037044885921794
1411037045749911558
1411037047083704321
1411037047419244546
1411037047779774464
1411037047637397504
1411037048081891335
1411037048211976197
1411037048664956928
1411037048832679938
1411037050195824640
1411037049814138882
1411037050707578895
