1340688692822863884
1340688693124882433
1340688693204574210
1340688693405896705
1340688693548507136
1340688693611405315
1340688693644943361
1340688691900112896
1340688694215405570
1340688694148091905
1340688694144081925
1340688696354476032
1340688696480284673
1340688696287354881
1340688696316751874
1340688697121882113
1340688696882900993
1340688697331757056
1340688697939910658
1340688698128683011
1340688698237734914
1340688697759559683
1340688698715717633
1340688700473102336
1340688700573925377
1340688700745920513
1340688700058062850
1340688700376813570
1340688701102297094
1340688701035335684
1340688701387620354
1340688701857419272
1340688701052104704
1340688702016614400
1340688701895172096
1340688701953769472
1340688702075375616
1340688702314569728
1340688702700457984
1340688704747278337
1340688705166688259
1340688705376444416
1340688705376428032
1340688705770676226
1340688705657442304
1340688705892339713
1340688705867137024
1340688706261422081
1340688706383065088
1340688706685038595
1340688705229615104
1340688706907353092
1340688706865381376
1340688706840178688
1340688707079290880
1340688707196612609
1340688708895432704
1340688708446662662
1340688709012905985
1340688709314879491
1340688709264543747
1340688710027907074
1340688710476685313
1340688710497656832
1340688710816264194
1340688710044704768
1340688709402972160
1340688711323947008
1340688710619131905
1340688710808047618
1340688710464094214
1340688712284467200
1340688712863281157
1340688713572036610
1340688713827815425
1340688714104762369
1340688714251558912
1340688714679369730
1340688714775846913
1340688714603884548
1340688714469691394
1340688715308523521
1340688715291746313
1340688716873027586
1340688717774790663
1340688717263101952
1340689132977270785
1340689133178634241
1340689133161902080
1340689133505638401
1340689133723934721
1340689134415990787
1340689134730567685
1340689134755692547
1340689136970285058
1340689136383102978
1340689137154859008
1340689137217761280
1340689137062572032
1340689137377140738
1340689137666539521
1340689137742077952
1340689138044026880
1340689138065035265
1340689138492665858
1340689138677395458
1340689139428171777
1340689139323314178
1340690080130871296
1340690080097312775
1340690080277667842
1340690080772579328
1340690080965472262
1340690081003278337
1340690080948731907
1340690081229791239
1340690081472860162
1340690081556832256
1340690081665986566
1340690081850515457
1340690081699549186
1340690081900867588
1340690082064379906
1340690084987846656
1340690085222764544
1340690085365354498
1340690085403127809
1340690085361102848
1340690085411315712
1340690085487005699
1340690085919010816
1340690086115958784
1340690086069940226
1340690086053224450
1340690086183243779
1340690086577451014
1340690086728527874
1340690087294603264
1340690087391023105
1340690087655460864
1340690087688990720
1340690087970033669
1340690088209108993
1340690089228251137
1340690089609969666
1340690089425461252
1340690089999888390
1340690090163617799
1340690339070394369
1340690339225464832
1340690339330469889
1340690339347107840
1340690339758305286
1340690339741519876
1340690340307714048
1340690340374847488
1340690340941078528
1340690340928516096
1340690340882333704
1340690341146492931
1340690341121433604
1340690341515599873
1340690341658308608
1340690342132236291
1340690341297598464
1340690342249684995
1340690342174027777
1340690342258085889
1340690342476017665
1340690342962708489
1340690344728518664
1340690345085067264
1340690345349296129
1340690345496096768
1340690345810653185
1340690345777123335
1340690346024591360
1340690345772892166
1340690345991024642
1340690345990995971
1340690346230079489
1340690346607521793
1340690346586611721
1340690347114913792
1340690347354173441
1340690348935299072
1340690348931248128
1340690349254184961
1340690349375762433
1340690349539385345
1340690349606449156
1340690349895938049
1340690349640052738
1340690349535145984
1340690349803655171
1340690349811933185
1340690350264872961
1340690350273425416
1340690350063689731
1340690350390857729
1340690350323740675
1340690350432727048
1340690350747381762
1340690350894145536
1340690353163300868
1340690352974548993
1340690353180073985
1340690353716912137
1340690354216067073
1340690353519796225
1340690354631290884
1340690355063287808
1340690355176558592
1340690355285536772
1340690355365167105
1340690355604353026
1340690356195766281
1340690356472586242
1340690356585832450
1340690357382770689
1340690358502645760
1340690358531928073
1340690358460674048
1340690358808801280
1340690359068798979
1340690359198740480
1340690359567798273
1340690359647649792
1340690360020942855
1340690360280997889
1340690361488969729
1340690361128280064
1340690361539325956
1340690361740636160
1340690361925120001
1340690362365595649
1340690362357178368
1340690362558423041
1340690362583699456
1340690362843729922
1340690362986336256
1340690363170906114
1340690363296735235
1340690806236180481
1340690806454272008
1340690806424838144
1340690806819221505
1340690806999560192
1340690807318261764
1340690807616020486
1340690807435751433
1340690807649689601
1340690807679045637
1340690807280586753
1340690808417226752
1340690808366776320
1340690808345923588
1340690808379494400
1340690808794722306
1340690810350792706
1340690810241740806
1340690810967343107
1340690810774368259
1340690810891845633
1340690811072040962
1340690810845671424
1340690811856404480
1340690812154200065
1340690812133261312
1340690811906912256
1340690812540252161
1340690812397563904
1340690814897434626
1340690814993887232
1340690814759022593
1340690815451062286
1340690815388184581
1340691986047709185
1340691986098040833
1340691986454630400
1340691986479771648
1340691986509008896
1340691986836201482
1340691986798526464
1340691986987307009
1340691987025043459
1340691987389931521
1340691987448680450
1340691987402424322
1340691987419152384
1340691987847127040
1340691987997978625
1340691988165771264
1340691988425945090
1340691988425936899
1340691988497068032
1340691988455313409
1340691988463628289
1340691989197631488
1340691989231243264
1340691989470322688
1340691989512089600
1340691989495476224
1340691989914738689
1340691990078484481
1340691990191636485
1340691990242078720
1340691990304976897
1340691990346907650
1340691990690861056
1340691990644592640
1340691990661480448
1340691990711820288
1340691989751341056
1340691990858657792
1340691990783033344
1340691990997049345
1340691993253588994
1340692496268095495
1340692496242884609
1340692496255430662
1340692496351899648
1340692496469401600
1340692496272257034
1340692496536522752
1340692496599441408
1340692496792363011
1340692496851087362
1340692497534574592
1340692497421352961
1340692497891258376
1340692498142932992
1340692498226753536
1340692498700771329
1340692498948059136
1340692498935529472
1340692499149578241
1340692499338326018
1340692500873236482
1340692501171232772
1340692501800361985
1340692501892640774
1340692502223970304
1340692502337077250
1340692502312083461
1340693812650389507
1340693812386148358
1340693812541181953
1340693812591669249
1340693813036163073
1340693812629401602
1340693813099192320
1340693813325643784
1340693813065641993
1340693813560561664
1340693813757665281
1340693813757693954
1340693813837373442
1340693813992546308
1340693814034489345
1340693814042882050
1340693814214881291
1340693814349062145
1340693814428753920
1340693814806073344
1340693815104036865
1340693815116529664
1340693817662578693
1340693817721155586
1340693817767419906
1340693817918435328
1340693818346270727
1340693818845368322
1340693818748899328
1340693818933456899
1340693818920873989
1340693819243851779
1340693819424079872
1340693819579392000
1340693819843612673
1340693820208508930
1340693820242075648
1340693821932396545
1340693822146273280
1340693822662164485
1340693823027077120
1340693822947340290
1340693823475740673
1340693823794663424
1340693823899484161
1340693823631056897
1340693823869997057
1340693824025321481
1340693824105005057
1340693824239067158
1340693826063708166
1340693826260914179
1340693826890031108
1340693827141693443
1340693827355439104
1340693827703762944
1340693827791671296
1340693827946987522
1340693827959607299
1340693827850559490
1340693828022484992
1340693827993133057
1340693828320292865
1340693828232220675
1340693828311920643
1340693828311932932
1340693828618096641
1340693830539112448
1340693830710882305
1340693830752989184
1340693831583477763
1340693831893827590
1340693832455884803
1340693832292298752
1340693832770465793
1340693833252818945
1340693833110175744
1340693833412005888
1340693832585760769
1340693833848385536
1340693834980798464
1340693834964058113
1340693835383488512
1340693834825486336
1340693835874258947
1340693835924594690
1340693836008484864
1340693835584716805
1340693836754907136
1340693838650871810
1340693839296815107
1340693839049236480
1340693839418449921
1340693839774932993
1340693839800016898
1340693839917539330
1340693839812710400
1340693839380701190
1340693840349585409
1340693840425070594
1340693840366362640
1340693840336842752
1340693840550883337
1340693840580194305
1340694882172616704
1340694882051043332
1340694882093047808
1340694882126450688
1340694882524876801
1340694882348875776
1340694882541662208
1340694882780897282
1340694882827038725
1340694882801729538
1340694883296796674
1340694883212902400
1340694883305218048
1340694883007401984
1340694883393105920
1340694883418435588
1340694883556880387
1340694883972108303
1340694883858845696
1340694883946942464
1340694884131500044
1340694884446035969
1340694884823535617
1340694885024882688
1340694885108748292
1340694885393960964
1340694887520489475
1340694887730188296
1340694887788916739
1340694887558201344
1340694888170614784
1340694888673734656
1340694888921374720
1340694889521037312
1340694889697308682
1340694891853176837
1340694892096450581
1340694892377325568
1340694891874140160
1340695202751631360
1340695203276009472
1340695202877616128
1340695203183796224
1340695203133468674
1340695203678740486
1340695203695505409
1340695203821314048
1340695203942866945
1340695204144308225
1340695204144291840
1340695204240748546
1340695204014280707
1340695204425330688
1340695204165140483
1340695204916019203
1340695205134123010
1340695206044307456
1340695206237106183
1340695206308573194
1340695206774120450
1340695206862176256
1340695207092789248
1340695206992199683
1340695207390695425
1340695207461982220
1340695207759777795
1340695207587835905
1340695207684280321
1340695208326025220
1340695208372137984
1340695210255368192
1340695210335080449
1340695210502795264
1340695210314051584
1340695208271486977
1340695211081670659
1340695211220021249
1340695211249455109
1340695210796457990
1340695211350044673
1340695211274596353
1340695211941380096
1340695214315380737
1340695214378237953
1340695214617325570
1340695214483095553
1340695211949735938
1340695214600712195
1340695214927835139
1340695214961397762
1340695215246626821
1340695215355531264
1340695215313719302
1340695214869127174
1340695215846301697
1340695216135782400
1340695216232169472
1340695216450355203
1340695216504889346
1340695216593006594
1340695216504901633
1340695216244674560
1340695216676888576
1340695216832036864
1340695215821246472
1340695218748846082
1340695219214364676
1340695218970972161
1340695219172302848
1340695219151523846
1340695218648207360
1340695219612905472
1340695219596083203
1340695219742920713
1340695219918913537
1340695219944128512
1340695220225236994
1340695220359467011
1340695220330106881
1340695220627902466
1340695220921356291
1340695222955720704
1340695222842519552
1340695223119261704
1340695223152898052
1340695223878479874
1340695224205492224
1340695224230817792
1340695224255823872
1340695224335609858
1340695224536993793
1340695872695353349
1340695872246562816
1340695872909307905
1340695872942686209
1340695868924694529
1340695873156595712
1340695872779276289
1340695873307566080
1340695873638916098
1340695873865576449
1340695873978712064
1340695874058465285
1340695874326945798
1340695874494730248
1340695874352140290
1340695874754785280
1340695874893037569
1340695874872209410
1340695874905763840
1340695877086797827
1340695877049061377
1340695877267181570
1340695877434789888
1340695878525284353
1340695878793719810
1340695878244425729
1340695879292837890
1340695878823256064
1340695879175561218
1340696118800363520
1340696118003429382
1340696119060402176
1340696118838128641
1340696119572094976
1340696119551156226
1340696119827984387
1340696120016707585
1340696120369041411
1340696120540995585
1340696120297742338
1340696120784166912
1340696121140793345
1340696121652486151
1340696122046652416
1340696121568583689
1340696122420056071
1340696122621358083
1340696122818523158
1340696124521406466
1340696124701732866
1340696125263777793
1340696125372653569
1340696125536432131
1340696125477695488
1340696125490270210
1340696125892743168
1340696126006018049
1340696126039724032
1340696126132023302
1340696126366896130
1340696126429782016
1340696126975062016
1340696126626934792
1340696127058792448
1340696126966673411
1340696128673755137
1340696128505917443
1340696128770240515
1340696128073965573
1340696128828928005
1340696128996696076
1340696128187056128
1340696129147707393
1340696129374175234
1340696129453907970
1340696129659269122
1340696129038643201
1340696129768484866
1340696130292752386
1340696130397433856
1340696130498260999
1340696130603134976
1340696132821921792
1340696132993859585
1340696133119717384
1340696133765632002
1340696133731897345
1340696134017310720
1340696133920681984
1340696134117969920
1340696134264754180
1340696134466023425
1340696134654840833
1340696134738726913
1340696134835167247
1340696134956818432
1340696134948306945
1340696134705172486
1340696134654816257
1340696135183286272
1340696137053958150
1340696137066541057
1340696136793923584
1340696137255301121
1340696137079111683
1340696137385316353
1340696138094051328
1340696138148671488
1340696138173825024
1340696138219880448
1340696138395992065
1340696138547142656
1340696138563903490
1340696138698121217
1340696138802999298
1340696138895265792
1340696138974949376
1340696138828156929
1340696139037896705
1340696139146944514
1340696139255803904
1340696139247579138
1340696142028292101
1340696142300868608
1340696142661758976
1340696142632415234
1340696142913417220
1340696142372364298
1340696142141526018
1340696143357947906
1340696143605473283
1340696143383191556
1340696145593548800
1340696144524046338
1340696145895579648
1340696145807478784
1340696145715220483
1340696146088505344
1340696146075906049
1340696146411450370
1340696146792968193
1340696146847608833
1340696146877026310
1340696146524729347
1340696146923061249
1340696146889433088
1340696147166425089
1340696147157987330
1340696147250319361
1340696147183218688
1340696147552137217
1340696147673968642
1340696147766198275
1340696149724979201
1340696149792088066
1340696149695606788
1340696149985005568
1340696150249271296
1340696150303625216
1340696150274437120
1340696150437994498
1340696150601396224
1340696150626603010
1340696150526091264
1340696150634971137
1340696150739984390
1340696150916120578
1340696150958075916
1340696151276756996
1340696151331229697
1340696151406817280
1340696151486586883
1340696151314608128
1340696151574470656
1340696153969573890
1340696450326380544
1340696450544652289
1340696450850799617
1340696450829848576
1340696451102482439
1340696450779541507
1340696451307978754
1340696451806949381
1340696451865841664
1340696452427882501
1340696452700377089
1340696452759244800
1340696453023461378
1340696453237395460
1340696453023485953
1340696453778423809
1340696453853949952
1340696453958819840
1340696455850446850
1340696456072732680
1340696456202756096
1340696456227815425
1340696456429072384
1340696456789782529
1340696457284898817
1340696456999677952
1340696457482031105
1340696457477812225
1340696457670746112
1340696457960165377
1340696457914048515
1340696458333483008
1340696458031476740
1340696458325069830
1340696458241163264
1340696458530607106
1340696458454913024
1340696458677370882
1340696460116058114
1340696460522905601
1340696460631945217
1340696460917166082
1340696461244329986
1340696461210767362
1340696461369958405
1340696461651161093
1340696461814673413
1340696462049599488
1340696462146088961
1340696462389338112
1340696462393565184
1340696462519316492
1340696462599069701
1340696462624112642
1340696463978889221
1340696464054497282
1340696464339570688
1340696464469729282
1340696464767508480
1340696464994021376
1340696464926752768
1340696465031749633
1340696465161691137
1340696464956256256
1340696465417629701
1340696465589583873
1340696465933541379
1340696466311028738
1340696466407436288
1340696466441035777
1340696466545905664
1340696468668203008
1340696468559171586
1340696468647251970
1340696468924100608
1340696468827549700
1340696468722647041
1340696468999593986
1340696469213474818
1340696468462690305
1340696466831138822
1340696468915515392
1340696469821661185
1340696469477748737
1340696469557243906
1340696470643560448
1340696470551482376
1340696472585531392
1340696472568745986
1340696471918817282
1340696472610738176
1340696472518414337
1340696472698818560
1340696472753455108
1340696472698966018
1340696472912875520
1340696472967385088
1340696472984031233
1340696473080537088
1340696472812220417
1340696473009176578
1340696473822904320
1340696473911107584
1340696473894154241
1340696473953026052
1340696473910923264
1340696474078703617
1340696474175197184
1340696474070315010
1340696474229878789
1340696474305191937
1340696474468765697
1340696476779950088
1340696476700295178
1340696477061050371
1340696477425950723
1340696477727920128
1340696477656477696
1340696477958434817
1340696477912449028
1340696477954433024
1340696478147256321
1340696478461943808
1340696478562603009
1340696478143148035
1340696478960914434
1340696479044911106
1340696479074316293
1340696479174975488
1340696479267233794
1340696478642159616
1340696477870350337
1340696480668008449
1340696481217585153
1340697003462963200
1340697003626393600
1340697003995623431
1340697003945168896
1340697004192763905
1340697004285018112
1340697004297646081
1340697005220188160
1340697005279113217
1340697005333635080
1340697005291671556
1340697005337796608
1340697005434281988
1340697005568315393
1340697005513977867
1340697006583541768
1340697006843551747
1340697006868672513
1340697007023771649
1340697007204253697
1340697007208488966
1340697007279796226
1340697007149756420
1340697007476924421
1340697006990184448
1340697007724371968
1340697008097685507
1340697008240246787
1340697008236064768
1340697009678913536
1340697009913819144
1340697010014445568
1340697010467467265
1340697010693877762
1340697011079802880
1340697011062861830
1340697011448913921
1340697011344056321
1340697011566198784
1340697011641851907
1340697727911550976
1340697728528035846
1340697728708472836
1340697728590987265
1340697728766992384
1340697727462748161
1340697728938995712
1340697729157259265
1340697728502915074
1340697729379528707
1340697727370452993
1340697729769598977
1340697729673158656
1340697729916350471
1340697730327347210
1340697730872725504
1340697731195613184
1340697730809819136
1340697731409604610
1340697731510149120
1340697731376050182
1340697731774308352
1340697731896143874
1340697732089057280
1340697732168749059
1340697732151877635
1340697731749322753
1340697732839817216
1340697732776771584
1340697732655292417
1340697732625797122
1340697735188652037
1340697735385780227
1340697735268327427
1340697735415144472
1340697735570153473
1340697735595483137
1340697735666819076
1340697735717011460
1340697735763148800
1340697735914250240
1340697736073646087
1340697736270794757
1340697736241405956
1340697736673439746
1340697736723582976
1340697735842979840
1340697736845377536
1340697736753111042
1340697736786698245
1340697735318614017
1340697736983658496
1340697737092878346
1340697737520705536
1340697737658920960
1340697737617166339
1340697737499697153
1340697739236159489
1340697739324256256
1340697739542159360
1340697739831746570
1340697740179689473
1340697740628639746
1340697740972535809
1340697741211496449
1340697741169594369
1340697741282996230
1340697743497568258
1340697743543717888
1340697743631798272
1340697743619080192
1340697743786995713
1340697743933788165
1340697743476441088
1340697744160251906
1340697744231583744
1340697744298618883
1340697744344805383
1340697744621645824
1340697744797806599
1340697744801853440
1340697745011695622
1340697745070452738
1340697745154338816
1340697745011650564
1340697745364008960
1340697745644953600
1340697747809300481
1340697748190982145
1340697748375482368
1340697747872215040
1340697749067624450
1340697749235363842
1340697749323476996
1340697749709328386
1340697749700800512
1340697750069981193
1340697750145478656
1340697750271356928
1340697752024588294
1340698186822901761
1340698186869043203
1340698187154145285
1340698187347226636
1340698187435307008
1340698187489669121
1340698187821101057
1340698187938623489
1340698187850424320
1340698187737296896
1340698187967967239
1340698188131541011
1340698188198506496
1340698188743925760
1340698188806811655
1340698188987191297
1340698189217878016
1340698189687603205
1340698189964451840
1340698190350303235
1340698190266441730
1340698192564916226
1340698193366028289
1340698193374433290
1340698193831620609
1340698193810628611
1340698193894498318
1340698194196353024
1340698194489929728
1340698194745896960
1340698194997592084
1340698195056324611
1340698195228323842
1340698196629078017
1340698197266751499
1340698197753139200
1340698197837135878
1340698197954445319
1340698198181068800
1340698198587953152
1340698198650855424
1340698198881406977
1340698199007391751
1340698199300984832
1340698199309348864
1340698199422455811
1340698199615483907
1340698199728791556
1340698199422611457
1340698200923983874
1340698201192615944
1340698201360371712
1340698200882229250
1340698201377165313
1340698201507192834
1340698201498808322
1340698201901297664
1340698202081808386
1340698202161491975
1340698202203418629
1340698202241155093
1340698202463293445
1340698202325061634
1340698202358497281
1340698202144559104
1340698203147165699
1340698203042295811
1340698203105189888
1340698204740972556
1340698204816457730
1340698204833280002
1340698204854095872
1340698204594159616
1340698205185597441
1340698205101707264
1340698204837474306
1340698205374201856
1340698204820664320
1340698205848256514
1340698206007648258
1340698206074785799
1340698206087344129
1340698206083162115
1340698206750076928
1340698206804557826
1340698209145004033
1340698209463746563
1340698209618964481
1340698209602166784
1340698209543467009
1340698210055151618
1340698209862074368
1340698210059218944
1340698210210357250
1340698210562699264
1340698210650775552
1340698210038374404
1340698210889809926
1340698211682553861
1340698211015540742
1340698212261384201
1340698212726951939
1340698213196718080
1340698213154758656
1340698212299132933
1340698213389627396
1340698213775409154
1340698214010335233
1340698214366887937
1340698214467575808
1340698214744399872
1340698214907916299
1340698215214145544
1340698217428738048
1340698217541996544
1340698862474944513
1340698862806286338
1340698863104126977
1340698863427006471
1340698863867486208
1340698863989121024
1340698864177844226
1340698864349802503
1340698864576311299
1340698865029296129
1340698865138167808
1340698867860443136
1340698867730423810
1340698868221095936
1340698868393136129
1340698868820946951
1340698868862889988
1340698868858687488
1340698869433323523
1340698869672361988
1340698869596737537
1340698869705961474
1340698869730963462
1340698869936484352
1340698871840817153
1340699198182842370
1340699198317076480
1340699198430326792
1340699198619086854
1340699198644228096
1340699199063662593
1340699199181119494
1340699199264985089
1340699199122403329
1340699199260696577
1340699199755661313
1340699199785070592
1340699200619745284
1340699200821092354
1340699200988749825
1340699200695148544
1340699200967888899
1340699200783323139
1340699201299230720
1340699201420685320
1340699201555091458
1340699201529733121
1340699201613737986
1340699201739612164
1340699202008080384
1340699203442491392
1340699203559940097
1340699204172341248
1340699204323213313
1340699204432375810
1340699204675616768
1340699204671385603
1340699205027786754
1340699205170507785
1340699205233422338
1340699205401255937
1340699205573242880
1340699207376650240
1340699207280123907
1340699206617468928
1340699207791874050
1340699207645057026
1340699207787835394
1340699207749914626
1340699208194600960
1340699208324673544
1340699209012453376
1340699208928559104
1340699208798646273
1340699209218072579
1340699209272573952
1340699211545927683
1340699211658977280
1340699212019871746
1340699212103598080
1340699212170858499
1340699212502188033
1340699211952775169
1340699212686778369
1340699212657414145
1340699212741189637
1340699212875493379
1340699563582222337
1340699563460538369
1340699563708039169
1340699563854729216
1340699564265889796
1340699564710522881
1340699564915924993
1340699564899147776
1340699565100560390
1340699565347856384
1340699565620531200
1340699566102949889
1340699568032378881
1340699568183373825
1340699566262415363
1340699567650697217
1340699568493748225
1340699568846102534
1340699569001271302
1340699568946606081
1340699568837697538
1340699568959344640
1340699569156358145
1340699569219395586
1340699569278119937
1340699569408122882
1340699569823358977
1340699569710112769
1340699572725837825
1340699572843274240
1340699573006655488
1340699572570624005
1340699573224878080
1340699573254275072
1340699573702991872
1340699573707177984
1340699573803769859
1340699574298656770
1340699574445498369
1340699574550339586
1340699574437109766
1340699574676180994
1340699574810386433
1340699574684495875
1340699575112220672
1340699576387457025
1340699576647507969
1340699576702013448
1340699576769101827
1340699576815251458
1340699577129660419
1340699577196933121
1340699577637359616
1340699577666723841
1340699577851256833
1340699577947713543
1340699577154818050
1340699578035810305
1340699577528279042
1340699578618814464
1340699578996301832
1340699580619513858
1340699580841734145
1340699581257031682
1340699581290487811
1340699581823266817
1340699581609353223
1340699582494334977
1340699582548815874
1340699582544560128
1340699581655334912
1340699582695616518
1340699584742518784
1340699583899430912
1340699584708964357
1340699584977281026
1340699583333216257
1340699585115807751
1340699585270919169
1340699583488245761
1340699584998289408
1340699585614934020
1340699585933664257
1340699585518448643
1340699586357243907
1340699586290208769
1340699585925267457
1340699586294366211
1340699586420203522
1340699586676076552
1340699589012295681
1340699588957761537
1340699588936806401
1340699589398024192
1340699588995534859
1340699983301980161
1340699983557832710
1340699984124100608
1340699984577093634
1340699984870699013
1340699984728121344
1340699984736505856
1340699984946196483
1340699985231425541
1340699985436942340
1340699985436938241
1340699985554378754
1340699985537454080
1340699985613090820
1340699985726332928
1340699986112225280
1340699985571172359
1340699986095460360
1340699987492163586
1340699987802468353
1340699987961806849
1340699988452642823
1340699988632989696
1340699988712693765
1340699988486017026
1340699988913876992
1340699988855193600
1340699989153083394
1340699989421535232
1340699989492850692
1340699989899702273
1340699990189109249
1340699990348484608
1340699989262024707
1340699990490980353
1340699991896154113
1340699992005070851
1340699992114286594
1340699992147845121
1340699992470786048
1340699992789577733
1340699992952999937
1340699992806322179
1340699992688742401
1340699992483385344
1340699993129234432
1340699993141874694
1340699993326440451
1340699993385164801
1340699993418678274
1340699993339006979
1340699993439490048
1340699993557131272
1340699993284497408
1340699995859771393
1340699996170141698
1340699996396675077
1340699996644110338
1340699996509753349
1340699996971180032
1340699997143248897
1340699997470294019
1340699997508145153
1340699997562576897
1340699997860335617
1340699998380560385
1340699999965986819
1340700000104427527
1340700000129527809
1340700387276447744
1340700387309985798
1340700387347734530
1340700386982813696
1340700387582480385
1340700387532283905
1340700387574247435
1340700387771334657
1340700388073365509
1340700388140322819
1340700388392116228
1340700388207554562
1340700388912148481
1340700388899602433
1340700389465845760
1340700389432320001
1340700390094999552
1340700389524578306
1340700390254387201
1340700390376005638
1340700390535262208
1340700390652833793
1340700390640250881
1340700391307173896
1340700391332261891
1340700391386824704
1340700391521079298
1340700391663661062
1340700391202320384
1340700391705628688
1340700392389111808
1340700392540295177
1340700392913420288
1340700393169252352
1340700393299275776
1340700394293497856
1340700395027517440
1340700395035897857
1340700395102822400
1340700395446947845
1340700395820228612
1340700395941838854
1340700613215211527
1340700613269663748
1340700613294886913
1340700613265530882
1340700613638639616
1340700613655605249
1340700613588385792
1340700613789806593
1340700613856776193
1340700614007861251
1340700614339117058
1340700614020489217
1340700614272167936
1340700614834212866
1340700614909698049
1340700616868425729
1340700616998281216
1340700617535332358
1340700617778585603
1340700617140932608
1340700618051125248
1340700618076409856
1340700618101579782
1340700618223054849
1340700618365820934
1340700618437009408
1340700618504216576
1340700618877505538
1340700618999164930
1340700619359842304
1340700619447836672
1340700620710440965
1340700620957704193
1340700989968494593
1340700989809184768
1340700990232801280
1340700990320865282
1340700990622867460
1340700990656360448
1340700990580801537
1340700990815780870
1340700990849179648
1340700990937378816
1340700991012921346
1340700991214260229
1340700991369474056
1340700991587561472
1340700991818260480
1340700991835009026
1340700991927271425
1340700991482683392
1340700991931473921
1340700992195624963
1340700992350769152
1340700992283631616
1340700992363499520
1340700992317386769
1340700993978298368
1340700994288685063
1340700994548711432
1340700994527780865
1340700994800209922
1340700994494197762
1340700994762661888
1340700994804563976
1340700994594893824
1340700994980724738
1340700994926227456
1340700995156905984
1340700994976370688
1340700995182071810
1340700995395997697
1340700995328888837
1340700995890778112
1340700995840581635
1340701249562431490
1340701249520332800
1340701249759547393
1340701250078142464
1340701249771978753
1340701250313199618
1340701250489335809
1340701251282087940
1340701251240128516
1340701250187382784
1340701249746964486
1340701250753540097
1340701252091559939
1340701252498415626
1340701252511035405
1340701251504205824
1340701252712280074
1340701252838187009
1340701254364880900
1340701254448766976
1340701254150975488
1340701254578630657
1340701254654287873
1340701254603960320
1340701254717218823
1340701254851448836
1340701254885007361
1340701255245684739
1340701255627395073
1340701255702892544
1340701255665119237
1340701255937777664
1340701256046678016
1340701256046657536
1340701256080371720
1340701391657046016
1340701391732531200
1340701391883563010
1340701391568990209
1340701392621744135
1340701392739168262
1340701392768544768
1340701392860803073
1340701392781111297
1340701393506594816
1340701393481547777
1340701394379157504
1340701394660175879
1340701394903379970
1340701394907459591
1340701394920034305
1340701395025059841
1340701394983120900
1340701396774002689
1340701396815859712
1340701396795084803
1340701396924952582
1340701397092769792
1340701397155786752
1340701397134675968
1340701397654900738
1340701398007238656
1340701398460227584
1340701397940056066
1340701398128680960
1340701398569140224
1340701398896394246
1340701398816710659
1340701399169024005
1340701399156477959
1340701401106804739
1340701401190686720
1340701401475911680
1340701401601683467
1340701401656094722
1340701402268643328
1340701402205700097
1340701402243411968
1340701402360926209
1340701403199770629
1340701403296247809
1340701403317215233
1340701405112254472
1340701404948819969
1340701405074485249
1340701919493296129
1340701919531155471
1340701919812186116
1340701919950606337
1340701919912681472
1340701920504160256
1340701920667701248
1340701920697073664
1340701920911089665
1340701921120804864
1340701921229869057
1340701921229811712
1340701921410215943
1340701921624150022
1340701921657688064
1340701921934340099
1340701922546823172
1340701922592837632
1340701922718789635
1340701922773364738
1340701923071021056
1340701925046702084
1340701925470310401
1340701925348683776
1340701925386403844
1340701925583564801
1340701925063442433
1340701925558370316
1340701925851873281
1340701925822636054
1340701926120415245
1340701926082703360
1340701926195793921
1340701926443413504
1340701926560829446
1340701926720040962
1340701926812504070
1340701926879420417
1340701926929776640
1340701927026389012
1340701927286464514
1340701929391984652
1340701929341661184
1340701929404559360
1340701929396158466
1340701929622691852
1340701929995984896
1340701930188906496
1340701930776125445
1340701930100727808
1340701931338158080
1340701931367522304
1340701930746687491
1340702637897879552
1340702637944139780
1340702638061531136
1340702638061604870
1340702638107713536
1340702638392881171
1340702638489231362
1340702638623494145
1340702638803832832
1340702638854193153
1340702638791405572
1340702638971695105
1340702638950608898
1340702639542157314
1340702639659622401
1340702639806271488
1340702639873515523
1340702639479160832
1340702640074862604
1340702640112545798
1340702640041299968
1340702640238374919
1340702640204877824
1340702642582896642
1340702642360758274
1340702642562084865
1340702642817953793
1340702643249922048
1340702643446894593
1340702643665186820
1340702643547762690
1340702643656781824
1340702643761627143
1340702643392573441
1340702644202070016
1340702643677786112
1340702644512370689
1340702644546002945
1340702646764666881
1340702646915751942
1340702647070834691
1340702647087738881
1340702647007936512
1340702647653961729
1340702647838498817
1340702648052436994
1340702648140525568
1340702648111128578
1340702648220180485
1340702648471867396
1340702648845086720
1340702648983453699
1340702649180708866
1340702649080012801
1340702649260384264
1340702649252012034
1340702649340071940
1340702650828898305
1340702651315486721
1340702650925535235
1340702651525320704
1340702651684687874
1340702651604996097
1340702651579846663
1340702651646808064
1340702651751796738
1340702651881828362
1340702651873447938
1340702651923767298
1340702652448067607
1340702652439666688
1340702652510965763
1340702652540145664
1340702652221538308
1340702652905230343
1340702655165960193
1340702655186952192
1340702655807696898
1340702655962738700
1340702656214523904
1340702656235499525
1340703083836432388
1340703084364881928
1340703084519936004
1340703084545253376
1340703084641546246
1340703084528480256
1340703084994064384
1340703085317009410
1340703085027418113
1340703085358952448
1340703085413478409
1340703085790961665
1340703085786763270
1340703085878890497
1340703086034227201
1340703086327836673
1340703086290071559
1340703087066030095
1340703087363809283
1340703087334465538
1340703087435112449
1340703087854424065
1340703087724519426
1340703087808417792
1340703087753895940
1340703087917469696
1340703088110424064
1340703088307548165
1340703088877944834
1340703091184824321
1340703091637821441
1340703091470045201
1340703091830771712
1340703092208222209
1340703090270490626
1340703092522823684
1340703092380188675
1340703092904488961
1340703092472487936
1340703093432922114
1340703093294571520
1340703093781049345
1340703095492407298
1340703095777599489
1340703095752450048
1340703096016576513
1340703096104579072
1340703096192811010
1340703096146673665
1340703096134131714
1340703096603873284
1340703096926740480
1340703096859742211
1340703097132371970
1340703096821956608
1340703097253969920
1340703097295925249
1340703097383993349
1340703099770552327
1340703099749470208
1340703099451797504
1340703100454096896
1340703100399738880
1340703100609458180
1340703100647006210
1340703100856901633
1340703101037101058
1340703100437475331
1340703101456670720
1340703101804802048
1340703102119374856
1340703102404616193
1340703102920519681
1340703102987452417
1340703103830675456
1340703104463986695
1340703104635981826
1340703104682106880
1340703104879058944
1340703105088942080
1340703105000812546
1340703105344745472
1340703105256591361
1340703105600647169
1340703105579581441
1340703105697140741
1340703104954740740
1340703105772564481
1340703108108857347
1340703108234665992
1340703108410818560
1340703108431790081
1340703108754759683
1340703109287464972
1340703109379747840
1340703109732024326
1340703109883064320
1340703110117769222
1340703110210183171
1340703110491111424
1340703110746886145
1340703112089243659
1340703112223449099
1340703112563097600
1340703112588374016
1340703113095864325
1340703113183956992
1340703113305415681
1340703113523712007
1340703113511104513
1340703114165276672
1340703114442076160
1340703113817321478
1340703114475806731
1340703114563870726
1340703114605768706
1340703114937118720
1340703116371628035
1340703116371652614
1340703116405002240
1340703116384215044
1340703116510056455
1340703116879163395
1340703116832989184
1340703116937801732
1340703117394980867
1340703117491376130
1340703117873049604
1340703117969661953
1340703117990481921
1340703118196137990
1340703118116311043
1340703118208757760
1340703118334578689
1340703118728851459
1340703118791741443
1340703118754013191
1340703118867058689
1340703120633061380
1340703120549158917
1340703120377208835
1340703120670687232
1340703121123774466
1340703121253666816
1340703121501249542
1340703121367035906
1340703121123799041
1340703121559973888
1340703121891311621
1340703122411405313
1340703122889596929
1340703122986037250
1340703123241877513
1340703123497766914
1340703123501965312
1340703124856692741
1340703124944613376
1340703125296955392
1340703125871632384
1340703126307958786
1340703126425374720
1340703126186123264
1340703126655889414
1340703126626521089
1340703127062728705
1340703127247319040
1340703127129837570
1340703128757395457
1340703129218785281
1340703128790904833
1340703129864728577
1340703129826975744
1340703130347040771
1340703130477060096
1340703130955071489
1340703131017965568
1340703131143991299
1340703131164954625
1340703131341103105
1340703131659890689
1340703133366951937
1340703133840723968
1340703133672984577
1340703134130327556
1340703133673119745
1340703134520360962
1340703134944006146
1340703135392813060
1340703135707250692
1340703135841607683
1340703137485762563
1340703138450432001
1340703138391748608
1340703138542743554
1340703138857299968
1340703138852995077
1340703138924425217
1340703139259949056
1340703139435929601
1340703139335450624
1340703139993968641
1340703140010729473
1340703140119638016
1340703140560166912
1340703141487099906
1340703141969285120
1340703142485184512
1340703142653153282
1340703142648770561
1340703142825095168
1340703142602784769
1340703142904643586
1340703142900469761
1340703142896304130
1340703143420686366
1340703143168917504
1340703143097737218
1340703143777079297
1340703143781257217
1340703143768809474
1340703143584296967
1340703143764619264
1340703145727582218
1340703145803038724
1340703145618378752
1340703145484173312
1340703146264256512
1340703146407063554
1340703146344132609
1340703146796933121
1340703146709053444
1340703146851487744
1340703147094925313
1340703146792820741
1340703146989928450
1340703147216564229
1340703147271069696
1340703147648577536
1340703147178807298
1340703148160077825
1340703149976391682
1340703149821210624
1340703150169227264
1340703150571962376
1340703150681014275
1340703151200956416
1340703150290944000
1340703151268237319
1340703151410843650
1340703151956127744
1340703152262193153
1340703152279089157
1340703152325226507
1340703152513826817
1340703151872196612
1340703154191675394
1340703154258644992
1340703154472677382
1340703154619314177
1340703154149584905
1340703152291516416
1340703154200055808
1340703154883555328
1340703154929770496
1340703154900332545
1340703155517071360
1340703155361886209
1340703155491905543
1340703155814731776
1340703158394363907
1340703158381625345
1340703158503415808
1340703158587318284
1340703376011481089
1340703376053424134
1340703376309411848
1340703376523341825
1340703376707706882
1340703376808562688
1340703376888225795
1340703376963555331
1340703377269927936
1340703377836142593
1340703377978576902
1340703378092023809
1340703378519822339
1340703378272366594
1340703379044130821
1340703379094433796
1340703379346124816
1340703381141278722
1340703380944150532
1340703381330006016
1340703381615161344
1340703381560713221
1340703382386995205
1340703382324080650
1340703382336520192
1340703382668005376
1340703382508597250
1340703385054527489
1340703385054572544
1340703385360736258
1340703385075544066
1340703385461301248
1340703385545224195
1340703385104859155
1340703386656591872
1340703386769997825
1340703386962944007
1340703386476425221
1340703387231379456
1340703389143863296
1340703389152382980
1340703389420666883
1340703389408251908
1340703389538111488
1340703389257228288
1340703389722750978
1340703389915615233
1340703389970259968
1340703390112776192
1340703390209372161
1340703390578438150
1340703391115341824
1340703391375306762
1340703391647981571
1340703391840931841
1340703393204068354
1340703393346691086
1340703393380265985
1340703393682210817
1340703393803845634
1340703393933832196
1340703394135216128
1340703394177138690
1340703394181332999
1340703394437226497
1340703394483322888
1340703394516897794
1340703394881802241
1340703394768564224
1340703395036971008
1340703395124977666
1340703397608079367
1340703395720679425
1340703397914144770
1340703397826056193
1340703397922697217
1340703398040092675
1340703398023327744
1340703398383915009
1340703398581084161
1340703398405042179
1340703399050764288
1340703399541493765
1340703399617077249
1340703399667519492
1340703399831089154
1340703398920937475
1340703399893975049
1340703401668194306
1340703401626247174
1340703401835978754
1340703401907269634
1340703402301349888
1340703402481823744
1340703402326634497
1340703402263801859
1340703402595106816
1340703402641162241
1340703402750308356
1340703402804785161
1340703402993446912
1340703403001954310
1340703403152797697
1340703403115237376
1340703402955780096
1340703403593375760
1340703404012744713
1340703405816295429
1340703405766000642
1340703405921189894
1340703405979811841
1340703406218854411
1340703406365827073
1340703407502450693
1340703407670243328
1340703407598784513
1340703407737364481
1340703407758340097
1340703407884013574
1340703407926067211
1340703408001454082
1340703408190271492
1340703410518147072
1340703410509770752
1340703410664960001
1340703411080146945
1340703411193270274
1340703411373785094
1340703411365408770
1340703411440939032
1340703411529019403
1340703411889684483
1340703411851972611
1340703411864539140
1340703411923202053
1340703412107816960
1340703413529538561
1340703414406287360
1340703414620213248
1340703415039619075
1340703415135944705
1340703415391973377
1340703415480029184
1340703415710707715
1340703416125894656
1340703413928128513
1340703416138534912
1340703416239177730
1340703416125779968
1340703416205635590
1340703416352264192
1340703416243400711
1340703416457281542
1340703416662691845
1340703416981471235
1340703418365718531
1340703418332176385
1340703418415923201
1340703418457845760
1340703418256637953
1340703418520887297
1340703418747244545
1340703418109878274
1340703418613080065
1340703418734813188
1340703419208765443
1340703419330260992
1340703419120664585
1340703419049250816
1340703419359760390
1340703420022484994
1340703420127318026
1340703420567736322
1340703421050081281
1340703422618759172
1340703422757150721
1340703422853632003
1340703421586915333
1340703423272873984
1340703423340134402
1340703423331770370
1340703423730130944
1340703423788969990
1340703423881125893
1340703424493576192
1340703424724123649
1340703424829140992
1340703426968227841
1340703427031134216
1340703427266039812
1340703427412832258
1340703427773403136
1340703427962277891
1340703428402548737
1340703428473925636
1340703428809347072
1340703428767584259
1340703428734038017
1340703428763377665
1340703429006663687
1340703429635792899
1340703431124770816
1340703431179288577
1340703431355412482
1340703431120609281
1340703431116382208
1340703431619727361
1340703431321923584
1340703431812497408
1340703431674236928
1340703431984623617
1340703432005439488
1340703432194334722
1340703432227827712
1340703432513040385
1340703435243589634
1340703435344269314
1340703435562344455
1340703435725934595
1340703435931308035
1340703435960836100
1340703436057276422
1340703436413624320
1340703436325543936
1340703436548026369
1340703436745154568
1340703436313141249
1340703437080637445
1340703437223317504
1340703440071057414
1340703440109006848
1340703440457113600
1340703440272564225
1340703440327090177
1340703440704598017
1340703440775864321
1340703440968822788
1340703441115619331
1340703441186799616
1340703441295831042
1340703441560215561
1340703441639903234
1340703442038386689
1340703443556720647
1340703443363762178
1340703443615444995
1340703443724472322
1340703443707719681
1340703443657232384
1340703444366180353
1340703444995350535
1340703445498605575
1340703445620322306
1340703447742595072
1340703447872663554
1340703447990087690
1340703448178823170
1340703448409497601
1340703448547913729
1340703448749264900
1340703448736514048
1340703449063682048
1340703449277730818
1340703449030291461
1340703448363388929
1340703449122562048
1340703449252589572
1340703449739108353
1340703449906880513
1340703452108906496
1340703452381364224
1340703452389904385
1340703452595245057
1340703453241356288
1340703453715283969
1340703453820182529
1340703453107118084
1340703456521293825
1340703456307388427
1340703456475164672
1340703456894414848
1340703457104310276
1340703457548804096
1340703457892839425
1340703457888636940
1340703458484248586
1340703458731679747
1340703458605883395
1340703460463964170
1340703460254044162
1340703460644282370
1340703461235695622
1340703461227151360
1340703461403443205
1340703461160194048
1340703461369896962
1340703461856296961
1340703462112292864
1340703462388948993
1340703462468833287
1340703462581911554
1340703462691131397
1340703464750366720
1340703464855236608
1340703465153171466
1340703465236955137
1340703465081810947
1340703465643896832
1340703465908162563
1340703466235326464
1340703466176598023
1340703466495356934
1340703466478575617
1340703466784755712
1340703466671415297
1340703466545659915
1340703466868649985
1340703467015421955
1340703467086749698
1340703468877705216
1340703469326503937
1340703469410381825
1340703469397667841
1340703467866906625
1340703469569781762
1340703469540401159
1340703469976612869
1340703470144385026
1340703469947113472
1340703470186340354
1340703470509117441
1340703470878412802
1340703471197024256
1340703471113138178
1340703471226531840
1340703473231400962
1340703473302704128
1340703473298497536
1340703473432731650
1340703473491451904
1340703473684410369
1340703473583726604
1340703473709572100
1340703473831014400
1340703473453703170
1340703474162479106
1340703474217086979
1340703474351259648
1340703474481291266
1340703475252953089
1340703477148889088
1340703477136322561
1340703477333336065
1340703477694140416
1340703478025506816
1340703477979340803
1340703478096793603
1340703478163845126
1340703478134550529
1340703478222602241
1340703478348451840
1340703477937397760
1340703478755278852
1340703478784679937
1340703479120203783
1340703479501905921
1340703479573176320
1340703481162821635
1340703481414348801
1340703481523392515
1340703481565499393
1340703481989095424
1340703481796177921
1340703482018320387
1340703482127343616
1340703482144313348
1340703481980661761
1340703482307862530
1340703482496598021
1340703479506022400
1340703482664411137
1340703482815213568
1340703485810106368
1340703486049210369
1340703485990494210
1340703486099349504
1340703485462011904
1340703486221139968
1340703486263111689
1340703485558468609
1340703486678347785
1340703486799962112
1340703486959378432
1340703486909005824
1340703487034679298
1340703487240392704
1340703487261167617
1340703487676600321
1340703488003764224
1340703487953313792
1340703487978397697
1340703489656238080
1340703489694031874
1340703490004283392
1340703490180526080
1340703489958146054
1340703490302160901
1340703490444685312
1340703490545315842
1340703490541309954
1340703490717302784
1340703491371753472
1340703491375947776
1340703490822336517
1340703491610832898
1340703491635986433
1340703491799588873
1340703492302901253
1340703492411895818
1340703494060322816
1340703494160797696
1340703494198595585
1340703494458753032
1340703494492332032
1340703494475538432
1340703494710452224
1340703494735466496
1340703495612207113
1340703495700303877
1340703495968583682
1340703496408944645
1340703496354603011
1340703496560111618
1340703496597872640
1340703498325913606
1340703498044846083
1340703498384658432
1340703498741157888
1340703498913128452
1340703498950877188
1340703499148013571
1340703498816561152
1340703499340922880
1340703499353526273
1340703499550539776
1340703499693170690
1340703500007837697
1340703500582309888
1340703502775898114
1340703502729945088
1340703502847369218
1340703503015059458
1340703503119835136
1340703502985809920
1340703503233261569
1340703503266811916
1340703503623155712
1340703503786893312
1340703503803625472
1340703504059535361
1340703504269258754
1340703504675946496
1340703504629952515
1340703506529984515
1340703506991341572
1340703507318415360
1340703507469529090
1340703507591118867
