1341866169087610880
1341866168966111234
1341866169012269062
1341866169116987392
1341866169289064451
1341866169796538369
1341866169750437888
1341866169813192704
1341866169813352448
1341866169792425990
1341866169842585600
1341866169817583621
1341866169784016897
1341866171700801543
1341866171784601600
1341866171616940033
1341866171730173955
1341866171101032448
1341866171704909824
1341866171860213760
1341866171784687617
1341866171872645120
1341866171478491137
1341866171910533122
1341866171327369216
1341866172048936963
1341866172027957253
1341866171595849728
1341866172212338688
1341866172195758080
1341866172376096770
1341866172451606530
1341866172321587200
1341866172237586432
1341866172480856064
1341866171704909825
1341866172577300480
1341866172543770624
1341866172422230018
1341866172279504896
1341866172619386881
1341866172711497728
1341866172720046080
1341866172086710286
1341866172698902528
1341866172405460995
1341866172753584135
1341866172560584704
1341866173152047107
1341866173114171392
1341866173051256837
1341866173227397120
1341866173067976704
1341866175920279553
1341866175836397571
1341866175983198209
1341866175945449473
1341866175756681216
1341866176226316288
1341866176230486017
1341866175479869440
1341866176037736454
1341866175609905154
1341866176406818817
1341866176503136256
1341866176511655936
1341866176029319169
1341866177082122240
1341866176364883984
1341866177048551429
1341866177061154817
1341866177384091652
1341866176696213505
1341866177279234049
1341866177933406208
1341866177904173061
1341866177988071426
1341866177811890178
1341866178269089794
1341866178323595266
1341866178470420480
1341866178508165120
1341866178617044992
1341866180311715842
1341866180139692038
1341866180152352768
1341866180236124160
1341866180525486080
1341866180504633346
1341866180747751426
1341866180869378049
1341866180953341953
1341866181217689601
1341866181259616257
1341866181351751681
1341866181825859585
1341866181943279617
1341866181611831297
1341866181985124352
1341866181989445633
1341866182094299136
1341866181985251328
1341866182224343041
1341866181905571845
1341866182295625730
1341866182098497542
1341866182454874112
1341866184413745153
1341866184472326144
1341866184401104899
1341866184459825154
1341866184619085824
1341866184837357575
1341866185000955904
1341866184728326148
1341866185034518532
1341866185311330304
1341866185445363712
1341866185319657472
1341866185386823680
1341866185416175616
1341866185235820552
1341866185663528960
1341866185843945472
1341866186150055936
1341866186074689536
1341866186104053762
1341866186712244229
1341866186632519682
1341866188129918976
1341866189232979969
1341866189337849856
1341866189480488962
1341866189648179202
1341866189648244737
1341866189887320064
1341866189883117570
1341866190201901057
1341866189979590664
1341866190256398339
1341866190424207360
1341866190667431937
1341866190155763713
1341866190583558145
1341866190931636232
1341866191011409921
1341866192546488331
1341866193288720387
1341866193225965568
1341866193523777536
1341866193385385992
1341866194366820355
1341866194165444610
1341866194228269056
1341866194282766338
1341866194136084480
1341866194723360769
1341866194974871552
1341866195167948803
1341866195352317952
1341866195457216513
1341866194568159232
1341866196841488386
1341866197382537216
1341866197885865984
1341866197973934086
1341866198087176201
1341866197906821120
1341866198087180289
1341866197843886084
1341866198154305536
1341866198280134658
1341866198523408387
1341866198494027776
1341866198619860992
1341866197923606528
1341866199274188802
1341866199274184705
1341866201249660929
1341866201010614272
1341866201815932931
1341866201157312513
1341866202033844224
1341866201811738625
1341866202453274624
1341866202499563522
1341866202222759937
1341866202667380741
1341866201316814849
1341866202918993921
1341866203191660552
1341866203569131521
1341866203632062465
1341866203543973895
1341866203497848837
1341866203690774530
1341866203950800904
1341866205628538882
1341866206198788096
1341866206157017088
1341866206186393608
1341866205905379333
1341866206551298048
1341866206677131264
1341866206555492353
1341866206584827905
1341866206962266113
1341866206869872642
1341866207377502209
1341866207339819015
1341866207658557440
1341866207121723392
1341866207788580864
1341866205506879488
1341866208182853636
1341866208006725633
1341866209684426752
1341866209667653646
1341866210007396355
1341866210305200129
1341866210342948868
1341866210368122880
1341866210355535874
1341866210606997505
1341866210619772933
1341866210678464512
1341866210921734145
1341866211164868610
1341866211185975296
1341866211307638785
1341866211370536960
1341866211446013952
1341866211592663044
1341866211081134080
1341866212020658177
1341866214063132673
1341866214038134785
1341866214209900544
1341866213899718664
1341866214709211138
1341866215560626176
1341866215766028288
1341866215912992768
1341866215602532353
1341866216248393729
1341866216290447368
1341866216797814786
1341866217808736257
1341866218110783489
1341866218094010375
1341866218538602502
1341866218622509059
1341866218764918784
1341866219364859905
1341866219331350528
1341866219171930120
1341866219188600832
1341866219696222210
1341866220082003968
1341866219285041158
1341866220094668805
1341866220518322178
1341866222158192641
1341866222032461827
1341866222275731457
1341866222338633729
1341866222674173959
1341866222711943170
1341866222720344069
1341866222653095936
1341866222619652096
1341866222699339780
1341866223122968580
1341866223383011333
1341866223492075522
1341866223496278018
1341866223479508994
1341866223387242496
1341866223923949568
1341866223785529344
1341866223886245888
1341866223949271040
1341866223991222276
1341866224137826305
1341866226079948800
1341866226591571968
1341866226893598727
1341866226872627200
1341866226851700739
1341866226776207360
1341866226990104578
1341866227002707968
1341866227376005122
1341866227451322372
1341866227933851648
1341866227820605440
1341866227891892226
1341866227950608386
1341866228185522177
1341866228357472256
1341866228671901699
1341866228739170305
1341866228827217930
1341866230362353665
1341866230228107265
1341866230840500224
1341866230806933504
1341866230836305920
1341866230781718533
1341866230190403585
1341866231155089408
1341866231238897665
1341866231243128834
1341866230794186752
1341866231440306176
1341866231532572674
1341866231436087301
1341866231448686595
1341866231255601152
1341866232203587585
1341866231784230915
1341866234728615939
1341866234711826434
1341866234867032067
1341866233961082882
1341866234648915968
1341866235097739265
1341866235622019073
1341866235672358916
1341866235957571585
1341866236129501185
1341866236129341440
1341866236108447744
1341866236242784268
1341866236351832070
1341866236385370112
1341866236234371074
1341866236595081216
1341866236800430080
1341866236813127683
1341866236599218182
1341866239044579328
1341866238885158915
1341866239161987073
1341866237006123009
1341866239434641409
1341866239497531394
1341866239577251841
1341866239778566144
1341866239665319936
1341866239698874371
1341866239623348226
1341866240021835778
1341866240026001408
1341866240210477057
1341866240294465537
1341866240705523717
1341866241003294720
1341866241288450049
1341866240676159489
1341866241657626626
1341866243041546240
1341866242907529216
1341866243117232134
1341866243758952451
1341866244014710789
1341866243997970434
1341866243985326081
1341866244144852992
1341866244157431809
1341866244102901765
1341866244006432769
1341866243943383041
1341866244400660485
1341866244543287299
1341866244945965057
1341866244937543680
1341866245197606918
1341866245172453376
1341866243410833410
1341866244924817408
1341866245797371906
1341866245621104640
1341866247361859584
1341866247546433538
1341866247680569345
1341866247785500673
1341866247676411906
1341866247726768130
1341866247760334852
1341866247668043777
1341866247797927936
1341866248053944320
1341866247743541250
1341866247705780224
1341866248473337856
1341866248263655424
1341866248360120324
1341866248036990977
1341866248267849741
1341866248645304323
1341866248704028679
1341866249085739008
1341866248720719873
1341866248741801985
1341866249555480578
1341866251748970496
1341866251572932608
1341866252738936832
1341866252055306240
1341866252701212673
1341866252323569664
1341866253300994048
1341866253720305665
1341866253888184322
1341866253976281089
1341866254139715585
1341866254383132672
1341866254668279808
1341866253523312643
1341866254882226176
1341866254987108352
1341866255695958016
1341866254987046914
1341866256018923520
1341866256182300672
1341866256014708737
1341866255993753600
1341866256123740172
1341866256165703683
1341866255788216320
1341866256291414016
1341866256044068872
1341866255784009728
1341866256945868800
1341866257000312834
1341866257067470848
1341866257159774208
1341866257579081728
1341866257499492353
1341866258053148674
1341866259869265920
1341866259726536705
1341866260158533633
1341866260271915010
1341866260448088064
1341866260641005572
1341866260796203008
1341866260829777920
1341866260641046528
1341866260125069313
1341866260758454274
1341866261228220416
1341866261286817795
1341866261245005824
1341866261286965253
1341866261421174785
1341866262062886917
1341866262037671938
1341866262465568768
1341866262520082435
1341866263895793666
1341866264138936320
1341866264122306563
1341866264340418567
1341866264411529217
1341866264482832385
1341866264772403210
1341866264231342081
1341866264885649417
1341866264839516160
1341866265560969216
1341866265493835777
1341866265670004736
1341866266030686214
1341866266143940608
1341866266362064899
1341866266265530371
1341866266219311105
1341866263686094848
1341866266634674176
1341866266118778882
1341866266714378246
1341866266898788354
1341866266861166596
1341866266831699968
1341866267309969411
1341866268106878977
1341866268085923842
1341866268186566658
1341866268509409280
1341866268811554818
1341866269096685570
1341866268979326976
1341866269478445056
1341866269730107392
1341866269579079682
1341866269126090752
1341866269868515330
1341866269893640192
1341866270661206020
1341866270640226304
1341866271198093313
1341866271864983558
1341866272418652160
1341866272967954432
1341866273127460865
1341866271919509504
1341866273228148736
1341866273442045957
1341866273492353029
1341866273504976896
1341866273211207680
1341866273421074432
1341866273907470336
1341866274381570049
1341866273307803648
1341866274557726723
1341866274670964737
1341866272359899136
1341866274704531456
1341866276675870720
1341866276701036545
1341866276843638785
1341866276868669440
1341866276961050630
1341866277074214913
1341866275971067906
1341866276864593926
1341866277154004993
1341866277917245441
1341866278068379650
1341866277976027139
1341866278034792451
1341866278395518976
1341866278592638983
1341866278596866049
1341866278944911360
1341866278705872897
1341866278923984902
1341866279188090880
1341866279385313280
1341866279414599681
1341866278596747266
1341866280937160705
1341866280375132160
1341866280861790208
1341866281159548929
1341866281142784005
1341866281566351360
1341866281377665025
1341866281570545665
1341866281541111812
1341866281729835008
1341866282035998720
1341866281943896064
1341866282329772037
1341866282363269121
1341866282744860674
1341866282887602176
1341866283114049537
1341866285232238592
1341866285785821184
1341866286284849152
1341866286788321280
1341866286897389569
1341866286972764160
1341866287224467463
1341866287375527937
1341866287094517762
1341866286813474818
1341866287534919681
1341866288155566082
1341866289015517185
1341866289673826304
1341866289686573057
1341866289887895553
1341866289170685952
1341866289908785154
1341866290625974273
1341866290982563842
1341866291200704517
1341866291053924352
1341866291611758592
1341866293474041856
1341866293457240065
1341866293557903373
1341866293549514752
1341866293939597313
1341866294203834374
1341866294417580032
1341866293784424449
1341866294828650497
1341866294698778625
1341866294774124545
1341866295105474560
1341866295227256836
1341866295403315200
1341866294929465344
1341866295483109377
1341866294858178560
1341866295462129664
1341866296108060673
1341866297647378432
1341866297815011331
1341866298104553473
1341866298444296195
1341866298486231041
1341866298519691264
1341866298305900544
1341866298708516866
1341866298918236160
1341866299115397126
1341866299270574081
1341866298687549442
1341866299538853888
1341866299408969728
1341866299908042753
1341866300151361536
1341866299727769600
1341866299551592448
1341866300348522498
1341866301799731202
1341866301850083335
1341866302265241601
1341866302198206465
1341866302340739073
1341866302714077184
1341866302940524549
1341866302965690369
1341866302915424260
1341866304085532672
1341866303972368388
1341866304605745153
1341866304492453889
1341866304341360641
1341866305071308800
1341866306220527620
1341866305809428491
1341866306266689538
1341866306224574464
1341866306363138051
1341866305725542400
1341866306497343498
1341866306946142210
1341866307030020099
1341866307143282690
1341866308057653253
1341866307864674304
1341866307826946049
1341866307390738433
1341866308023984128
1341866308040708096
1341866308124721153
1341866308313337856
1341866308372230149
1341866308535644160
1341866308774739969
1341866310368546816
1341866310687367168
1341866310762901505
1341866310481821696
1341866310771367939
1341866310339203072
1341866311291383809
1341866311253671941
1341866311580848135
1341866311656361987
1341866311610150917
1341866311752802306
1341866312017047557
1341866311979331591
1341866312029663232
1341866312096727043
1341866312419561472
1341866312360996864
1341866312365174786
1341866312566337536
1341866314659475458
1341866314722406402
1341866315162775559
1341866315649331200
1341866315833851910
1341866314802073602
1341866316471386113
1341866316601438210
1341866316857282566
1341866317188612096
1341866317238906881
1341866317348003841
1341866317482057730
1341866317910056961
1341866318467899395
1341866317977153539
1341866318702768134
1341866318723727360
1341866319126409221
1341866318866296834
1341866319466160136
1341866319499718657
1341866320095182850
1341866320284037121
1341866320594350084
1341866320707670018
1341866320732839937
1341866321164812290
1341866321454227456
1341866322754297856
1341866322771230720
1341866322838228994
1341866323169652737
1341866323609993216
1341866323912093698
1341866323714990082
1341866323857518598
1341866323756904454
1341866324037758976
1341866323979190273
1341866324033679360
1341866324046327809
1341866324931305477
1341866325228965888
1341866325287849989
1341866325346562052
1341866325354934280
1341866325044588546
1341866324973277188
1341866325413687296
1341866325245743105
1341866327133331456
1341866327229775872
1341866328215449601
1341866328404029440
1341866328467095552
1341866328412577793
1341866328425181187
1341866328853012480
1341866328852811776
1341866329171656704
1341866329402454017
1341866329540800513
1341866329310191619
1341866329565929472
1341866330199351296
1341866329725399042
1341866330803359744
1341866331100991488
1341866331298271234
1341866331336028166
1341866331503661056
1341866331512123392
1341866331533144068
1341866331600203778
1341866332078432257
1341866332212629506
1341866332892086281
1341866333005340676
1341866333198110721
1341866333693235202
1341866333760348166
1341866334058102784
1341866334368522242
1341866333932281856
1341866334771154944
1341866335291252736
1341866335429558272
1341866335589044232
1341866335752491008
1341866335731503104
1341866334917853184
1341866336411136007
1341866336880893953
1341866336792809475
1341866337375821824
1341866337421971460
1341866337560248320
1341866337488924672
1341866337728081924
1341866338168545280
1341866337560195077
1341866338009161730
1341866338759954432
1341866338785124354
1341866339221303297
1341866339619770369
1341866340076953601
1341866341071007744
1341866341016489984
1341866341272313856
1341866341439922176
1341866341389783040
1341866342014660609
1341866341377183752
1341866341892902912
1341866342383820800
1341866343122001922
1341866343746965505
1341866344325771267
1341866344829038592
1341866343159742464
1341866345089011713
1341866345353289729
1341866345537921025
1341866345491795969
1341866345709805568
1341866345663787008
1341866345374334983
1341866345714094080
1341866345726681088
1341866346209021953
1341866346494083073
1341866347463110656
1341866347748352004
1341866348192825344
1341866348046106631
1341866348457160706
1341866348293578753
1341866346729107459
1341866349379932162
1341866349526695937
1341866349258305537
1341866349660921856
1341866349962866690
1341866349971300354
1341866349950361600
1341866350420127744
1341866350705307658
1341866350680137729
1341866352160600065
1341866352395624454
1341866352429117440
1341866352257224706
1341866352399802371
1341866352420655104
1341866352592777220
1341866352462753793
1341866352747790336
1341866353100169216
1341866353154732033
1341866353146421252
1341866353221877762
1341866353200930823
1341866352827531266
1341866354228510720
1341866354215972874
1341866354601652224
1341866354475937798
1341866356417810433
1341866356795453440
1341866357504286721
1341866357718011904
1341866357646757888
1341866357902766080
1341866357676269568
1341866357860790272
1341866358183641089
1341866358527684608
1341866358682906624
1341866359341387782
1341866359546761217
1341866359614005250
1341866360821796864
1341866360809299971
1341866360859668480
1341866361249665024
1341866361434353664
1341866361098706946
1341866361753128961
1341866361778221056
1341866361853603840
1341866362357096463
1341866362285813760
1341866362499690496
1341866362638102528
1341866362570989571
1341866362944286721
1341866363162386433
1341866363061583872
1341866362864590850
1341866363397148672
1341866363653124098
1341866363653140483
1341866361656492033
1341866364307460099
1341866364726861824
1341866365163061251
1341866365196640258
1341866365490237441
1341866365205024778
1341866365725122561
1341866366568173571
1341866366664630279
1341866366639419398
1341866366610108417
1341866366987595781
1341866366907891713
1341866367310585857
1341866367188791298
1341866367604166658
1341866367629312006
1341866367725654016
1341866367780270087
1341866368908447745
1341866369042829312
1341866369244000256
1341866369705492482
1341866369755787264
1341866369609023489
1341866369378365440
1341866368589815811
1341866369978159107
1341866369822957568
1341866369936220160
1341866369969741824
1341866370166878208
1341866370196262913
1341866370397573120
1341866370540158988
1341866370737299461
1341866371110604802
1341866371534221316
1341866371412594688
1341866371681046530
1341866373031583746
1341866372926746625
1341866373245493248
1341866373077725186
1341866373149057025
1341866374046486528
1341866374570905600
1341866374734426114
1341866375535616000
1341866375724191744
1341866375892103176
1341866376013651968
1341866376126980096
1341866376454017025
1341866376508653568
1341866376445775872
1341866376424808451
1341866376458358786
1341866376517079043
1341866377192325122
1341866377116872704
1341866377146028032
1341866377158770688
1341866377586634752
1341866376160374784
1341866378282868738
1341866378148499456
1341866378660343808
1341866379180425217
1341866379138482176
1341866379201323010
1341866378601656322
1341866379461369857
1341866379910270978
1341866379805302784
1341866379683590145
1341866379826216961
1341866380371636227
1341866381516693504
1341866381596352512
1341866381529280514
1341866381810180096
1341866382128869376
1341866382200168450
1341866382301007874
1341866382464565250
1341866383051792387
1341866383144079360
1341866383496404996
1341866383785795587
1341866384616206336
1341866384972787712
1341866384373014528
1341866385157308417
1341866385165586433
1341866385580802050
1341866385639534593
1341866386101035008
1341866386105090051
1341866386386202626
1341866386457550850
1341866386595954694
1341866386910367745
1341866386738561027
1341866387287977985
1341866387346698245
1341866387409657860
1341866387740999681
1341866388185632778
1341866388634255360
1341866389049643011
1341866388714123268
1341866389880094720
1341866390542831616
1341866390563811329
1341866391163551744
1341866391171952641
1341866390655909888
1341866391310376962
1341866391809482753
1341866392132284416
1341866392568651776
1341866392308617217
1341866392874848258
1341866393176817664
1341866392988102658
1341866392686104578
1341866394011512832
1341866394267348995
1341866394053472256
1341866394586124290
1341866394154090502
1341866394716164096
1341866394984587264
1341866395924115461
1341866395877818368
1341866395848630274
1341866396158992384
1341866396112830464
1341866396200873986
1341866397337415681
1341866397421473798
1341866397312413697
1341866398222565377
1341866398226800641
1341866398348283904
1341866398289711108
1341866398511996928
1341866398860107776
1341866398990004224
1341866399233437697
1341866399560392705
1341866399690600448
1341866399837401088
1341866400164569088
1341866400751730688
1341866401057935360
1341866401292840960
1341866402622390272
1341866402861473793
1341866402567782400
1341866403612246017
1341866403679203328
1341866404165857280
1341866404178317312
1341866404354678791
1341866404476317697
1341866404509872133
1341866404665061379
1341866404732166145
1341866404665024513
1341866404748804096
1341866405008961536
1341866404933472257
1341866405352755200
1341866404589563907
1341866406678122496
1341866406820888576
1341866407169060866
1341866407580020742
1341866407483588610
1341866408058109954
1341866408154517504
1341866408494256128
1341866408557375488
1341866407793856512
1341866409131839488
1341866409287139328
1341866409475923968
1341866409601601536
1341866409740025857
1341866409949839360
1341866410721435649
1341866411174621184
1341866411287670784
1341866411711328256
1341866411799396352
1341866412046835713
1341866412235747328
1341866412822962187
1341866413103976448
1341866413225635841
1341866413510729728
1341866413552594944
1341866413829599233
1341866415339548676
1341866415616245760
1341866415486193664
1341866416044175362
1341866416295694336
1341866415670890497
1341866416568487943
1341866416664788995
1341866416828534787
1341866417063399432
1341866417134723072
1341866418158055424
1341866418367848448
1341866419210903558
1341866419257028611
1341866419861024774
1341866419902963713
1341866420452376576
1341866420515328000
1341866420863266816
1341866420855042053
1341866420909518855
1341866421115113472
1341866421358370817
1341866420687294466
1341866421479882752
1341866421593190407
1341866421815369728
1341866421874126848
1341866421760868352
1341866421949669376
1341866421865865216
1341866423463788546
1341866422910246915
1341866423803654144
1341866424114003969
1341866423988187140
1341866423929372673
1341866424491536386
1341866424973848576
1341866425074380802
1341866425334566924
1341866425338777610
1341866425540096002
1341866425040957444
1341866426030702592
1341866426240561152
1341866426550923264
1341866427658215433
1341866427662385153
1341866427666604032
1341866426789969922
1341866428010532865
1341866427414941697
1341866428295651328
1341866428283142148
1341866428622917635
1341866428534763525
1341866428580978692
1341866428346097666
1341866428820058113
1341866429482713088
1341866429679857672
1341866429566443520
1341866429637922819
1341866430124441602
1341866430292238337
1341866430715740160
1341866430422245379
1341866430883610624
1341866431110148096
1341866431202340871
1341866431777021952
1341866431890255872
1341866432145940480
1341866431667957760
1341866432125042688
1341866432322293767
1341866432536190976
1341866432833974276
1341866432745844737
1341866433056223232
1341866432427134980
1341866433756749824
1341866433828048901
1341866434213924864
1341866434247442437
1341866433228247042
1341866434868244481
1341866434851467269
1341866435119820806
1341866435061161985
1341866436181053443
1341866436227043329
1341866436277493764
1341866436403232768
1341866435979718656
1341866436436905984
1341866436575326215
1341866437137338371
1341866437154103298
1341866437942587392
1341866437678411781
1341866438240460805
1341866438387261443
1341866438269825024
1341866438697562112
1341866438861049862
1341866438919766016
1341866439112871940
1341866439188357120
1341866439175757826
1341866439473573888
1341866439628775425
1341866439792230400
1341866439637164032
1341866439771242497
1341866440413106177
1341866440459169792
1341866440606048259
1341866440635412483
1341866440786399235
1341866440157257728
1341866440870096896
1341866441197412352
1341866440677355520
1341866441138720769
1341866440832512000
1341866440236933126
1341866441298112515
1341866441553809409
1341866441780252672
1341866441935609856
1341866441700683776
1341866442074050561
1341866442291965959
1341866442594107393
1341866442728370177
1341866442522804225
1341866442862555137
1341866443055443976
1341866443189743619
1341866443009388549
1341866443302793218
1341866443667750912
1341866444758380544
1341866444724703233
1341866444502556674
1341866444993286146
1341866445207203841
1341866445437845504
1341866445253320704
1341866445358178308
1341866445722906624
1341866445790195712
1341866445945368576
1341866446251585538
1341866446343852037
1341866446461263873
1341866446566125568
1341866446545170434
1341866446738108418
1341866446838763520
1341866446876393472
1341866447270768644
1341866447501471751
1341866447254020097
1341866447673372674
1341866448461975553
1341866448734437376
1341866448881389569
1341866449367928833
1341866449367908352
1341866449372114946
1341866449829310464
1341866449577664514
1341866449820938241
1341866449258725377
1341866450118701059
1341866450294812674
1341866450244358144
1341866449917399043
1341866450131271680
1341866450571714563
1341866450726703104
1341866450844348423
1341866450907258885
1341866451578155008
1341866451804844032
1341866451792257028
1341866452798894080
1341866452580765696
1341866453868396545
1341866453834883075
1341866453801295872
1341866455021875200
1341866455571283974
1341866454925406208
1341866455227379712
1341866457324429312
1341866457743806465
1341866458163376128
1341866458188566530
1341866458008219649
1341866457945284608
1341866458196963336
1341866459220357120
1341866459060985858
1341866458557673477
1341866459459428354
1341866459337687041
1341866459400724482
1341866458524037124
1341866461418143745
1341866461493665804
1341866461808222217
1341866462085001217
1341866462726807552
1341866462957355008
1341866462743556096
1341866463028793352
1341866463137828865
1341866463242665984
1341866463091552257
1341866463494336512
1341866464047935494
1341866464073138177
1341866464106729487
1341866464253456385
1341866464341446656
1341866464937205761
1341866465289449473
1341866465260126213
1341866465318887424
1341866465436250112
1341866465406967809
1341866466367467525
1341866464593231872
1341866466803666944
1341866467143393280
1341866467168546817
1341866466602332163
1341866467260821510
1341866467696979969
1341866468288282624
1341866468372307973
1341866468716261377
1341866468879839233
1341866468829396993
1341866468951142400
1341866469332758530
1341866469571833858
1341866470079422464
1341866470024880130
1341866470171701253
1341866470192640003
1341866470247161856
1341866470616289280
1341866470679056384
1341866471454982145
1341866471518027778
1341866471731937282
1341866471983632388
1341866472201568258
1341866472235180033
1341866471912333317
1341866471551610886
1341866472281432066
1341866472646320129
1341866472985915392
1341866472763748353
1341866472545644549
1341866473074126848
1341866473229303809
1341866473191518218
1341866473921208320
1341866474021908480
1341866474017853441
1341866474089181186
1341866474194038788
1341866474533744640
1341866474626043904
1341866474764431367
1341866475036930048
1341866475229986816
1341866475238338560
1341866474814795776
1341866475653619714
1341866476249239555
1341866476303728641
1341866476567994368
1341866478119780352
1341866477079711748
1341866478447054850
1341866479080370177
1341866478761603076
1341866479210389506
1341866479587909637
1341866479172513792
1341866479969574913
1341866479634018310
1341866480166645760
1341866479516594176
1341866480376397828
1341866480535826432
1341866480397381634
1341866480795856899
1341866480565104641
1341866482242904065
1341866482129629186
1341866482481856513
1341866482221920257
1341866482767024130
1341866483249496066
1341866482989457408
1341866483232763905
1341866483312447488
1341866483408900103
1341866483429896193
1341866483509555200
1341866483740192769
1341866484365193218
1341866484340060161
1341866484600098816
1341866486357520390
1341866486458028032
1341866486650925056
1341866486378483713
1341866487385120768
1341866487913607168
1341866488593051651
1341866489058447360
1341866489238806529
1341866489234612224
1341866489264046080
1341866489318662145
1341866489574354947
1341866489662455808
1341866490530770952
1341866490782486533
1341866489809260545
1341866490518245378
1341866490870554626
1341866491264700416
1341866491004764161
1341866491071713280
1341866491147399168
1341866491327750147
1341866491432607755
1341866491919134721
1341866491965280257
1341866492846092290
1341866493055791106
1341866492917248001
1341866492833382400
1341866493462589441
1341866493567328256
1341866493697544199
1341866494750240774
1341866494028881920
1341866494737723394
1341866494871937025
1341866494943260672
1341866494943215620
1341866495576580096
1341866495845031936
1341866496159571970
1341866496373473286
1341866496323104769
1341866496239267840
1341866496608362503
1341866496109244419
1341866496952315907
1341866498042687488
1341866498877513730
1341866499020042243
1341866498973790209
1341866499447939072
1341866499401781249
1341866499514888194
1341866499615711233
1341866499816996865
1341866499456155648
1341866500269989889
1341866500353892354
1341866500471234561
1341866500819447811
1341866499934400514
1341866500823670785
1341866501276532737
1341866501251473409
1341866501704470529
1341866503054872576
1341866503189225474
1341866503562551299
1341866503868731392
1341866504019714052
1341866503919063040
1341866504015515650
1341866504153755649
1341866504132947975
1341866504577572864
1341866504845869057
1341866504934010881
1341866505273806850
1341866505252687873
1341866505454182407
1341866506163023872
1341866505533734914
1341866506192338944
1341866506313986056
1341866506477514753
1341866507156918273
1341866507538722816
1341866507597348864
1341866508054573056
1341866508113367043
1341866508465569792
1341866508583055360
1341866509044494340
1341866509245804544
1341866509656862721
1341866510260682754
1341866510306992128
1341866510705446913
1341866510785142787
1341866510806110209
1341866511129042944
1341866511313604609
1341866511548465153
1341866511472812033
1341866511942598656
1341866511879659521
1341866512378937348
1341866512311857153
1341866512374771722
1341866512752271362
1341866513033289728
1341866513838579714
1341866513935052800
1341866514022944768
1341866514190721027
1341866514035724289
1341866514060898305
1341866514702450688
1341866514706817024
1341866515629391872
1341866515776368642
1341866516296286209
1341866515113664514
1341866516648783872
1341866516720066561
1341866517084975104
1341866517982535689
1341866517886070791
1341866517948997632
1341866518171271170
1341866517554753538
1341866518645256193
1341866519932780544
1341866520033570818
1341866520075505664
1341866520100651008
1341866520155017216
1341866520834527234
1341866521107283973
1341866521379942402
1341866521186820096
1341866521698709504
1341866521748881408
1341866521895833600
1341866522118135809
1341866521933561856
1341866522063593480
1341866524311769095
1341866524722794499
1341866524798283779
1341866525175799817
1341866525381320706
1341866525427425281
1341866525435768835
1341866525721047042
1341866526538797056
1341866526639591424
1341866526908018690
1341866526983544832
1341866528011149313
1341866528459862017
1341866528485076992
1341866529147785217
1341866529269317632
1341866529571430403
1341866529646927872
1341866529378488322
1341866529646899200
1341866530070474753
1341866530078908420
1341866530208931840
1341866530615812096
1341866530565464066
1341866530770829312
1341866531005681664
1341866530968133637
1341866531135864834
1341866531161059330
1341866531374948353
1341866531261730821
1341866531727282181
1341866532767289345
1341866533518249984
1341866533677461504
1341866533702791173
1341866534319378433
1341866534872862720
1341866534944292866
1341866535044964354
1341866535074361344
1341866535120355328
1341866535443460097
1341866536651337735
1341866536714334208
1341866536957485057
1341866537087451136
1341866537066618885
1341866537599311874
1341866537553190913
1341866538266202115
1341866537788076037
1341866538404556801
1341866538865975298
1341866538849230851
1341866538991796225
1341866538878550020
1341866539214139393
1341866539327369217
1341866539251863552
1341866539323170817
1341866539385962497
1341866539390255105
1341866540749234177
1341866540757524480
1341866541068001287
1341866541319479297
1341866541566939136
1341866542007390210
1341866542317760513
1341866543077011457
1341866543093854208
1341866543337123841
1341866543316131841
1341866545031618560
1341866545375555584
1341866545253912577
1341866545656545282
1341866546436726785
1341866546679795712
1341866546977759234
1341866546906447872
1341866547044777985
1341866547686617089
1341866548076539904
1341866548223500300
1341866548072476675
1341866548538073090
1341866548483543041
1341866549292933121
1341866549427249152
1341866549569843201
1341866549498417152
1341866550068961288
1341866550404345856
1341866550542921728
1341866550718951424
1341866550769430532
1341866551272681473
1341866551243276290
1341866551402741760
1341866551704772612
1341866551696187393
1341866551675396098
1341866551964807170
1341866551763492864
1341866552048685056
1341866553583779846
1341866553579630601
1341866555110547459
1341866555097772034
1341866555278323713
1341866555425116168
1341866555676745728
1341866555647250437
1341866556121354241
1341866556725350400
1341866556763090944
1341866556444295175
1341866557065097217
1341866557178187777
1341866557207666688
1341866557182517248
1341866557740216320
1341866557576597505
1341866557631201282
1341866557853609986
1341866557895532545
1341866558142836739
1341866558537142272
1341866558449184768
1341866558591696898
1341866558784737284
1341866558646317059
1341866559531192320
1341866559380226049
1341866559866687495
1341866559707426816
1341866559958962176
1341866560038838275
1341866560135200768
1341866561972396037
1341866561242468352
1341866562232274945
1341866562412658688
1341866562551209992
1341866562794508289
1341866563004198913
1341866562622545921
1341866563855503360
1341866564304302080
1341866564040081414
1341866564841193472
1341866564769832961
1341866564740554752
1341866565243863040
1341866565231390720
1341866564832944140
1341866565730492417
1341866565730512897
1341866566355398658
1341866566766489603
1341866566930096130
1341866566904889346
1341866566883926019
1341866567106256898
1341866567542349824
1341866567290613765
1341866567961894913
1341866567919951873
1341866567575941122
1341866568221921283
1341866568305799173
1341866568674848770
1341866568855203840
1341866568884563968
1341866568695885828
1341866569387925507
1341866569618604033
1341866569966759937
1341866570016907265
1341866569928945666
1341866568813215744
1341866570428125186
1341866571527041025
1341866571476680704
1341866571757707265
1341866571753533443
1341866572202332162
1341866572437139461
1341866572458176515
1341866572671930368
1341866572340748290
1341866572919521281
1341866572969889794
1341866573175398400
1341866573171179520
1341866574018457600
1341866574299488257
1341866574546931725
1341866574785994753
1341866575075237888
1341866575016701954
1341866575041708032
1341866575184465920
1341866575570329601
1341866575402590208
1341866575503249408
1341866576023179267
1341866576228827136
1341866576140775427
1341866576484700160
1341866576547614721
1341866577516486662
1341866578833416192
1341866578854498307
1341866579039031296
1341866579743617028
1341866579953393666
1341866580062289920
1341866580108603393
1341866580628578304
1341866580498640898
1341866580637077505
1341866580733550593
1341866581094100993
1341866581635166208
1341866581790482436
1341866581576572930
1341866583510159361
1341866583778537472
1341866584151908358
1341866584739082240
1341866585380835328
1341866585489858562
1341866585670234113
1341866585791840258
1341866585762504714
1341866586173521923
1341866586135613440
1341866586077052929
1341866586634821633
1341866586752299010
1341866587150663680
1341866587280687104
1341866587519733762
1341866587461193730
1341866587532349441
1341866588081954816
1341866588610437120
1341866588950151171
1341866588811747329
1341866589314899969
1341866589646368771
1341866589763858432
1341866589914685441
1341866589998727175
1341866590401409025
1341866590179102725
1341866591143800834
1341866591189946374
1341866591613546497
1341866591680483329
1341866591642734592
1341866591856644098
1341866592641101825
1341866592787779584
1341866592892698624
1341866592829906944
1341866593035411456
1341866593219989505
1341866593773637634
1341866593878302720
1341866593895243781
1341866594352254979
1341866592762818562
1341866595417731072
1341866595497467906
1341866595522666496
1341866595635712000
1341866596025868290
1341866596873031680
1341866596910981121
1341866597061976064
1341866596692709377
1341866597238120448
1341866597426847745
1341866597640650752
1341866597569458179
1341866597510766596
1341866597774987264
1341866599695921153
1341866599637250052
1341866599762948097
1341866600740220929
1341866600735985664
1341866600916426752
1341866601730232320
1341866601998651394
1341866601910558721
1341866602170626048
1341866601646190592
1341866602007044098
1341866602581680129
1341866602745057282
1341866603013541888
1341866603072241665
1341866602908819457
1341866603059798017
1341866603424718850
1341866603315654656
1341866603487498241
1341866603474944001
1341866604108283904
1341866604540268544
1341866604414578688
1341866603600883714
1341866604620099585
1341866604800454664
1341866604921987072
1341866604469116932
1341866605119229952
1341866605542858755
1341866605773545473
1341866605702164480
1341866605161144321
1341866606390087680
1341866606633336832
1341866606612389895
1341866608105549824
1341866608386424832
1341866608390770688
1341866608516452352
1341866608357203973
1341866608684314626
1341866608390774785
1341866608130727938
1341866609409986562
1341866609623900161
1341866609837793286
1341866609774878721
1341866610294984706
1341866609439367171
1341866610177486849
1341866610819280909
1341866610756337664
1341866611163193350
1341866612144697344
1341866612190814217
1341866612387958786
1341866613059022848
1341866613352656898
1341866613616853000
1341866613683961858
1341866612035612672
1341866615374286848
1341866615516917760
1341866615533498368
1341866615713886208
1341866615982469120
1341866616338997249
1341866616259166208
1341866616414478342
1341866616880046082
1341866617240604672
1341866617014202368
1341866617182056457
1341866617689542656
1341866617853128715
1341866618255716359
1341866618536816641
1341866619069468673
1341866620147412992
1341866620986273794
1341866621451857920
1341866621644713984
1341866622261354497
1341866622449926148
1341866622705954818
1341866622840090625
1341866623427293190
1341866623754334208
1341866623905443843
1341866624756965376
1341866624672911360
1341866624262041600
1341866625440632834
1341866625499344898
1341866626006851586
1341866625335758848
1341866626141057035
1341866626283663361
1341866626564595712
1341866627428737027
1341866627395182592
1341866627386761222
1341866627416158210
1341866627009277953
1341866627747389440
1341866629152583683
1341866629299363840
1341866629806714880
1341866630415040516
1341866630897397761
1341866631287500802
1341866631375572994
1341866631690035201
1341866631962746880
1341866633447370753
1341866633409814531
1341866633497878530
1341866633745235969
1341866633963302912
1341866634273828865
1341866634282196992
1341866634148012034
1341866634483404800
1341866634760359936
1341866634840072195
1341866635045580807
1341866635095904256
1341866635322384385
1341866635544719360
1341866635838193664
1341866636127711233
1341866636203216899
1341866636505169920
1341866637046259722
1341866637369204737
1341866637566246912
1341866637771722752
1341866637763469314
1341866638581379074
1341866638572990475
1341866638740742144
1341866638765862912
1341866639176814592
1341866639097290752
1341866639114035201
1341866639441145858
1341866639503945728
1341866639554473985
1341866639718031360
1341866639948738560
1341866640145870848
1341866640212955143
1341866640233926657
1341866640296828928
1341866640565256192
1341866641332731904
1341866641840345088
1341866641798410242
1341866641689354240
1341866641961807872
1341866642226212865
1341866642364649473
1341866642561785857
1341866642725347330
1341866642549198849
1341866643505426437
1341866643434004480
1341866643757158400
1341866644122025984
1341866644524707840
1341866645942390784
1341866646210707456
1341866647406194689
1341866647552995330
1341866647649460227
1341866648127623168
1341866648702230528
1341866648916152327
1341866649171996674
1341866648609894401
1341866649608216581
1341866650065256449
1341866650157641733
1341866650283331586
1341866650312843266
1341866650627309568
1341866650715344896
1341866650707095554
1341866650555936768
1341866651176882176
1341866651327840257
1341866651504046082
1341866651273359360
1341866652204470272
1341866652363845640
1341866652355346433
1341866652707635200
1341866654095925248
1341866654280499200
1341866654813327364
1341866654796492800
1341866655098556427
1341866655257751552
1341866655543140352
1341866655694139392
1341866656398716929
1341866656591532032
1341866656818212869
1341866657048870912
1341866657195683840
1341866657292165120
1341866657333932032
1341866656805482496
1341866657682219009
1341866657799692290
1341866658340634624
1341866658634207232
1341866658772738049
1341866658843951105
1341866659771015169
1341866659980718083
1341866659838119936
1341866660802797569
1341866661129777152
1341866661624897540
1341866662576984064
1341866662874660864
1341866662849638409
1341866662950105088
1341866663344549890
1341866663944331266
1341866664351080448
1341866664736956416
1341866664862879744
1341866664829173760
1341866664829349888
1341866664833499138
1341866665001279490
1341866665076781068
1341866665353621507
1341866665349419009
1341866666674761729
1341866666968436737
1341866667312353280
1341866667811328002
1341866667794640897
1341866668637741066
1341866668738285568
1341866668826357761
1341866669036199940
1341866669136855045
1341866669472399360
1341866669681983488
1341866669703098368
1341866670822989825
1341866670705561602
1341866669757530112
1341866670978191360
1341866671045304320
1341866670676008962
1341866671720464384
1341866672223744000
1341866672458764288
1341866672588808192
1341866672953671681
1341866673486356481
1341866673398185985
1341866673196859393
1341866673314418689
1341866673444245505
1341866673553358849
1341866673607827456
1341866673607872512
1341866675034087426
1341866675235393539
1341866674744664071
1341866675704979456
1341866675612868614
1341866676145549322
1341866676246212613
1341866676439183361
1341866676741156864
1341866676992659456
1341866677554786305
1341866677701648384
1341866677042991104
1341866677865201665
1341866678066454530
1341866679320649730
1341866680834781188
1341866680654454788
1341866681010950144
1341866681262460928
1341866682218897414
1341866682332135431
1341866683628216322
1341866683686940676
1341866683753967623
1341866684546596864
1341866684597096454
1341866684898975744
1341866684827787267
1341866685012324352
1341866685263802368
1341866685196873730
1341866685373026306
1341866686035554306
1341866686446592001
1341866685800751105
1341866686543224833
1341866686668886016
1341866686849273856
1341866687101083655
1341866687189184513
1341866687344365569
1341866687604215808
1341866687986077699
1341866687977709572
1341866688191602690
1341866687902044160
1341866688560676866
1341866688497643520
1341866688720097281
1341866688065630208
1341866688556384257
1341866689139535873
1341866689210830848
1341866689475035136
1341866689684713472
1341866689579810816
1341866689630236673
1341866690720780293
1341866690775306240
1341866690926292999
1341866691127611394
1341866690456543239
1341866691194707968
1341866691840634881
1341866692381724673
1341866692469608448
1341866692553695237
1341866692792610816
1341866692981485571
1341866692993900545
1341866693409218561
1341866692926836736
1341866693681946625
1341866693887467524
1341866694105559044
1341866694155841538
1341866694235488256
1341866694621474823
1341866694516551683
1341866694894100480
1341866695422570503
1341866696190140417
1341866696110424065
1341866696441794562
1341866696772964352
1341866696668286978
1341866696882196483
1341866697079328769
1341866696932409345
1341866697175740416
1341866697158881280
1341866697180008452
1341866697221922821
1341866697385512961
1341866697708478465
1341866697951760384
1341866698081710080
1341866698215985156
1341866698505371648
1341866698299813888
1341866698966769678
1341866700422209536
1341866700501823494
1341866700581392385
1341866700619190272
1341866701214937090
1341866701672116225
1341866701911109634
1341866701906796552
1341866701852438528
1341866702150246400
1341866702313668609
1341866702561300482
1341866702733258753
1341866702737268736
1341866704431960065
1341866705249849347
1341866705333739525
1341866705706864641
1341866706046754819
1341866706319233024
1341866706415841285
1341866706394877952
1341866706675884032
1341866706856243200
1341866706977894403
1341866707028217858
1341866707598471168
1341866708181643268
1341866708621873152
1341866708848533508
1341866708944957448
1341866708923891712
1341866709876154380
1341866709809033218
1341866710316556291
1341866710505238529
1341866711348375552
1341866712141066240
1341866712543625216
1341866712862502912
1341866713000734724
1341866713080541184
1341866712606621710
1341866713571340297
1341866713604866048
1341866713948672001
1341866714368069632
1341866714603118594
1341866714619928578
1341866714968023040
1341866715714625536
1341866717207773185
1341866717518159875
1341866717983563776
1341866718000541697
1341866718281543688
1341866717950205955
1341866718159904770
1341866718545645569
1341866718696591362
1341866718906306560
1341866718994583552
1341866719015555072
1341866719170551808
1341866719288168448
1341866720529661952
1341866721670553607
1341866721766871040
1341866722400350209
1341866722530246656
1341866722672992256
1341866722672971776
1341866723398565889
1341866723767709697
1341866725059551233
1341866725462175746
1341866725495681027
1341866725860651009
1341866726426697728
1341866726435262464
1341866726661779456
1341866726829506562
1341866727165071362
1341866727802609666
1341866728041500672
1341866728217702400
1341866728469348353
1341866729094275073
1341866729299963908
1341866728909754369
1341866729438371841
1341866730549817344
1341866730566639616
1341866730558205957
1341866730466004994
1341866730893832193
1341866731455832066
1341866731745243136
1341866731883544578
1341866731581689856
1341866732357517312
1341866732449902595
1341866732642832386
1341866731694768128
1341866733100015617
1341866733381046272
1341866733796208642
1341866733880139779
1341866734081458178
1341866734001692673
1341866734396043266
1341866735490662400
1341866735587241984
1341866735931170818
1341866735960469505
1341866735931154432
1341866735939497992
1341866736300290048
1341866736375771137
1341866736702738435
1341866736761643008
1341866736925224963
1341866736921001985
1341866736807796736
1341866738216931329
1341866738275786754
1341866738309189632
1341866738359689218
1341866738980413443
1341866739336929280
1341866739072704512
1341866739152379910
1341866739907375110
1341866740167233536
1341866740456726528
1341866740712525825
1341866740754558977
1341866740742037505
1341866740918173697
1341866741291495427
1341866741589225473
1341866740347789316
1341866742285365249
1341866742235066368
1341866742868373505
1341866743346520064
1341866743409491968
1341866743392776195
1341866743728386049
1341866744609181696
1341866744743387137
1341866744693010433
1341866745343188993
1341866745603129344
1341866745569669121
1341866745607405572
1341866745875853312
1341866746278535176
1341866746479820800
1341866746702127105
1341866746941235203
1341866747515654144
1341866747427753984
1341866747645878279
1341866748178362370
1341866748430012416
1341866748564402177
1341866748556046337
1341866749382242308
1341866749554135040
1341866750866944001
1341866750950977536
1341866750812545024
1341866750716104709
1341866751294906368
1341866750904737793
1341866751617732609
1341866752125394944
1341866752121167872
1341866752427216896
1341866753069109252
1341866752980992000
1341866753249452034
1341866753182326786
1341866754423844866
1341866754302222336
1341866755187077120
1341866755195473921
1341866755564695552
1341866756411834369
1341866756239855619
1341866756554379265
1341866756634271745
1341866756890112008
1341866756726374400
1341866757003341837
1341866757460537347
1341866757531656193
1341866757821145088
1341866757808664576
1341866757963825155
1341866757972054017
1341866758228111361
1341866758899118082
1341866759318609922
1341866759276560384
1341866759360557056
1341866759909982214
1341866759226351618
1341866760212017152
1341866760639827969
1341866760627208192
1341866760987881473
1341866760929099776
1341866761071845376
1341866761533214728
1341866763093471237
1341866762976043008
1341866763345117185
1341866763374346241
1341866763609247746
1341866763898793989
1341866764238467072
1341866764318232579
1341866764511170560
1341866764435664896
1341866765014495232
1341866765001908227
1341866765152780288
1341866765442277381
1341866765823995907
1341866765773639680
1341866765857546241
1341866766331498500
1341866767371685890
1341866767275180032
1341866767640109057
1341866768126660608
1341866768231501831
1341866768181190657
1341866768470446080
1341866768793391107
1341866768864690176
1341866769171034116
1341866769275789313
1341866769271668736
1341866769636585473
1341866769796001793
1341866769955381248
1341866770542469120
1341866770647244800
1341866770827718656
1341866770987040768
1341866770940841984
1341866771519815681
1341866771737948160
1341866772073492483
1341866772513828865
1341866772954275840
1341866772929142793
1341866772841033732
1341866773377761280
1341866773864431618
1341866773830918160
1341866773990105088
1341866773960744960
1341866773960863747
1341866774120312832
1341866774401142784
1341866774418100224
1341866774522961922
1341866774720032769
1341866774736855044
1341866774887710720
1341866775458287616
1341866775403782145
1341866775533776896
1341866775781273601
1341866776091643907
1341866776129200133
1341866776364265473
1341866776511078402
1341866776787750913
1341866777328934912
1341866777446404097
1341866777639342080
1341866777882537984
1341866777890971651
1341866778113163264
1341866778167656449
1341866778251636746
1341866778327191556
1341866778616459264
1341866780042653696
1341866779874832386
1341866780420149248
1341866780688527362
1341866780734713856
1341866781053341697
1341866781762150400
1341866781988638720
1341866781544202240
1341866782240374784
1341866782399713280
1341866782408273920
1341866782710231045
1341866782961901569
1341866783259561985
1341866784211820546
1341866784127938560
1341866784232714242
1341866784085794819
1341866784228519942
1341866783741935616
1341866784203403264
1341866784522170374
1341866784807288832
1341866785088262144
1341866785205874690
1341866784962441216
1341866785721630721
1341866785881153540
1341866786355113984
1341866786367672320
1341866786585755649
1341866786610823169
1341866788267683848
1341866788259246080
1341866788385153025
1341866788619993089
1341866789072941058
1341866789358235648
1341866789232406530
1341866789278461953
1341866790041870338
1341866790280781824
1341866790478106624
1341866790557679617
1341866790624894976
1341866790775713792
1341866790603927552
1341866790792486912
1341866790213746689
1341866790717186059
1341866791488921601
1341866791304249344
1341866792696877067
1341866792910610432
1341866793028169728
1341866793086844928
1341866793162436610
1341866793489448960
1341866793644814336
1341866793887920128
1341866793913225219
1341866794160570372
1341866794273796096
1341866794475241472
1341866794328465411
1341866794265571329
1341866794680725511
1341866794882109443
1341866794756296705
1341866794957549569
1341866795347619840
1341866795318185984
1341866797109182464
1341866797436289024
1341866797562175488
1341866798581485570
1341866798539403264
1341866798740750336
1341866798782816261
1341866799000907780
1341866798929604608
1341866799554416640
1341866799504248837
1341866799747383296
1341866799864942594
1341866800171143168
1341866799592300548
1341866800863186944
1341866801454481408
1341866802209501189
1341866802666557441
1341866803484626947
1341866803572715523
1341866803560103936
1341866803702550528
1341866804033949697
1341866803950182402
1341866804210233345
1341866804365451265
1341866804457611265
1341866804730241024
1341866805128691712
1341866805195882496
1341866805141237760
1341866805371969536
1341866805971836929
1341866806441480193
1341866807209066497
1341866807427252224
1341866807980945413
1341866809188888576
1341866809583050753
1341866809641852930
1341866809545383938
1341866809620885506
1341866809952247808
1341866809843200001
1341866810279280641
1341866810287812616
1341866810774327296
1341866811428626432
1341866811546079233
1341866811843862529
1341866812095524871
1341866812288458752
1341866811504033792
1341866812967809025
1341866813093797897
1341866813110575106
1341866813697576963
1341866813819383809
1341866814247071745
1341866814700175360
1341866814465318914
1341866815559880704
1341866815073370112
1341866815643918337
1341866815614554115
1341866815601963016
1341866815438336000
1341866815803121665
1341866816117858311
1341866816126267393
1341866816520392704
1341866816822530048
1341866816805715969
1341866817497776141
1341866817770254336
1341866817992667138
1341866817783033856
1341866818571558913
1341866818626068482
1341866819188088832
1341866818907062275
1341866819712405511
1341866820265906176
1341866820479967235
1341866819943018497
1341866820823900161
1341866820786135047
1341866821763407879
1341866821801050112
1341866822052827136
1341866822669271040
1341866822879068164
1341866823411707909
1341866823717965826
1341866823785066502
1341866824082796545
1341866824321949697
1341866824359702528
1341866824678453262
1341866824615534594
1341866825030774786
1341866826062585856
1341866826695897088
1341866827190841350
1341866827039858701
1341866827522043906
1341866827538866176
1341866827740291072
1341866827845124096
1341866828033769472
1341866828302176256
1341866828327481350
1341866828344127493
1341866828621094912
1341866828679827458
1341866829162164225
1341866829246058498
1341866829409480705
1341866830252654594
1341866830340583426
1341866830282035200
1341866830441410560
1341866830294622208
1341866830806171649
1341866830269440000
1341866831217344512
1341866831951388672
1341866832559546369
1341866832727302144
1341866834560229376
1341866834241277952
1341866834715357185
1341866835348615169
1341866836233773063
1341866836690792448
1341866837580115970
1341866837571559425
1341866838557376514
1341866837848502273
1341866838683217921
1341866839362707456
1341866839543066625
1341866839937146885
1341866839895384068
1341866840822226945
1341866840759234561
1341866841304674304
1341866841300299777
1341866841698930689
1341866841665318915
1341866842181279745
1341866842294501376
1341866842348871680
1341866842265169922
1341866842206433292
1341866843066265601
1341866843250810881
1341866843435196417
1341866843435364352
1341866843934494725
1341866844580409346
1341866844588793857
1341866844483969030
1341866845285060608
1341866845108797440
1341866844312002562
1341866845498793984
1341866845700313090
1341866845830344704
1341866846299910144
1341866845553438726
1341866846505627651
1341866846274920448
1341866848296476672
1341866848510423040
1341866849588441110
1341866850020409353
1341866850091560960
1341866850150395905
1341866850393743364
1341866850376765441
1341866850519531520
1341866851303878662
1341866851807055872
1341866852029407232
1341866852377645056
1341866852570587142
1341866852570419200
1341866852679598082
1341866852817973255
1341866853375864833
1341866853736583169
1341866853799505927
1341866853904347138
1341866854176964610
1341866854386552832
1341866855468736512
1341866855636627458
1341866855615483907
1341866855770726400
1341866856190238730
1341866856378986503
1341866856710250496
1341866857276555264
1341866857448566787
1341866857930768384
1341866858270486528
1341866858425806851
1341866860124524544
1341866860862709760
1341866861059817477
1341866861139521537
1341866861206642689
1341866861311512576
1341866861424685058
1341866861504438272
1341866861818888193
1341866861718360067
1341866862183915526
1341866862456483852
1341866862481686528
1341866862615912448
1341866862594957314
1341866862750130176
1341866862758391808
1341866863148453888
1341866863731630087
1341866864176226304
1341866864390123525
1341866864138317825
1341866864817938433
1341866864792793100
1341866865690255361
1341866865895890946
1341866866004742144
1341866866214498304
1341866866260627456
1341866866558390273
1341866866613096448
1341866867393216524
1341866867506503681
1341866868118712320
1341866868903186433
1341866868982706176
1341866868743794690
1341866869301624832
1341866869343412227
1341866869830131715
1341866869628801024
1341866870014693376
1341866870165688324
1341866870136131584
1341866872841654273
1341866873554538496
1341866874003402753
1341866874078973959
1341866874351575043
1341866874657714185
1341866874573901828
1341866874473230341
1341866875110735881
1341866874984919042
1341866875391623169
1341866876654166018
1341866876964659208
1341866877069438981
1341866877023338499
1341866877618970628
1341866877891477504
1341866877786738689
1341866878206160896
1341866878231310338
1341866878717710337
1341866878575271936
1341866879300866049
1341866879405744128
1341866879330050048
1341866879749599233
1341866880630439937
1341866881033138176
1341866881888571397
1341866881897132033
1341866881913896961
1341866882354311173
1341866882681462787
1341866882694066177
1341866883457400838
1341866883432124416
1341866883545522178
1341866883574743040
1341866883616784390
1341866884594081795
1341866884602363904
1341866884614955008
1341866884866695168
1341866885000929284
1341866885290352640
1341866885160312833
1341866885311320065
1341866885290319872
1341866885491486721
1341866885709586432
1341866885911031810
1341866886053683203
1341866884543737856
1341866886611365888
1341866886494076929
1341866886603128834
1341866886930305025
1341866887110647809
1341866887265873920
1341866887353950208
1341866887370686464
1341866887567826944
1341866887911763968
1341866889048408066
1341866889283334147
1341866889639653376
1341866889635491840
1341866890084319233
1341866889987858433
1341866890076020737
1341866890382196736
1341866890625392641
1341866890763907072
1341866890931494914
1341866891233640449
1341866891371941894
1341866891455975425
1341866891518771200
1341866891846029312
1341866891904765952
1341866893175644169
1341866892059881475
1341866893137895428
1341866893355966467
1341866893028831235
1341866893855043585
1341866894031282176
1341866894068953088
1341866894102568970
1341866894777872384
1341866895310524416
1341866895473983488
1341866895407001600
1341866895914508289
1341866895927095303
1341866896111456258
1341866896401035265
1341866896866627586
1341866897428590596
1341866897357348867
1341866897915174914
1341866898309459974
1341866898284146689
1341866898506588160
1341866898699530241
1341866898787581953
1341866899152355329
1341866899689197568
1341866900893151233
1341866901547360257
1341866901694271488
1341866901891366917
1341866902126272512
1341866901983641600
1341866902554087428
1341866902537302017
1341866902403112961
1341866903359393795
1341866903598456832
1341866904089145344
1341866904395239425
1341866904542203906
1341866904961609730
1341866905943027713
1341866905901146112
1341866905989074944
1341866906077327362
1341866905842327552
1341866906064728065
1341866906660208640
1341866906706440193
1341866906958123009
1341866907541135367
1341866908124123137
1341866908048650240
1341866908560347142
1341866908505829376
1341866908581306370
1341866908921028608
1341866908971380744
1341866909428494337
1341866910456176641
1341866911391490053
1341866911580127232
1341866911378845698
1341866911727034368
1341866911710277632
1341866911697694720
1341866912062562304
1341866912582672386
1341866913173884928
1341866913375371266
1341866913446699009
1341866913408950273
1341866913681567746
1341866913601892354
1341866913891307529
1341866914419793921
1341866914671329280
1341866914763587584
1341866914981814272
1341866915027955714
1341866915057328128
1341866913924788229
1341866915405377536
1341866915635970048
1341866916030390272
1341866916449685504
1341866917737492480
1341866917750054912
1341866917657755651
1341866918068826115
1341866917859102724
1341866918186274819
1341866918354010121
1341866918479839235
1341866918433665024
1341866918714720258
1341866918899109888
1341866919314513921
1341866919339597824
1341866919381651456
1341866919767515139
1341866919662641154
1341866920191123462
1341866921118081028
1341866920962830336
1341866921243922432
1341866921306828803
1341866922430894085
1341866922510602241
1341866922879709190
1341866923135553536
1341866923215216647
1341866923601047553
1341866923768897536
1341866923882139648
1341866924582580226
1341866924599336960
1341866924800618496
1341866925048156163
1341866925132046337
1341866925081513984
1341866925392015361
1341866925157072898
1341866925681483779
1341866925173968898
1341866925685542912
1341866925136117760
1341866926948139011
1341866927141089280
1341866927401086984
1341866928521031681
1341866928730718215
1341866929087197192
1341866929250729984
1341866930064519170
1341866930454540290
1341866930416828428
1341866931155054599
1341866931263922179
1341866931448545280
1341866931423485953
1341866931213594625
1341866931545133060
1341866932052606982
1341866931876474887
1341866932522405890
1341866932413362178
1341866932555792384
1341866932639678466
1341866933025726464
1341866932828594177
1341866933252050944
1341866933109616640
1341866933302534144
1341866933797355521
1341866933877153793
1341866933981827072
1341866933860392971
1341866934179147779
1341866933935689728
1341866935076712449
1341866935156404231
1341866936586686464
1341866936947384330
1341866936993370112
1341866936796385281
1341866936985153536
1341866937085792256
1341866935919779842
1341866937475723265
1341866937912094720
1341866938394439681
1341866939568836609
1341866940017618945
1341866940588060672
1341866940302651392
1341866941418496000
1341866941548351489
1341866941607251972
1341866941816815619
1341866941766578176
1341866941758238721
1341866942462894080
1341866942685085696
1341866942676824065
1341866943465271301
1341866942865391616
1341866943855222784
1341866944266465280
1341866944287436802
1341866944467787776
1341866944517947392
1341866944618782727
1341866944748785665
1341866944727666688
1341866945000464385
1341866945684021254
1341866945788841986
1341866945528905729
1341866945881255937
1341866945923039232
1341866945822355457
1341866946262937602
1341866946237661184
1341866945784770560
1341866948448104452
1341866948389449728
1341866948737585152
1341866947152019457
1341866948964065280
1341866948754333699
1341866949056339970
1341866949173780481
1341866949509201921
1341866949773578242
1341866949974769664
1341866950176157696
1341866950226563072
1341866950507507713
1341866949899272192
1341866950553706498
1341866950675156994
1341866950671163393
1341866950775980034
1341866951161896960
1341866950935207936
1341866951858073600
1341866951929376768
1341866951690240002
1341866952315158528
1341866952495673346
1341866952613085191
1341866952927657984
1341866952952860674
1341866952919232512
1341866953007312904
1341866953258848257
1341866953762205697
1341866953795842051
1341866953879613440
1341866954374733825
1341866954324385796
1341866954341027840
1341866954513117184
1341866956513660928
1341866956698374150
1341866956966662144
1341866957113597952
1341866957486714880
1341866957306384384
1341866958191435776
1341866958334136320
1341866958170550272
1341866958547988483
1341866958669697027
1341866958908755968
1341866960188022785
1341866960460664838
1341866960360005633
1341866960603275269
1341866960741691396
1341866960758452225
1341866961559498759
1341866962130001921
1341866962381660162
1341866962964668416
1341866963124051970
1341866963627290628
1341866963719614468
1341866963652538370
1341866964654977025
1341866964864688128
1341866964923392006
1341866965204410368
1341866965317652483
1341866965456052224
1341866965841944577
1341866965921636354
1341866966009720833
1341866966043258881
1341866966231830529
1341866966190055427
1341866965950971905
1341866966655643650
1341866966395609089
1341866967435800584
1341866967708274688
1341866967800700931
1341866968794718208
1341866969230938113
1341866969365180417
1341866969671319552
1341866969885237250
1341866970161934337
1341866970069680128
1341866970652798976
1341866970824765446
1341866971101585410
1341866971365838850
1341866970799624194
1341866972859019270
1341866973219713025
1341866973186154497
1341866973463007234
1341866974964559872
1341866975128145928
1341866975488856070
1341866975375601669
1341866975086092289
1341866975623049218
1341866975836946432
1341866975736184833
1341866976692547585
1341866977925722112
1341866977648893952
1341866978336714752
1341866978340827136
1341866978303209476
1341866978563088384
1341866979066605568
1341866979246956546
1341866979498455040
1341866980387729409
1341866980614283265
1341866981549596679
1341866981688041479
1341866981969059842
1341866982111662081
1341866982510129152
1341866982191280130
1341866983114076160
1341866983546097667
1341866983793565697
1341866984095571969
1341866983596429313
1341866984242368512
1341866984435195904
