1563315354373607425
1563315354566381569
1563315355241484292
1563315355463737351
1563315355656679427
1563315355631898624
1563315355619012608
1563315356239679488
1563315356306788352
1563315356503904256
1563315356797915137
1563315357166604288
1563315357044985860
1563315357766496257
1563315358068486145
1563315357401485313
1563315357934161920
1563315358513016832
1563315358215405568
1563315358991355904
1563315359465099264
1563315359398039558
1563315359389609984
1563315359742324736
1563315359569981441
1563315359901290498
1563315359473577986
1563315359540826112
1563315360216014848
1563315360018956288
1563315359574138880
1563315360119410689
1563315359264182272
1563315360475926530
1563315361407197185
1563315361822408704
1563315362460225540
1563315362225000448
1563315361868423169
1563315362384461824
1563315363508793344
1563315364041150470
1563315364309610498
1563315364322168832
1563315365366886402
1563315366058594304
1563315366746501121
1563315366558060544
1563315367157542913
1563315370014162945
1563315371595087874
1563315371590856706
1563315372111298560
1563315371917996032
1563315372878884865
1563315372840796161
1563315374686289921
1563315375580008449
1563315376707973121
1563315377849143306
1563315379623333888
1563315380256653316
1563315380487331841
1563315380147597313
1563315381296861184
1563315381695315973
1563315381086801922
1563315382483849216
1563315382735478784
1563315382655791104
1563315382135320576
1563315383779528704
1563315383989600257
1563315384245452801
1563315384500948993
1563315384232849409
1563315386665226246
1563315386648793090
1563315385868308480
1563315387378573312
1563315388431355905
1563315388057669632
1563315388888190977
1563315388833599492
1563315389714804736
1563315391023067138
1563315391962656768
1563315392365219842
1563315394512752640
1563315395423272960
1563315396924416000
1563315397025492994
1563315399302987776
1563315399545929728
1563315400313806850
1563315400536125446
1563315400427044864
1563315401404035073
1563315401416900613
1563315403425972226
1563315403366944769
1563315403891154949
1563315404541689860
1563315405061365761
1563315405392789504
1563315406168723456
1563315406273597441
1563315407317913600
1563315407377027073
1563315407808696322
1563315408815665152
1563315410702716928
1563315410560114689
1563315412502446081
1563315415383584770
1563315415849132032
1563315416453500928
1563315417166544896
1563315418173161473
1563315417846005761
1563315418734870529
1563315419196592129
1563315419707871233
1563315420899479552
1563315421402451968
1563315422249623552
1563315422539051008
1563315422912716803
1563315428054642688
1563315428146810880
1563315429736857600
1563315435231408129
1563315435755667456
1563315436006961152
1563315436321509377
1563315437328543746
1563315438573875200
1563315441853796352
1563315444232007681
1563315445792272389
1563315447852056578
1563315448535347200
1563315449885970432
1563315452893208576
1563315453430476802
1563315455002963969
1563315456538451970
1563315456101863425
1563315457746432000
1563315458039681025
1563315460635910147
1563315462565695495
1563315464071446528
1563315464973225984
1563315466012991490
1563315466571218947
1563315468516990978
1563315469230428160
1563315470018551809
1563315472015425543
1563315471654330369
1563315472447459328
1563315474955268096
1563315475299573760
1563315475504701441
1563315478029688834
1563315477912248321
1563315478155907078
1563315478952493056
1563315481494568964
1563315481792040960
1563315482035269632
1563315483482685441
1563315485545926656
1563315485151985667
1563315485701070851
1563315484950695936
1563315486091186178
1563315487655997440
1563315490490961920
1563315491657039873
1563315492051628032
1563315492416196610
1563315492906889217
1563315495876452352
1563315496996728832
1563315497311285250
1563315497797447680
1563315498032693248
1563315500452421633
1563315500394106880
1563315500775780352
1563315501828575234
1563315502125969411
1563315503501697025
1563315504206319617
1563315505959927813
1563315506626830336
1563315506022477824
1563315508468121600
1563315509872848896
1563315509868630018
1563315511475466241
1563315511550971904
1563315511882293249
1563315512301330432
1563315511915876355
1563315512653754369
1563315515124510720
1563315520748654593
1563315521822801920
1563315525815373824
1563315527472513028
1563315527639920640
1563315529791680514
1563315530446307328
1563315530622046209
1563315531297738759
1563315532220100611
1563315532329549825
1563315532878663680
1563315532962869249
1563315533638152192
1563315535114571777
1563315535190052866
1563315535894675456
1563315536351490052
1563315536913567745
1563315538574528513
1563315539115921408
1563315540357066752
1563315541162397700
1563315542769156099
1563315543339585537
1563315543628623874
1563315547957510145
1563315549043826688
1563315550482182146
1563315550524444677
1563315551518478337
1563315553401733120
1563315556635525123
1563315557142708225
1563315557549879296
1563315557658636288
1563315557763493890
1563315560490094595
1563315560603009025
1563315561139843072
1563315561056337921
1563315561269841920
1563315562130063362
1563315562595332096
1563315565514567681
1563315565649096704
1563315567133859840
1563315567809155073
1563315568425734145
1563315569792655364
1563315570871009282
1563315571420450822
1563315572339015683
1563315572531613696
1563315574335483905
1563315574754922497
1563315575446974466
1563315576734224384
1563315577661243393
1563315578042925057
1563315579301163012
1563315579708375042
1563315580215574528
1563315581356744706
1563315581742628865
1563315582828654593
1563315583654825985
1563315584648892416
1563315585273851904
1563315584946712578
1563315586238918656
1563315586796437504
1563315586419269632
1563315588444745728
1563315589451759618
1563315589434658817
1563315589858279425
1563315590517116928
1563315594098642945
1563315594392649733
1563315595273437185
1563315595889631232
1563315596699529216
1563315597156700160
1563315600294031361
1563315600641773568
1563315605369155586
1563315605675028480
1563315606253740032
1563315606296100864
1563315606555742210
1563315606757158913
1563315607910486016
1563315609772838914
1563315609945145344
1563315610775601154
1563315611098562560
1563315611370827776
1563315611689975808
1563315613166030851
1563315614436888577
1563315614793363456
1563315615892328448
1563315616660205569
1563315616932450304
1563315618694045697
1563315618509901830
1563315619419672578
1563315620535422981
1563315621672013825
1563315623127830532
1563315624168030208
1563315624209977344
1563315624562294785
1563315625136881664
1563315627963879425
1563315630178062336
1563315632128794624
1563315632263036928
1563315632862478336
1563315633886236672
1563315636163317761
1563315637648142336
1563315637945978880
1563315641381421059
1563315644153884674
1563315644606873600
1563315645030096896
1563315644958855169
1563315649497075713
1563315650549858306
1563315653221593091
1563315654702542848
1563315654635454465
1563315655461736448
1563315655671443457
1563315656753573889
1563315658599075840
1563315659140116481
1563315659358228485
1563315662201622528
1563315662365155329
1563315665217286152
1563315667771592706
1563315669843619840
1563315671936557056
1563315671681105920
1563315672696107009
1563315675728592900
1563315676399702017
1563315677242355713
1563315677892513792
1563315678136127489
1563315677615706113
1563315678773329922
1563315679549587456
1563315682775023618
1563315683211223042
1563315686805745665
1563315686805745666
1563315689716613120
1563315690722930690
1563315691951837188
1563315692761255939
1563315693663453184
1563315694502297600
1563315694615560192
1563315694804283393
1563315696380964866
1563315696192212992
1563315697308291073
1563315697421516800
1563315697802891265
1563315698561998850
1563315701863321600
1563315702517272578
1563315703415205888
1563315704182386688
1563315704556056581
1563315706963185664
1563315707038773248
1563315710410907648
1563315711673438208
1563315711615062016
1563315716505210880
1563315716908281856
1563315718003003393
1563315717813940224
1563315719277645824
1563315719701680128
1563315720360202240
1563315721127333889
1563315722385690627
1563315722105024513
1563315723081920517
1563315723774361602
1563315723832741889
1563315724059557889
1563315724680335360
1563315724713484288
1563315724436680705
1563315725959561217
1563315726458716162
1563315726806843392
1563315727851225093
1563315728522313729
1563315729990299650
1563315731328307201
1563315733698080768
1563315735983636485
1563315736969220097
1563315739289071616
1563315739767209984
1563315742451585027
1563315745349865473
1563315746004156417
1563315747946123265
1563315748465885190
1563315750453972992
1563315752077119489
1563315753058586624
1563315754166292482
1563315754102968331
1563315755994583044
1563315754518614018
1563315756430856192
1563315763133329408
1563315763208863745
1563315762819125250
1563315765104611328
1563315765734174720
1563315766065213441
1563315767277301760
1563315767600648193
1563315768317845504
1563315767994904577
1563315770938888194
1563315771694260224
1563315771987873793
1563315773183262722
1563315773514600449
1563315773635866624
1563315775334584321
1563315776114741248
1563315776156991488
1563315779314917376
1563315779587944449
1563315780787535873
1563315780862627842
1563315783723147265
1563315783077203968
1563315787401957378
1563315787481223169
1563315787624218626
1563315789197103104
1563315789813272579
1563315790903779328
1563315790681493504
1563315792388968448
1563315794120826881
1563315794565799943
1563315796113104899
1563315796600029188
1563315797732507648
1563315798847864833
1563315799791505409
1563315800488157190
1563315802303959040
1563315803373830144
1563315803541237760
1563315804367888389
1563315805445828610
1563315805923983360
1563315807420948481
1563315809241350144
1563315811938627589
1563315813347897346
1563315814086082561
1563315815340179456
1563315813746376705
1563315816556535808
1563315818863046656
1563315819265683456
1563315820343595008
1563315822369484802
1563315822407618562
1563315822772506627
1563315822847614982
1563315823380295681
1563315823355109379
1563315828379987969
1563315828912640000
1563315831685017600
1563315831986987008
1563315831982895104
1563315832008359948
1563315832930725888
1563315833497337856
1563315834822397952
1563315835514798081
1563315835942621189
1563315836776902656
1563315836957634561
1563315839272906752
1563315839528767489
1563315839650054145
1563315839872671745
1563315841315516416
1563315841835290624
1563315842468945920
1563315843416481792
1563315844095963138
1563315844246958080
1563315844327043073
1563315846616719360
1563315846897840130
1563315848768458752
1563315853311250434
1563315853352771584
1563315854670176256
1563315854984376320
1563315856641511426
1563315857463250946
1563315860886147072
1563315862077329408
1563315862886838272
1563315863691804672
1563315862827716608
1563315866749771777
1563315867080790016
1563315869253799936
1563315869295726592
1563315870033555458
1563315870692421632
1563315870793105408
1563315871212539905
1563315872155873285
1563315872269484033
1563315873636421639
1563315874089484288
1563315875003842560
1563315874928283649
1563315875897556992
1563315875767517184
1563315877734674437
1563315878212796417
1563315879114260480
1563315880351580168
1563315880695476224
1563315882687733760
1563315884378050562
1563315886584635395
1563315889399021570
1563315890292400130
1563315892007555080
1563315892703744001
1563315893220032512
1563315893622677505
1563315894104707072
1563315894310555656
1563315896277680129
1563315896453836802
1563315896864481283
1563315898936860672
1563315901465669634
1563315902120366080
1563315902250381314
1563315904212963330
1563315906087755781
1563315906494599169
1563315906557931521
1563315909015793664
1563315908604751873
1563315910328209408
1563315910446051330
1563315911477833728
1563315911729516551
1563315913704628226
1563315913750761472
1563315915470807041
1563315917311750144
1563315917542436865
1563315918142222336
1563315918112845824
1563315919752900608
1563315921405767681
1563315922244608001
1563315923548643330
1563315925989748736
1563315927344566273
1563315927306813440
1563315928921559040
1563315930423492615
1563315931811422210
1563315931870539778
1563315933841502215
1563315935674392576
1563315936001609729
1563315937247301633
1563315938111369217
1563315939277357061
1563315942519480320
1563315943488442369
1563315944298287106
1563315949243027456
1563315953189867527
1563315954091638784
1563315955660296193
1563315956197502979
1563315956633350144
1563315957832896519
1563315958587895813
1563315959469047808
1563315960097869824
1563315965315624966
1563315968335822849
1563315968352219136
1563315969191460864
1563315969552154624
1563315969543454727
1563315970076069896
1563315980167655424
1563315983145525250
1563315983246245890
1563315983623761921
1563315986308087808
1563315987801288704
1563315987880878080
1563315988170305537
1563315988913074176
1563315990720839686
1563315993144791041
1563315993241612289
1563315993711374336
1563315996949356545
1563315998455111680
1563315998588997633
1563315999767920641
1563315999855611904
1563316001948594176
1563316003899318272
1563316006503989248
1563316008374652928
1563316008752156673
1563316011365208065
1563316011931090944
1563316012640239616
1563316013789487104
1563316014376689665
1563316015097794560
1563316015874056192
1563316016272523264
1563316016712597504
1563316018637746176
1563316019761885185
1563316020517142530
1563316021075013632
1563316023562227712
1563316024119660544
1563316026690834432
1563316028871884801
1563316030050488321
1563316031770112001
1563316031757897728
1563316034467434502
1563316034865885190
1563316036136767488
1563316036761714688
1563316037331738638
1563316038837489666
1563316039676755970
1563316041182515201
1563316043208359936
1563316043610980352
1563316044110135296
1563316044357582848
1563316045808422914
1563316045938470914
1563316050891968513
1563316051223257089
1563316052838141954
1563316052934950913
1563316053757001728
1563316055623155713
1563316055941849089
1563316060618600448
1563316060819902464
1563316061747159040
1563316066457071617
1563316068298289152
1563316069443334144
1563316074052874240
1563316075504488449
1563316080356970497
1563316081166790656
1563316081204563971
1563316082575679489
1563316084459024388
1563316084429623297
1563316085000065024
1563316085684076544
1563316086321590273
1563316087135301633
1563316088376823809
1563316089345302529
1563316089429573633
1563316090268135437
1563316090868236288
1563316096526340096
1563316097104748544
1563316096681541632
1563316097340022784
1563316097289310214
1563316102981070848
1563316105547898884
1563316106139353089
1563316109654122498
1563316110191374339
1563316110698500097
1563316111168647169
1563316111864909824
1563316112892129282
1563316114209157120
1563316115488399360
1563316116558344192
1563316117187096577
1563316119405879297
1563316119674359809
1563316120383197184
1563316122010542081
1563316122320941059
1563316122266415104
1563316123420233728
1563316126557536257
1563316127719395328
1563316128071700486
1563316129745244163
1563316129959124992
1563316131083190273
1563316131116421124
1563316132131454982
1563316134438260737
1563316135210078208
1563316135805665280
1563316135696613376
1563316137470832640
1563316137537859584
1563316137861201920
1563316140662988800
1563316140843347970
1563316142726590464
1563316143657725953
1563316144185884672
1563316144463028224
1563316144991154176
1563316146966650882
1563316147218714625
1563316147834875906
1563316148443422720
1563316148497956865
1563316149718134784
1563316150012104705
1563316150473084928
1563316150687084544
1563316152239276032
1563316154126696449
1563316154474831872
1563316154772250625
1563316155141738496
1563316155397287936
1563316156730974208
1563316157016260609
1563316157570220034
1563316158346203136
1563316159151505408
1563316161315749888
1563316160858574848
1563316162791763968
1563316163513556992
1563316163974959104
1563316166436667392
1563316166512492545
1563316167925649409
1563316168181424129
1563316171117539328
1563316172157685763
1563316173797609473
1563316178042245121
1563316178528792576
1563316179577364480
1563316181402275840
1563316181486178309
1563316181783957507
1563316183423602690
1563316188171497473
1563316189304360960
1563316196791185408
1563316199341301761
1563316200842485762
1563316201647853569
1563316204064108544
1563316204663894023
1563316206098333696
1563316206546718720
1563316207003914242
1563316208379736065
1563316209025658880
1563316209101131778
1563316211269570560
1563316212079026176
1563316214725652481
1563316214893465602
1563316215044780032
1563316215271297024
1563316220207591427
1563316220329205762
1563316220337999872
1563316220530929665
1563316221092630528
1563316222183485441
1563316222611329026
1563316223546314752
1563316224653926407
1563316224808783873
1563316224968523780
1563316225089757185
1563316227136958464
1563316229670334466
1563316229640978432
1563316232786706432
1563316235034828805
1563316235382960128
1563316235802394624
1563316238411268096
1563316238482227200
1563316239384346624
1563316240537759746
1563316241086816259
1563316242605572096
1563316244132298759
1563316246124171266
1563316246401417216
1563316246749163520
1563316247949090817
1563316250205253632
1563316253883740160
1563316257327239170
1563316263669334016
1563316263941574656
1563316266831466496
1563316267347738624
1563316269956616199
1563316270438617091
1563316270002421760
1563316273563385857
1563316273999917057
1563316274720940047
1563316275274604544
1563316275454959616
1563316277183012869
1563316279187886080
1563316279242395648
1563316279557365760
1563316280802693126
1563316281012813826
1563316281117270017
1563316283373809665
1563316284372426752
1563316284460515334
1563316284947066880
1563316285538455556
1563316288872542210
1563316288989958144
1563316291175600129
1563316292035428353
1563316292610064385
1563316292500668417
1563316293574733824
1563316293507620869
1563316294128381954
1563316295067930625
1563316294585556993
1563316299836534784
1563316300390076416
1563316301459705856
1563316302026256386
1563316303863357448
1563316304291176450
1563316304807079936
1563316305020665858
1563316307004493825
1563316307583717379
1563316307826974721
1563316311106605057
1563316311953850368
1563316313505689601
1563316314503950336
1563316314638209024
1563316315259281408
1563316316911521792
1563316317007912961
1563316320699297794
1563316324213788672
1563316325774413824
1563316329448321024
1563316332501749760
1563316334414659584
1563316334959919109
1563316337065148417
1563316338114072576
1563316342216065024
1563316343197167617
1563316343616999425
1563316343633432577
1563316344019247106
1563316345110155265
1563316345852559363
1563316346674638849
1563316346938486789
1563316348960526337
1563316351288381440
1563316352110104576
1563316352625942529
1563316352957710338
1563316353053822976
1563316357428842496
1563316357915353088
1563316358146060288
1563316358510936066
1563316359299117057
1563316359500824579
1563316360209256448
1563316360993980416
1563316362193211393
1563316362067718144
1563316363069796353
1563316363242123265
1563316364432904192
1563316366664695809
1563316368895647744
1563316369953009665
1563316370942869504
1563316370648928256
1563316372301828099
1563316372830298112
1563316373279080450
1563316376319639552
1563316377506631680
1563316377682735110
1563316379406675968
1563316380123795456
1563316381025980416
1563316381122039808
1563316381957111809
1563316383618039808
1563316383747674112
1563316383852597250
1563316384532418560
1563316384842452992
1563316384737955840
1563316385715204096
1563316386646339585
1563316387048996866
1563316387317436416
1563316388349243392
1563316391696297986
1563316392438292482
1563316394556805120
1563316394552619010
1563316394669719552
1563316396632965121
1563316396884631552
1563316398050250753
1563316404883161090
1563316405272924160
1563316405252296708
1563316405562273792
1563316405793013767
1563316407802032129
1563316408213131265
1563316408896802816
1563316411182657537
1563316416149061633
1563316416475893765
1563316417503834115
1563316418078134272
1563316418996994048
1563316421350010881
1563316421701947394
1563316422263971842
1563316423442968576
1563316423665254403
1563316424864518144
1563316425825329152
1563316427217461248
1563316427326599170
1563316429348564992
1563316431323729922
1563316431919271936
1563316433018572802
1563316433488314368
1563316434411069441
1563316436042256385
1563316436902494208
1563316439876251651
1563316440089784320
1563316442912567297
1563316443646930945
1563316444183478272
1563316445181669376
1563316446003728384
1563316446687465473
1563316448260284417
1563316449158234112
1563316450504323073
1563316451205074944
1563316451364438016
1563316456640483328
1563316457207140352
1563316459731767297
1563316460344070145
1563316462827188224
1563316463724683266
1563316464391634945
1563316463980556288
1563316464610078721
1563316465503457280
1563316466275221506
1563316469479264256
1563316470188101632
1563316470700179459
1563316472180781056
1563316473711702016
1563316478363193344
1563316478450880513
1563316480212512769
1563316481240182784
1563316481479217152
1563316481676693505
1563316482939191296
1563316482960146433
1563316486869258242
1563316487787786241
1563316488236593158
1563316489729429505
1563316490689949698
1563316491604267017
1563316493198053381
1563316491419672576
1563316492992520192
1563316494767116289
1563316495236890624
1563316495827906561
1563316498739134466
1563316499376271361
1563316502128099328
1563316502467858432
1563316504480792576
1563316504820875264
1563316507429326849
1563316514358718464
1563316515176267776
1563316519723225091
1563316522730147845
1563316523019563010
1563316523317399553
1563316524428845066
1563316525142265856
1563316526324654080
1563316529684353024
1563316530766819328
1563316530179215362
1563316531790237696
1563316531999952896
1563316534126080006
1563316534172598272
1563316535787401219
1563316536659496960
1563316537020166145
1563316536948822018
1563316537234141186
1563316537452179458
1563316538647937025
1563316542623731714
1563316546319323137
1563316546541617152
1563316548399673344
1563316550404538370
1563316551888936961
1563316552497147904
1563316552593596417
1563316554112303104
1563316554292375557
1563316555068612608
1563316555404161025
1563316554703699968
1563316556620533760
1563316559162265601
1563316559392620546
1563316560487280641
1563316561036709893
1563316561183531009
1563316562375090182
1563316562911604736
1563316564098973699
1563316566070284288
1563316567344947200
1563316569501241346
1563316570629509121
1563316571170213888
1563316569639305217
1563316571896168448
1563316572911202305
1563316574336929792
1563316574940868609
1563316576635736066
1563316578115915776
1563316579261358081
1563316583522799618
1563316583778246657
1563316585057906688
1563316584890126337
1563316587603832834
1563316587759030275
1563316587654168582
1563316588409139202
1563316589771890688
1563316590611165185
1563316591441244160
1563316593437814785
1563316597627842561
1563316598366093312
1563316598789722112
1563316601260494848
1563316602182938625
1563316602921435136
1563316603261186048
1563316604116484096
1563316607144697856
1563316607903887360
1563316609338392577
1563316611846533120
1563316612513419264
1563316612807413760
1563316613411090436
1563316613549461504
1563316614304391169
1563316614719631361
1563316615478796288
1563316617047851008
1563316617252970499
1563316617387204608
1563316619643744256
1563316620503949312
1563316621845811200
1563316621749649409
1563316621204426752
1563316623171547139
1563316623812874241
1563316626694770688
1563316627264851969
1563316628691238913
1563316628993228803
1563316629806600192
1563316631690166278
1563316632411287554
1563316633116241923
1563316635351805952
1563316635418902528
1563316636244791296
1563316637008158721
1563316636324872197
1563316637754740737
1563316638799171584
1563316639075946497
1563316639281467394
1563316640887889920
1563316641101803520
1563316640753729537
1563316642116800513
1563316642527924227
1563316642494308354
1563316641802625030
1563316644709306368
1563316645267148806
1563316646823235584
1563316647884034049
1563316648802537472
1563316648769355779
1563316650526400513
1563316651520851968
1563316653953552386
1563316655437934593
1563316656075870208
1563316656499150849
1563316656553676800
1563316657249849345
1563316660613685248
1563316661994012672
1563316662564139008
1563316663483006983
1563316665487540224
1563316666708422656
1563316670457733122
1563316672072908800
1563316673104396288
1563316674077413381
1563316674153320453
1563316675298004992
1563316676866686976
1563316676984074242
1563316677466394625
1563316678255312897
1563316679190659072
1563316680419291137
1563316680344113164
1563316683854737408
1563316684546396162
1563316689235718145
1563316690020028418
1563316689802244098
1563316691437645824
1563316691689701377
1563316693941698561
1563316696584110080
1563316698190848000
1563316699184902147
1563316699881156608
1563316700841267201
1563316700694855680
1563316700769988608
1563316702732902400
1563316702842351617
1563316703546998786
1563316704687833088
1563316704968843265
1563316705534783488
1563316706805551106
1563316708546191361
1563316708210663425
1563316710480187392
1563316712467886081
1563316712979644417
1563316716247355393
1563316717501026306
1563316718901989386
1563316719871197187
1563316720802332672
1563316721598877697
1563316724463976451
1563316724459397127
1563316726020075520
1563316727928487937
1563316729266454528
1563316729857523715
1563316733599166466
1563316734194765825
1563316734223740930
1563316735788593152
1563316736086007811
1563316736933257217
1563316737059147776
1563316738648813569
1563316739097894913
1563316739047186434
1563316743090491392
1563316743275044865
1563316743468027905
1563316744411721728
1563316745313562625
1563316745569714178
1563316747427405825
1563316747935297538
1563316748350152704
1563316751227506691
1563316755380211723
1563316758680809478
1563316761268977664
1563316762220802049
1563316762879217664
1563316764829970439
1563316765115154432
1563316766507692033
1563316770718375937
1563316771825655808
1563316773188907008
1563316773092732928
1563316773579292672
1563316772853256195
1563316774245847041
1563316774266843138
1563316774988156929
1563316776720482306
1563316777110491137
1563316777467400192
1563316778025250818
1563316779543187457
1563316779656826882
1563316780671442945
1563316781330350088
1563316781829087234
1563316783372992513
1563316784249581568
1563316782084919296
1563316786254467073
1563316787256516608
1563316788146114562
1563316789441806337
1563316792193216512
1563316792667230212
1563316792885334016
1563316794718560256
1563316794864984064
1563316795112853504
1563316796106498049
1563316797796823040
1563316798233391104
1563316798212124674
1563316799071850496
1563316805631758347
1563316809675075584
1563316810899894273
1563316812967657476
1563316815107100673
1563316815278645248
1563316816641871876
1563316817472303111
1563316817719832577
1563316818168582146
1563316819246518274
1563316820605427712
1563316822023147520
1563316822455136256
1563316822929473536
1563316825370136577
1563316826049695744
1563316825957421057
1563316827392200704
1563316828444958720
1563316831867191297
1563316832396021765
1563316834157621249
1563316836145410051
1563316836300898304
1563316837718573057
1563316837680840705
1563316838565818370
1563316838163165185
1563316840159268872
1563316842739175424
1563316843476987904
1563316844580065282
1563316843758374912
1563316844693704707
1563316845901651968
1563316846870159360
1563316846949896192
1563316846413365249
1563316846937653248
1563316850099834883
1563316850838372354
1563316851152924675
1563316851446521857
1563316852750950402
1563316856299356165
1563316855535996929
1563316859474063366
1563316860317081600
1563316860850163714
1563316860904689664
1563316862251048960
1563316864867897344
1563316864985354243
1563316869712707586
1563316870710980608
1563316873105915905
1563316875282378752
1563316877841281027
1563316880848592898
1563316881397669889
1563316882706292736
1563316884086603776
1563316886762184705
1563316888478056452
1563316888477712387
1563316889895710720
1563316890734571520
1563316891535282176
1563316891598606338
1563316894454906881
1563316893775081472
1563316895348011008
1563316895628939265
1563316896652759040
1563316897382547462
1563316897499623424
1563316899458748417
1563316899760390146
1563316900070731777
1563316900645416960
1563316900397871104
1563316902297890817
1563316902856105991
1563316903237496833
1563316905188143104
1563316905053933569
1563316907876315136
1563316908140609536
1563316908836827136
1563316909256613888
1563316911152148482
1563316912511422464
1563316915116064769
1563316915174420480
1563316916420091906
1563316916605059074
1563316916625629184
1563316916705701890
1563316916986740737
1563316917062234112
1563316917615484929
1563316918391828480
1563316920639664128
1563316922858770432
1563316922711584770
1563316923164594179
1563316923324313601
1563316924250918912
1563316924859068420
1563316924196327426
1563316925559881728
1563316927975813120
1563316927829012481
1563316929435418624
1563316930127151104
1563316930710503424
1563316930991099910
1563316930999566337
1563316931196637184
1563316931133710336
1563316931641614337
1563316931494436870
1563316935265136641
1563316935386734593
1563316936791846913
1563316936833781761
1563316936825376770
1563316937803046912
1563316935810420737
1563316940055097344
1563316941087215618
1563316941972197376
1563316946472382464
1563316949324484610
1563316951258365952
1563316954261180418
1563316955079069696
1563316956022771713
1563316956039524352
1563316956702580737
1563316958304423936
1563316959617302529
1563316959932223489
1563316960191848448
1563316960732925952
1563316962255523841
1563316962608185346
1563316964172304384
1563316963975122945
1563316967351922693
1563316971416203265
1563316971478822913
1563316972552880130
1563316974309875713
1563316976487112704
1563316977065938944
1563316978323841025
1563316980538494977
1563316980878155777
1563316981297586180
1563316981021167616
1563316982144872448
1563316982077804544
1563316983122509827
1563316985542283264
1563316988466057217
1563316990004977667
1563316991620165632
1563316993385955329
1563316993624707072
1563316994853679105
1563316994996199424
1563316995814150144
1563316998507220992
1563316997491789824
1563317002445680641
1563317002457923587
1563317003234181120
1563317005159084032
1563317008396984327
1563317011769200640
1563317014927933441
1563317015451803648
1563317017742311425
1563317017897185282
1563317018321092610
1563317018254004224
1563317021516804096
1563317022573744130
1563317024041840641
1563317027603116033
1563317028953653249
1563317032674033665
1563317034175213568
1563317034976325632
1563317036276584449
1563317036599902209
1563317036918652928
1563317038143000577
1563317038457577472
1563317039623589891
1563317041406558208
1563317041364611072
1563317042937462784
1563317045986349058
1563317047819661313
1563317047886749696
1563317049761247232
1563317050558529536
1563317053624164354
1563317053175787521
1563317054513758216
1563317054270504961
1563317054513762306
1563317057361694720
1563317060410626050
1563317057591971842
1563317062420017158
1563317065875787777
1563317066844606470
1563317068413698049
1563317069919047680
1563317072821493762
1563317073044209664
1563317074922835969
1563317075493343232
1563317077032591362
1563317078848704512
1563317079331131395
1563317081478537217
1563317086423617537
1563317087388708865
1563317090500521985
1563317090802860037
1563317090135654401
1563317092400525312
1563317092484804611
1563317092727762944
1563317094334156802
1563317094338285568
1563317095080701952
1563317095349501952
1563317095563415553
1563317096586821637
1563317097337278464
1563317099207933955
1563317099425980416
1563317100520714243
1563317100990459904
1563317102693724163
1563317105063129088
1563317106715676672
1563317106988314625
1563317108389576711
1563317110461571077
1563317110683488256
1563317113024311296
1563317112806195200
1563317114676449280
1563317114832064512
1563317116236812289
1563317116664553472
1563317117188878337
1563317117512224769
1563317117914841090
1563317118463930368
1563317118401400838
1563317118598520833
1563317118824640512
1563317118937903106
1563317118845988865
1563317119198310406
1563317119294799873
1563317119659687944
1563317120263663617
1563317120339181568
1563317121651998722
1563317123921121282
1563317124021374977
1563317125552320513
1563317126978424834
1563317129306599428
1563317132594581505
1563317134523961345
1563317134666543107
1563317135480262656
1563317135836819458
1563317137686802435
1563317137548066817
1563317137359646721
1563317140257513472
1563317141998211072
1563317142275395584
1563317144086986754
1563317145643073536
1563317149338193920
1563317149770194949
1563317150747860993
1563317152014143488
1563317155835154432
1563317156011732996
1563317156712189952
1563317157215490048
1563317159161241600
1563317162307375106
1563317162877431808
1563317162969690112
1563317163808944128
1563317164568117248
1563317164895260673
1563317166455136258
1563317166833029120
1563317166971441152
1563317167465975808
1563317169022046208
1563317169936814080
1563317170573959168
1563317174667976704
1563317178094751744
1563317177674977281
1563317178103132160
1563317179013296128
1563317180732932103
1563317180833226753
1563317181307187201
1563317183404396545
1563317185178931200
1563317185442828289
1563317187946745858
1563317192112087041
1563317192866680833
1563317193458143233
1563317196402569217
1563317196276654080
1563317198982361088
1563317199363657740
1563317199703457803
1563317201347973120
1563317201259573248
1563317201255669760
1563317201821900801
1563317205869010945
1563317207236759552
1563317207613853697
1563317207563612160
1563317209128005632
1563317209996267520
1563317210302803969
1563317213825667073
1563317215856041984
1563317217126940672
1563317218087014402
1563317219849043969
1563317219873808385
1563317219911618561
1563317221291540482
1563317222277206018
1563317223003127809
1563317223078256643
1563317225099972609
1563317225188360192
1563317225188388864
1563317227721334789
1563317230250516480
1563317230703898624
1563317231735676930
1563317232440344577
1563317234969497602
1563317236500414466
1563317237120806915
1563317237662253056
1563317240006873090
1563317240568885248
1563317244548943878
1563317246692208646
1563317247300763649
1563317247786946560
1563317249565270018
1563317250572005377
1563317251880931329
1563317252253814784
1563317252925329408
1563317254388781058
1563317254653378560
1563317254736842752
1563317255412207618
1563317256939270144
1563317257182187521
1563317259854303234
1563317260160466944
1563317260210814976
1563317261300948993
1563317261414576130
1563317261716230144
1563317263503015939
1563317264690348033
1563317265638240257
1563317265625681920
1563317265671499776
1563317267169165314
1563317267374284801
1563317268104114176
1563317270016708608
1563317269572120579
1563317271548018688
1563317274827599873
1563317274937012226
1563317274790207490
1563317277415870466
1563317279886278659
1563317280062439424
1563317280200486912
1563317281014177792
1563317282876817408
1563317283061084161
1563317283124297729
1563317285011394561
1563317289037967360
1563317289004711936
1563317289155301377
1563317289478680576
1563317290908536833
1563317291902586881
1563317295077724163
1563317296071749634
1563317299448188928
1563317304083247106
1563317304774909953
1563317309527425024
1563317309749350402
1563317314464129024
1563317314661253121
1563317315797520385
1563317317102026752
1563317317538553857
1563317320109346817
1563317320562315264
1563317322068029440
1563317321627992065
1563317324501123074
1563317324756619265
1563317325180583936
1563317325503549440
1563317326425886722
1563317327848181763
1563317328007221250
1563317329051910146
1563317331312640001
1563317333325918208
1563317335758602240
1563317336978755584
1563317337633091584
1563317337629282304
1563317338048385032
1563317340636254208
1563317341068591104
1563317344834764803
1563317346600493057
1563317349356228608
1563317350547369985
1563317351688245250
1563317351856058369
1563317352891949056
1563317355555332096
1563317356600131585
1563317356805246976
1563317357736792069
1563317360223608833
1563317365026086912
1563317365341044736
1563317366066642945
1563317366456729601
1563317366792269825
1563317366108221441
1563317368713261058
1563317368931004418
1563317368969101314
1563317370223198208
1563317370122186752
1563317370353238016
1563317371967680515
1563317371976028160
1563317372068306944
1563317373871960067
1563317375407370240
1563317375843602435
1563317377080516608
1563317377537695744
1563317376736604160
1563317378179825669
1563317378812764162
1563317380075249664
1563317383363952640
1563317385322409985
1563317386899427330
1563317387428261888
1563317390837891072
1563317392725270528
1563317393178259456
1563317393300271105
1563317393891676160
1563317395761926146
1563317397288718336
1563317398345695232
1563317399230619649
1563317399382007814
1563317401001033728
1563317399419465731
1563317402103754758
1563317402258903041
1563317402510983168
1563317406117662721
1563317406369718272
1563317407224958977
1563317407745093632
1563317409112821760
1563317409951272967
1563317410379091968
1563317411385790465
1563317411725447173
1563317413474476032
1563317415903055873
1563317419258814465
1563317420353527809
1563317423344087040
1563317424593637379
1563317425235382272
1563317425969700865
1563317426879508482
1563317427600908288
1563317428959866880
1563317431149285378
1563317432722534402
1563317434236674049
1563317435372998656
1563317435880833026
1563317436258013186
1563317438460350464
1563317439236284419
1563317440221949954
1563317444760174593
1563317445112127489
1563317445490012161
1563317445963968517
1563317447809470464
1563317448304394241
1563317450535743493
1563317451848548352
1563317452607369220
1563317452762923008
1563317452926517248
1563317453635321856
1563317453752770560
1563317454679736320
1563317455077814272
1563317455732191238
1563317458299002880
1563317458911383553
1563317460178472961
1563317459112710151
1563317461474476034
1563317462539849728
1563317463265476608
1563317463672299522
1563317464280465409
1563317464200409088
1563317465672691712
1563317468646453251
1563317470647046144
1563317471855013890
1563317471448559617
1563317473747046402
1563317473868664834
1563317474988544000
1563317476628189189
1563317480482693120
1563317481917165569
1563317482340773888
1563317482378502144
1563317482143641601
1563317485344276480
1563317485847613443
1563317487240122370
1563317489538199552
1563317490515554305
1563317491539263491
1563317496064589831
1563317497289650177
1563317497406767104
1563317497650348032
1563317497922592770
1563317498615037953
1563317502305660928
1563317502536712193
1563317504143138816
1563317506919370753
1563317507368181760
1563317507691532288
1563317508060299265
1563317508152500227
1563317509490561024
1563317509969047554
1563317510262235143
1563317511549906945
1563317512711729162
1563317512716324864
1563317513634873345
1563317512896360448
1563317513705836552
1563317518928084992
1563317523012939777
1563317524841652224
1563317527304105986
1563317527911882758
1563317530910855168
1563317537936265219
1563317538649669633
1563317539228504064
1563317541228797953
1563317542814613504
1563317544433631234
1563317546039648256
1563317547503472641
1563317547943874560
1563317554558353415
1563317556714168321
1563317557272096775
1563317560354881542
1563317561449582596
1563317562112643074
1563317562402013188
1563317563123068929
1563317564045807621
1563317564352364546
1563317564746645510
1563317568378589186
1563317569062576128
1563317569192243200
1563317569536212992
1563317569620025345
1563317570513829889
1563317573118488576
1563317574128939008
1563317574884261888
1563317577753178112
1563317580265205761
1563317580852445184
1563317582148431873
1563317583754866688
1563317584602476544
1563317585105809408
1563317586271424513
1563317588548935684
1563317588926418944
1563317589170077697
1563317589597495298
1563317590214479875
1563317590750965761
1563317590813917184
1563317593125298176
1563317593104011264
1563317594735939584
1563317595365060609
1563317595222474752
1563317596044156928
1563317597499965440
1563317597549969410
1563317598099746816
1563317599143743489
1563317599731326979
1563317600100106242
1563317601408757760
1563317602143064065
1563317604089229314
1563317605242671104
1563317605502308355
1563317606601216004
1563317607071379456
1563317607951781890
1563317609260404736
1563317610376462342
1563317612242563072
1563317612725301250
1563317614839218177
1563317615367720963
1563317615870676994
1563317616516575232
1563317617862983682
1563317619629105152
1563317620690288641
1563317621340372992
1563317621704929280
1563317622669643777
1563317623022305285
1563317624284811265
1563317625546952709
1563317628663238656
1563317629275648002
1563317629670289410
1563317629665759233
1563317630899208192
1563317631234764800
1563317632203251712
1563317632127758339
1563317633365475329
1563317633407078400
1563317634254651392
1563317634543759361
1563317635210952706
1563317636171108356
1563317636556996609
1563317637052264454
1563317637941145600
1563317638591578113
1563317639501336576
1563317640063778816
1563317643557638145
1563317643943165957
1563317648569425922
1563317648976334850
1563317650729869312
1563317651283529729
1563317651790651392
1563317655066406913
1563317655401967618
1563317655989129219
1563317656241184769
1563317656081444865
1563317657218076672
1563317658455404545
1563317659906998273
1563317660427120641
1563317660879765506
1563317661656059904
1563317662632910849
1563317663778369538
1563317665422528512
1563317667162775553
1563317667351576577
1563317668064636929
1563317668400181249
1563317668345946114
1563317669943619584
1563317670425939968
1563317670614708225
1563317671944368129
1563317672170795008
1563317672401465345
1563317673039015936
1563317673030586368
1563317673533943809
1563317674108928000
1563317677766377472
1563317677719838720
1563317679548960768
1563317679494012930
1563317680370700288
1563317683432886272
1563317684946628609
1563317688218562562
1563317689291919360
1563317689447497729
1563317690206339072
1563317691615625217
1563317691565240320
1563317692588703744
1563317692475805696
1563317695508258817
1563317695818641408
1563317697584467968
1563317699047874561
1563317699648045057
1563317702269161472
1563317702428889089
1563317702483410947
1563317702671798272
1563317702554697729
1563317704073052160
1563317705843048448
1563317707365265409
1563317708350861312
1563317709441744897
1563317710012162048
1563317711563698177
1563317712298086403
1563317713161728000
1563317714256441346
1563317715795734528
1563317717595471872
1563317718199152640
1563317719839059969
1563317720711516160
1563317720585629699
1563317720766361601
1563317721583927296
1563317721580052482
1563317724029235201
1563317724272787456
1563317724796710913
1563317724851634179
1563317727779237890
1563317729200730112
1563317729183969282
1563317729922203648
1563317730521993216
1563317731138514951
1563317731642191874
1563317731977441280
1563317732564643846
1563317735102107648
1563317736692158465
1563317736570519552
1563317739946917888
1563317739854655488
1563317741355839488
1563317742023098369
1563317743125794816
1563317746128998401
1563317746984943620
1563317747802849282
1563317748465143808
1563317754979295232
1563317755243139073
1563317755297771520
1563317755491012608
1563317756002328576
1563317757008945152
1563317757185527824
1563317757763940352
1563317757923700736
1563317758590582784
1563317758678290435
1563317760683175937
1563317761665044482
1563317762088321024
1563317763266924544
1563317764252569606
1563317768119758849
1563317770548580352
1563317771739402244
1563317771706208256
1563317775216812032
1563317774604128259
1563317776370270214
1563317776550629376
1563317777921822721
1563317779213602816
1563317781197598724
1563317783340888065
1563317784087445504
1563317784477863936
1563317785526439936
1563317787522908160
1563317789422563328
1563317789670375424
1563317791826268160
1563317793176465408
1563317794648702981
1563317796376743937
1563317797236514817
1563317796519686144
1563317798087970816
1563317798159335428
1563317799795040256
1563317801657307139
1563317801586425856
1563317803293110277
1563317803918036993
1563317804862160896
1563317804853772289
1563317805659074561
1563317809723351040
1563317810834460674
1563317811157430274
1563317812222783489
1563317812571283457
1563317812437065733
1563317812617039873
1563317814265810944
1563317814098038785
1563317814475100162
1563317815498510339
1563317816769802240
1563317816899833857
1563317817520205825
1563317819558998016
1563317820003209216
1563317821152841728
1563317823333896194
1563317823765872642
1563317824189517827
1563317825007415297
1563317825565265922
1563317825975922688
1563317826093387776
1563317827775660032
1563317827502714880
1563317828706439169
1563317829650169861
1563317830275125248
1563317830468046848
1563317834360311809
1563317835270848512
1563317834935336962
1563317835853873152
1563317836495601664
1563317836562694146
1563317840811540480
1563317841738117120
1563317845731160064
1563317848570617856
1563317850806239233
1563317852341297152
1563317854870507520
1563317856447889408
1563317858532089858
1563317857907519489
1563317860725755905
1563317860948406272
1563317865113337856
1563317865633431552
1563317866057072640
1563317868103495680
1563317868774948864
1563317868976312320
1563317870175498243
1563317871354474498
1563317871349866496
1563317871417077761
1563317872788574208
1563317873015410688
1563317874122313728
1563317874483408898
1563317876689289222
1563317880120176642
1563317880636092416
1563317882716442626
1563317886856286214
1563317886772322304
1563317886680440833
1563317887799943172
1563317888148074496
1563317888596844550
1563317889880297478
1563317891402829825
1563317892275671042
1563317896524480512
1563317896688041985
1563317897149108224
1563317899296919553
1563317899237896194
1563317900299358212
1563317902723321856
1563317902769397762
1563317902597849090
1563317904828903424
1563317906103930885
1563317908645695490
1563317908419518470
1563317911606870016
1563317912458301440
1563317912735481857
1563317912886075395
1563317913905696768
1563317915062939649
1563317915553652737
1563317919819628545
1563317920054226944
1563317921345970176
1563317922558525440
1563317924265283584
1563317925771022339
1563317926010097669
1563317926626615297
1563317928610582529
1563317929177141248
1563317929076068352
1563317929566826497
1563317929021943813
1563317931517235201
1563317932394160131
1563317933970825216
1563317934260228096
1563317934553935873
1563317938605916160
1563317938966302721
1563317939511496704
1563317940082003976
1563317942460493826
1563317947161927680
1563317947375857665
1563317947879522305
1563317948256645121
1563317951423426561
1563317951469879297
1563317951557603328
1563317952531021824
1563317952744607744
1563317952975618048
1563317958952120320
1563317959195774977
1563317959548112897
1563317959690702849
1563317959900413954
1563317960105926658
1563317960839573504
1563317961615867906
1563317962026545152
1563317965423972353
1563317967739551744
1563317968796168199
1563317971774509056
1563317973783175170
1563317973695098880
1563317974206885890
1563317976245600256
1563317976610140161
1563317979961446402
1563317981786288128
1563317984135102464
1563317984898084864
1563317986030911488
1563317986399625282
1563317987234697216
1563317988413292545
1563317988719075328
1563317988924616704
1563317989751267328
1563317990602354689
1563317991571197954
1563317991898750979
1563317992368541696
1563317993454522371
1563317995253821441
1563317995744571392
1563317994670854145
1563317996260446209
1563317997330055168
1563317998126895105
1563317998215372800
1563317997993066498
1563317999050063873
1563317999486251009
1563317999918272512
1563318002950766592
1563318004276166656
1563318005429587971
1563318009783283714
1563318010223693828
1563318010969858054
1563318016716075010
1563318017206865923
1563318018016694272
1563318019094224907
1563318020264853505
1563318025264467973
1563318025579003905
1563318027285774336
1563318031693987840
1563318032948416512
1563318033623707651
1563318035062333440
1563318035334586368
1563318036018638848
1563318037549264897
1563318037595373569
1563318037968654337
1563318038476521472
1563318041823195136
1563318042628878336
1563318043450626049
1563318044079755265
1563318044214325250
1563318046780825608
1563318050187022340
1563318055304069120
1563318056210006017
1563318056956592131
1563318057757392897
1563318060810846210
1563318060965974016
1563318061469294592
1563318061662228480
1563318063172562946
1563318062924722176
1563318064447270912
1563318070667403264
1563318070864596992
1563318072030957568
1563318074207416321
1563318076426559490
1563318077948772353
1563318078510751744
1563318081379676160
1563318082692861952
1563318084097933313
1563318084362190850
1563318085419139073
1563318085318152193
1563318087008817157
1563318093060853760
1563318093853900802
1563318094595969027
1563318094767935490
1563318095220916227
1563318097725227009
1563318097963933696
1563318099033460736
1563318100283768833
1563318101206528001
1563318101445210112
1563318103110750209
1563318103412330503
1563318104251592704
1563318104561979392
1563318105220075520
1563318105270808576
1563318105639493633
1563318106705264641
1563318106927140864
1563318108710117376
1563318109548580865
1563318111054376960
1563318112250101763
1563318113080586240
1563318114619891713
1563318114313719808
1563318114909007872
1563318115060305931
1563318119178780672
1563318119547805696
1563318121221738497
1563318125751578625
1563318126733070337
1563318127533772801
1563318130734407680
1563318131652644864
1563318131795247104
1563318135117447168
1563318135604023298
1563318136182431749
1563318138464116738
1563318139890565120
1563318140687175680
1563318141564121089
1563318143254417410
1563318151181664257
1563318151890157568
1563318152380829696
1563318152741539841
1563318153341706240
1563318154184753154
1563318156495491072
1563318157204664320
1563318157926084609
1563318159909629953
1563318161075683329
1563318162107830278
1563318163470569474
1563318165672988672
1563318167371333633
1563318167849410561
1563318168055349249
1563318168701276164
1563318169170616322
1563318170076622848
1563318170059886594
1563318171867566080
1563318173356924933
1563318175621869570
1563318184241147907
1563318184593457153
1563318184694149120
1563318186472525825
1563318187067711488
1563318187227111425
1563318187332358144
1563318187982462977
1563318188405714944
1563318189068390400
1563318191694102528
1563318192919183360
1563318193300508672
1563318193283731456
1563318194282328065
1563318195460915200
1563318196379127808
1563318197792948226
1563318198136553472
1563318197981691906
1563318198719561728
1563318199268954113
1563318201853046786
1563318202708672512
1563318206248665089
1563318208110551040
1563318210518466560
1563318212384944128
1563318212816543745
1563318213852532741
1563318216402669568
1563318217183207425
1563318217564569600
1563318217459712000
1563318221880819712
1563318223210446848
1563318223553978370
1563318226037395458
1563318230252662790
1563318231796166658
1563318232450076673
1563318234132058113
1563318234308575232
1563318235269050368
1563318236598263808
1563318240457424898
1563318241652776960
1563318242751328256
1563318243002949638
1563318243640877056
1563318244282617856
1563318244290994177
1563318244512972800
1563318244874006531
1563318245100519431
1563318245360160772
1563318245910016000
1563318245784170496
1563318247142739970
1563318249227718658
1563318250032988160
1563318252436340738
1563318252591513602
1563318255556894720
1563318255414288386
1563318255795961856
1563318258090262529
1563318260535218179
1563318261520904195
1563318261353041920
1563318262909218816
1563318263454437376
1563318264595222529
1563318265513881600
1563318265770053632
1563318267753533445
1563318268169170946
1563318269095714820
1563318268714430471
1563318270274719744
1563318270518001665
1563318270765109248
1563318271117791232
1563318271235203077
1563318271780470785
1563318272275009537
1563318276524240896
1563318278898200576
1563318281842597890
1563318283935240192
1563318284501811202
1563318286812860427
1563318291925327873
1563318294538379265
1563318295876751360
1563318299076702210
1563318299639050240
1563318300133949443
1563318302075629570
1563318302365319168
1563318303439089667
1563318303136722945
1563318305187700738
1563318306677071872
1563318307586920448
1563318307976908800
1563318307604013060
1563318313958375424
1563318315795197957
1563318317070200833
1563318317690933249
1563318318127513600
1563318318651518977
1563318319276752896
1563318320333393921
1563318321994293249
1563318326276698113
1563318326582906880
1563318326734262273
1563318327023665152
1563318328436748288
1563318329229856769
1563318332874702853
1563318334900572160
1563318335823314945
1563318336674762754
1563318340587728896
1563318345222717440
1563318346803982336
1563318351354798081
1563318352054915074
1563318352390803460
1563318353342607360
1563318353837449218
1563318354982551553
1563318357272952838
1563318359563063296
1563318362012549120
1563318362100232192
1563318362205171712
1563318361957666817
1563318361617862658
1563318364214534144
1563318365531226112
1563318367104094208
1563318367091847168
1563318371361230850
1563318371973988353
1563318372665724928
1563318374846763008
1563318377354973187
1563318382929543169
1563318385521201152
1563318388243304450
1563318388558278656
1563318388600246273
1563318391615930369
1563318391875649536
1563318392156987392
1563318393003917312
1563318393855307776
1563318395604328449
1563318396376485888
1563318400449118208
1563318402198171648
1563318402243895296
1563318402130661376
1563318403686748160
1563318407076155392
1563318411673096192
1563318412805226496
1563318413770248192
1563318415451832320
1563318415913152512
1563318416076787712
1563318417997713412
1563318418584924161
1563318419390611456
1563318420203917312
1563318420732792834
1563318422280499205
1563318425555857408
1563318426437033984
1563318426721869825
1563318427246526464
1563318428357705731
1563318429557608452
1563318431021412352
1563318431377567745
1563318432858533895
1563318434493894656
1563318436536938497
1563318437245747200
1563318437778452481
1563318440416657410
1563318441682997250
1563318442484465664
1563318444447002625
1563318446209003522
1563318447894700032
1563318448864006149
1563318449228550144
1563318449556045824
1563318450592022529
1563318454869864448
1563318455486390272
1563318459877826563
1563318461249376263
1563318462021513217
1563318463422091264
1563318463644413953
1563318464395153409
1563318466006097920
1563318466093887488
1563318467935158272
1563318471034691587
1563318471990992897
1563318473450999809
1563318473614585858
1563318474122084353
1563318474738642944
1563318475816181760
1563318475996938242
1563318478186356742
1563318478769074177
1563318480488652804
1563318481973833732
1563318484997574658
1563318485823827968
1563318486264614912
1563318489405747202
1563318489682571265
1563318490236583936
1563318490668625927
1563318494027870209
1563318495554998273
1563318496364498944
1563318496632508424
1563318497001996293
1563318498796785666
1563318500852367360
1563318502471401473
1563318506489520129
1563318506820870154
1563318506862817280
1563318508611481601
1563318509026717696
1563318510348308482
1563318511119638529
1563318511166177282
1563318511492943874
1563318511845650433
1563318512612913153
1563318512503861248
1563318512944238595
1563318513267159041
1563318513258729473
1563318513636638728
1563318514278371330
1563318515519475712
1563318517159436288
1563318518145511426
1563318521169252353
1563318521634836483
1563318522679545860
1563318522712756224
1563318523799080961
1563318524738621441
1563318524772171776
1563318524978020353
1563318524801843203
1563318525946503171
1563318526626394112
1563318527456845825
1563318528161501184
1563318529624944642
1563318531084926979
1563318531336245248
1563318531235557379
1563318532753960962
1563318533215645704
1563318537535782912
1563318539032805377
1563318539070582784
1563318539292774406
1563318539687116800
1563318541369364482
1563318543696859136
1563318545336832007
1563318546167648256
1563318546532220929
1563318547287195650
1563318552391974914
1563318552656232450
1563318552282939392
1563318554644344833
1563318554057146368
1563318555797442560
1563318556384628740
1563318557219651586
1563318558498889732
1563318559970697219
1563318566845554688
1563318567201738753
1563318568670105600
1563318569546305537
1563318572323336192
1563318575309279232
1563318576442130432
1563318577549037568
1563318578451214336
1563318578929012739
1563318584549724160
1563318585291706370
1563318585589923841
1563318586231312386
1563318586479116288
1563318588215152640
1563318589188321280
1563318590220431361
1563318591381901312
1563318594746089473
1563318595009933314
1563318595257769984
1563318595702034432
1563318595853041664
1563318597208133633
1563318597501747201
1563318598776782853
1563318598814543878
1563318598776819712
1563318598772617218
1563318600437338112
1563318600706170880
1563318601733783554
1563318601683443712
1563318604481048576
1563318605076254720
1563318606686871552
1563318607253164033
1563318608834355200
1563318609111179264
1563318609442615298
1563318611372277761
1563318615562080256
1563318615981834241
1563318616971300864
1563318617201987584
1563318619148132352
1563318619328565249
1563318623619362823
1563318627671031808
1563318627813978112
1563318629210304512
1563318633501462528
1563318633883136001
1563318633870557186
1563318632809365505
1563318636420272128
1563318636294483969
1563318639817740288
1563318640115531776
1563318640316780544
1563318641109508098
1563318641609023488
1563318642724728832
1563318642972200960
1563318648424779778
1563318650852872193
1563318651222360067
1563318652187058178
1563318652799107075
1563318652912676865
1563318653298192384
1563318653545639936
1563318655697375232
1563318656582696968
1563318657207644161
1563318657392181248
1563318658247507971
1563318658704715776
1563318659149271041
1563318659744903168
1563318660613427200
1563318661426790401
1563318661800009729
1563318663448776707
1563318663792406528
1563318664560246786
1563318666338643969
1563318666238001153
1563318666422206464
1563318668359901185
1563318670889078785
1563318672399413248
1563318674093531137
1563318674055868416
1563318673997082624
1563318675175682051
1563318675754844162
1563318676056850432
1563318676274626561
1563318676384010240
1563318677227044864
1563318677251928064
1563318677856190465
1563318678451408896
1563318683564290048
1563318684445462528
1563318687880208386
1563318687683162112
1563318688291233792
1563318688618774530
1563318690203897859
1563318690799501313
1563318690996637696
1563318695518121985
1563318696927711235
1563318698101784578
1563318698764816389
1563318700563779584
1563318702187360256
1563318702279659525
1563318703604637696
1563318704317747202
1563318705148178434
1563318706578501633
1563318709233807360
1563318709619662848
1563318709900681217
1563318711385092098
1563318711700062208
1563318714266976259
1563318717651435525
1563318717689212930
1563318718993575937
1563318719119429633
1563318720164147202
1563318720172523520
1563318720415424514
1563318721774383105
1563318722579689472
1563318723003293696
1563318725889392642
1563318726606196743
1563318725872193536
1563318731308429312
1563318732000088065
1563318732184686593
1563318736589066240
1563318737675042816
1563318737994133506
1563318740074524674
1563318740170985472
1563318742678786048
1563318744419831808
1563318745405145088
1563318745887813635
1563318746990940164
1563318747716530177
1563318748106276865
1563318750396678145
1563318751357206528
1563318754066731010
1563318754804920325
1563318757564772353
1563318758202314752
1563318758466150400
1563318761964601345
1563318762039742464
1563318764732829698
1563318765537726465
1563318765604851712
1563318767937286144
1563318768042143745
1563318769316859905
1563318769438445569
1563318770306756610
1563318773502713856
1563318779366756352
1563318782873206784
1563318782763839488
1563318783065726978
1563318782860242947
1563318783787220994
1563318785842458624
1563318786572550144
1563318786908114946
1563318788581253121
1563318791639285760
1563318796730847232
1563318797775147011
1563318798806949889
1563318800011112448
1563318800967401477
1563318801134809088
1563318801764356098
1563318802502529024
1563318803311693825
1563318803458854912
1563318805862166529
1563318806943973377
1563318809662214146
1563318810530443266
1563318811453198341
1563318812501753857
1563318817186775042
1563318818398928896
1563318819845976065
1563318820155953152
1563318823687622656
1563318825403445249
1563318825499901954
1563318826221326336
1563318826350964736
1563318826431033347
1563318828087808001
1563318828150374402
1563318829400240128
1563318830549504000
1563318830805291008
1563318830872801287
1563318832537559041
1563318835851120640
1563318835905970178
1563318837163859968
1563318838447738882
1563318838220845057
1563318838774484992
1563318839617921024
1563318839613730817
1563318840901402625
1563318842150961156
1563318842470060034
1563318843111395328
1563318843723812869
1563318845804146688
1563318847217627136
1563318848538808320
1563318848967024640
1563318850938355712
1563318851814957057
1563318854901567488
1563318855002632193
1563318858357694464
1563318858609750017
1563318859503136768
1563318859435675651
1563318860685594625
1563318860861677569
1563318862745337858
1563318864892788736
1563318864905089028
1563318865416691712
1563318865995583488
1563318870227959809
1563318872744218625
1563318873990254592
1563318874153488384
1563318874463907841
1563318874803617792
1563318876632645632
1563318876993368064
1563318877286584321
1563318878532358145
1563318879866171394
1563318879920668672
1563318885184524290
1563318888078901249
1563318887676260359
1563318890066632705
1563318890964602882
1563318891417579520
1563318892079943680
1563318892571029504
1563318893539512321
1563318895465091072
1563318896504893440
1563318895351861249
1563318899365384192
1563318899579314176
1563318900585947138
1563318904025362432
1563318904394379264
1563318904696766465
1563318905149411328
1563318906231848962
1563318908471296001
1563318911570833408
1563318911793184771
1563318913873903616
1563318916092375040
1563318916335939584
1563318918315253762
1563318918822780933
1563318922102730755
1563318922195058694
1563318923130417152
1563318923734294529
1563318924917088256
1563318925076865029
1563318927211368448
1563318926729424897
1563318927534411776
1563318929220837378
1563318929405386753
1563318929870983168
1563318930575618049
1563318930810081287
1563318933490667522
1563318934022983680
1563318936774381569
1563318938142150657
1563318938888708097
1563318940473778177
1563318941153660932
1563318941451055105
1563318941820149761
1563318941925376000
1563318943485292544
1563318945285013504
1563318946086125569
1563318946551709697
1563318946526527489
1563318948245803008
1563318948871163907
1563318950347575297
1563318950531780609
1563318952998338561
1563318956936818688
1563318958085664768
1563318960027643905
1563318961222979587
1563318962334576640
1563318963148566530
1563318965333815296
1563318965371564033
1563318966046433282
1563318966356848641
1563318971494846469
1563318971780444163
1563318972736385026
1563318976025075718
1563318979950563329
1563318982564003841
1563318983348322306
1563318983734214657
1563318985436803073
1563318988095905795
1563318990130139137
1563318990314692608
1563318990524792833
1563318990474473472
1563318990545760257
1563318991254278146
1563318991393034240
1563318994127712257
1563318994266107905
1563318994870087680
1563318996459745281
1563318997377986561
1563318997793198080
1563318998674001920
1563318999483527169
1563318999911636994
1563319000032956417
1563319000016179201
1563319000813436928
1563319001065078785
1563319001585188864
1563319004567314433
1563319004701159424
1563319005821120512
1563319006404022272
1563319007700082689
1563319007767248896
1563319008648384512
1563319010736803840
1563319013681537024
1563319015514116096
1563319015757336577
1563319016386469888
1563319020534673408
1563319022329901056
1563319022506037248
1563319023932420096
1563319024099856386
1563319024758321153
1563319024796450817
1563319024418975745
1563319027983740930
1563319032219983873
1563319033327366144
1563319033357045760
1563319034699194369
1563319034292367361
1563319036942827520
1563319037110603776
1563319037165449217
1563319040554450946
1563319040981929985
1563319041380339715
1563319043322368000
1563319047210807298
1563319046799769602
1563319051455107072
1563319053296762881
1563319054617968647
1563319055540400128
1563319055813328896
1563319056991944706
1563319058535436288
1563319060041199616
1563319061169156101
1563319066294554625
1563319067930685444
1563319072279801859
1563319074859339776
1563319074872266757
1563319075534540802
1563319077242048513
1563319077472710657
1563319079041396736
1563319080790020096
1563319088696270849
1563319089388404739
1563319089585881088
1563319090604699650
1563319090529603585
1563319091838210048
1563319091985006592
1563319091972415489
1563319097919606784
1563319102990520320
1563319103255085056
1563319104538173441
1563319104546930688
1563319105616130050
1563319106023002113
1563319107860148225
1563319108015640578
1563319107717439493
1563319108996698116
1563319111140384768
1563319111631110144
1563319112679702528
1563319116370690049
1563319118081581056
1563319118941818882
1563319119520628736
1563319120661135361
1563319121273450496
1563319121780940800
1563319124134023170
1563319124582731780
1563319125136797696
1563319125212295170
1563319126935801856
1563319127107780608
1563319129641308160
1563319129641168896
1563319129825763328
1563319130068905985
1563319130182205440
1563319137459245056
1563319140340772865
1563319141419057153
1563319141951426561
1563319142559535106
1563319142501199872
1563319143490658311
1563319144107606022
1563319145210322949
1563319145714036739
1563319146460610561
1563319146741661697
1563319147924459520
1563319151493390336
1563319152370393090
1563319153834225664
1563319154261733376
1563319156790792192
1563319158024335362
1563319157873328129
1563319157516406785
1563319158397607936
1563319158397231104
1563319158334296064
1563319158703419393
1563319159479365635
1563319162545766400
1563319162424143873
1563319163338166272
1563319164105740288
1563319166295166977
1563319168115814402
1563319168736559107
1563319168971456512
1563319168253849601
1563319169944539137
1563319170460450816
1563319171563196419
1563319172024926208
1563319174629187584
1563319178110443522
1563319178496315392
1563319179859529728
1563319180354457600
1563319184511029249
1563319185094021124
1563319186457501698
1563319186453307393
1563319188785340416
1563319189540327424
1563319190462730244
1563319193797242880
1563319194191802368
1563319194539945985
1563319195118407680
1563319195752071169
1563319198960713729
1563319201640488969
1563319201753772033
1563319202533888003
1563319202928562176
1563319204048404481
1563319204157087744
1563319204870516738
1563319208011649024
1563319208972148736
1563319210125983744
1563319212869033989
1563319214223462401
1563319215159144448
1563319216819748865
1563319219105583106
1563319220351279107
1563319220741369859
1563319226148208640
1563319226223702018
1563319226672132099
1563319226655715334
1563319227301257226
1563319227540377601
1563319229772099584
1563319233265942529
1563319233580113920
1563319234460930049
1563319234385813504
1563319235073347584
1563319236293840897
1563319237703127040
1563319239150223360
1563319239926173699
1563319240417251329
1563319244292751361
1563319245404274688
1563319245907193857
1563319249690451969
1563319249997041664
1563319250789445634
1563319250655526912
1563319250932342785
1563319252110942209
1563319252295520258
1563319253003952128
1563319255948410880
1563319258456948738
1563319262953222146
1563319265453051905
1563319266270556160
1563319267612774400
1563319268661350400
1563319271609884673
1563319272876961793
1563319277113188357
1563319277792284674
1563319277700399104
1563319278266241025
1563319278492798979
1563319279746830338
1563319281202655235
1563319281969815552
1563319284444450816
1563319286185086981
1563319289452830722
1563319290006081541
1563319289868079105
1563319294074945538
1563319295173545985
1563319295475859456
1563319296226652160
1563319297627533312
1563319298848096256
1563319302711033858
1563319303784796160
1563319303763820544
1563319305621872641
1563319306368081921
1563319306393247747
1563319307211141125
1563319311753551873
1563319312630161408
1563319312546349058
1563319312709865475
1563319312974106624
1563319314014302214
1563319315054465025
1563319315897909249
1563319319827988482
1563319320478105601
1563319320595181575
1563319321153048576
1563319321417625609
1563319321899589632
1563319324214849536
1563319324664041474
1563319326039756800
1563319326513319936
1563319327394533377
1563319332402532352
1563319332012060673
1563319338513223681
1563319339243094020
1563319340988264449
1563319342036819969
1563319343563227136
1563319345123512320
1563319345396461569
1563319346113712130
1563319347065409538
1563319347472322562
1563319347409330178
1563319349062283264
1563319350685184000
1563319351171616769
1563319352694538240
1563319353549864961
1563319354166427648
1563319354040545280
1563319355898679296
1563319358209740802
1563319358662750211
1563319359476420609
1563319360546291715
1563319361284190209
1563319362559152129
1563319363158978561
1563319364124024835
1563319364266340354
1563319364790603779
1563319366539972611
1563319367341080577
1563319368888766464
1563319369358200832
1563319371790897152
1563319373367951360
1563319373724794882
1563319373862801408
1563319373653127168
1563319375368577025
1563319377092804609
1563319378409848832
1563319379290296320
1563319379386720256
1563319379575443457
1563319381471690753
1563319383073492996
1563319383962705920
1563319384528941057
1563319384843530241
1563319385753669633
1563319385141301249
1563319386466750465
1563319388769779712
1563319393135648768
1563319393941352449
1563319394759229441
1563319396344692736
1563319396688269314
1563319396948676609
1563319400706412545
1563319404150296576
1563319404472856577
1563319405194293248
1563319405366300672
1563319405429137408
1563319408327479296
1563319410005528576
1563319410550775808
1563319412416843777
1563319412895399936
1563319417425248256
1563319417701687296
1563319420046323715
1563319421463998466
1563319421640196096
1563319421698838528
1563319421871214592
1563319422009298945
1563319424135745537
1563319426740793345
1563319428066189313
1563319427721936897
1563319428644630529
1563319430821474305
1563319431249334272
1563319433808211969
1563319433837563904
1563319436299628547
1563319437536948224
1563319438870708224
1563319441277849600
1563319442184237056
1563319442171314176
1563319442485874690
1563319442339115009
1563319443832221697
1563319446244327425
1563319446021689344
1563319447779024897
1563319449091842048
1563319449440387072
1563319449435811840
1563319450023374850
1563319452631834624
1563319454314172417
1563319455287250944
1563319455832190976
1563319457023332352
1563319459271454720
1563319459334332416
1563319459494117377
1563319459749646337
1563319459275689984
1563319459707703296
1563319459028570114
1563319461788061696
1563319462321070080
1563319463021547520
1563319465164414977
1563319467022569474
1563319467496468481
1563319467794628615
1563319472475508736
1563319472676831233
1563319472869453824
1563319473930928128
1563319478934736897
1563319479274446848
1563319479580274688
1563319484156297223
1563319485804605440
1563319488610959360
1563319492872089607
1563319494562287616
1563319495074414592
1563319495829372928
1563319495900336131
1563319500073644032
1563319500359225344
1563319506558103552
1563319507539484673
1563319510219624448
1563319510605578242
1563319510324482048
1563319511616352259
1563319512946311168
1563319513931984896
1563319514426511360
1563319515433553927
1563319516188143626
1563319517316390912
1563319518276960256
1563319519288111104
1563319520227635201
1563319523696345088
1563319524812025858
1563319525025521666
1563319527014023171
1563319528687185920
1563319529148907524
1563319532696899590
1563319532974145537
1563319533053521920
1563319532982194176
1563319533590364160
1563319533674176512
1563319534362443781
1563319537680130048
1563319539441750017
1563319539852447744
1563319541836312577
1563319543053025281
1563319543287934976
1563319545401446400
1563319545690918916
1563319547528380416
1563319548031664128
1563319549382242304
1563319552082997248
1563319552536383490
1563319553098010624
1563319553769082880
1563319555698466818
1563319556193800193
1563319558210928642
1563319558701662208
1563319560106692609
1563319560266477568
1563319562434932736
1563319562720116737
1563319563009560583
1563319564716617728
1563319565190172677
1563319566323032067
1563319566914113537
1563319567232839681
1563319567702986752
1563319567656501249
1563319567836819456
1563319572375080960
1563319574157598720
1563319574313185280
1563319576485838848
1563319576619757578
1563319576989147137
1563319578054529026
1563319578016358400
1563319579610193921
1563319580067446787
1563319579761225729
1563319581111771139
1563319583070896129
1563319585692340224
1563319588518973440
1563319588712235020
1563319589106118657
1563319590783893504
1563319591434334208
1563319591639560192
1563319592550043650
1563319595070435331
1563319595942809600
1563319601743572992
1563319602133667840
1563319602037559296
1563319603274469376
1563319603903987712
1563319604919029760
1563319609800790021
1563319609742475266
1563319610157326338
1563319611185328129
1563319613202771977
1563319614284500993
1563319615287345154
1563319613819351041
1563319616729780225
1563319617606791169
1563319617249955841
1563319617648738304
1563319619280318466
1563319619313496064
1563319619481665538
1563319619217428483
1563319620236238849
1563319621616566272
1563319622547304448
1563319622153080832
1563319622883221507
1563319623184838656
1563319623524618240
1563319623017066496
1563319624347037697
1563319623940190209
1563319624644435973
1563319625840214017
1563319627194970113
1563319628876890113
1563319629170089984
1563319630491357188
1563319631053717504
1563319632957939713
1563319633326657536
1563319633465470981
1563319634194944002
1563319634945662977
1563319635499290625
1563319635952295937
1563319636237905923
1563319636686295041
1563319635797508100
1563319638703738881
1563319638842232832
1563319640440598528
1563319641291628544
1563319644379029509
1563319644034723840
1563319644551008256
1563319646542970880
1563319650091274242
1563319650532065283
1563319650703708160
1563319651567747073
1563319652075261952
1563319652478234624
1563319652599869440
1563319654546042881
1563319655846285313
1563319658307936260
1563319658496765953
1563319658840657920
1563319660937826304
1563319662615887874
1563319662829457411
1563319662829793283
1563319663966433280
1563319664260038657
1563319665576722432
1563319667489636353
1563319669834280961
1563319671881105408
1563319672447324163
1563319672929284096
1563319673365893126
1563319676553555968
1563319676918464512
1563319678315167744
1563319678386049027
1563319678281592833
1563319678948491267
1563319681598906369
1563319683725418497
1563319684698898432
1563319684673708033
1563319688318570496
1563319688842874880
1563319689958522880
1563319690189230081
1563319691107782657
1563319692940300289
1563319697419821057
1563319698610982912
1563319697268883456
1563319700179652608
1563319700096163842
1563319704470450176
1563319705049649152
1563319705623883776
1563319708429926400
1563319708895498240
1563319709381996547
1563319709222612993
1563319712217714689
1563319712674525188
1563319714927235074
1563319714679750657
1563319716688850945
1563319718424895488
1563319718869860352
1563319719171883008
1563319719448289280
1563319720715030528
1563319721340313601
1563319722120454144
1563319721625550849
1563319722070142976
1563319721738797059
1563319723936587776
1563319724934500352
1563319725236441088
1563319726230880258
1563319726868406273
1563319728755470337
1563319729707573249
1563319729863139330
1563319729908920323
1563319730647101442
1563319731704082434
1563319731930558464
1563319734875336704
1563319735441575937
1563319736011698176
1563319736989290499
1563319737014452224
1563319736540479490
1563319739098988545
1563319740444987392
1563319740684468224
1563319748460290053
1563319751043977216
1563319752055209984
1563319752696598529
1563319752923045888
1563319753581932545
1563319753938464769
1563319757637812225
1563319758123982850
1563319759252230144
1563319759898578944
1563319760011821056
1563319760385081344
1563319760699330561
1563319763077844993
1563319765913202690
1563319766189625344
1563319768043888641
1563319768987209731
1563319771520974854
1563319773391294466
1563319773374455809
1563319773659729924
1563319774393671680
1563319775345790976
1563319776956493825
1563319778605146113
1563319779141697536
1563319780446064640
1563319780605829120
1563319781910278144
1563319783382126598
1563319788084264960
1563319788364976128
1563319788981534720
1563319790675996672
1563319790512398336
1563319791750086656
1563319800528400385
1563319800801087488
1563319801568972800
1563319802865008640
1563319803749605378
1563319803892609024
1563319806022930432
1563319809659793408
1563319810762883072
1563319812754776064
1563319814726492162
1563319815325958145
1563319815447916544
1563319816324149248
1563319816919793664
1563319817901584384
1563319818052202498
1563319818400411648
1563319819285725188
1563319820388446208
1563319820510457856
1563319821319966720
1563319824063041537
1563319824314355712
1563319828105945089
1563319828034646016
1563319831126241280
1563319831575035904
1563319833520848898
1563319834779078656
1563319836977295360
1563319838227189762
1563319837035986944
1563319841255092226
1563319841599041536
1563319842941579266
1563319843075796992
1563319844300214275
1563319844967104513
1563319845331955714
1563319845696917505
1563319845730414593
1563319846120878080
1563319846602829824
1563319847441690626
1563319848138027008
1563319849954078720
1563319851036184576
1563319851476996096
1563319851456016385
1563319852340678656
1563319853070827520
1563319855041822721
1563319855121518593
1563319855088271360
1563319856086544384
1563319854572380162
1563319859114418176
1563319859572019200
1563319860431851521
1563319860096307200
1563319861853360128
1563319862264401922
1563319862838972416
1563319862750916608
1563319862767652864
1563319864407732224
1563319864919752704
1563319865141706752
1563319864928120835
1563319867645648896
1563319871131099137
1563319873152770048
1563319876801900545
1563319878236250113
1563319878873800711
1563319880996487168
1563319881189142530
1563319881436606465
1563319881843736579
1563319882032107520
1563319882279960577
1563319883672170496
1563319885480226816
1563319886339641344
1563319886604300290
1563319888776536064
1563319888122617856
1563319889850355713
1563319890081042432
1563319890072653825
1563319889028214784
1563319892061093890
1563319892748935168
1563319893931409408
1563319900721975297
1563319902240251904
1563319904081969152
1563319904400736256
1563319904719101952
1563319905969401857
1563319906652680193
1563319907206713344
1563319909634871297
1563319910973206528
1563319912264712196
1563319912546058240
1563319912835166209
1563319914152488961
1563319913929793536
1563319916580974592
1563319917445005312
1563319917843456007
1563319919386959873
1563319922645954563
1563319931197763586
1563319931999223808
1563319932888104960
1563319933454364673
1563319934058627074
1563319935153352705
1563319936650424320
1563319936901980161
1563319938906873856
1563319939166978048
1563319943776444422
1563319947820175363
1563319950173155333
1563319952236756992
1563319955999059970
1563319956556550144
1563319958947655682
1563319958632747013
1563319959396450306
1563319960872501248
1563319961019301888
1563319961216421890
1563319963775307778
1563319964056326146
1563319965028982785
1563319966178217987
1563319972398772225
1563319972947841024
1563319974462394369
1563319978819866624
1563319979126059009
1563319979260657665
1563319980820942850
1563319981139378177
1563319981839765504
1563319981366202368
1563319984759050241
1563319993290608641
1563319993835868168
1563319994087518208
1563319994636992512
1563319995282903041
1563319995727507456
1563319995999735808
1563319997820125184
1563320001544695809
1563320002526076929
1563320004468019200
1563320005860532224
1563320006548815874
1563320008675323908
1563320008901414922
1563320011023798272
1563320012953174016
1563320015390375936
1563320018250579968
1563320019576307714
1563320019823783936
1563320022298394624
1563320022650732544
1563320023795372033
1563320024214884353
1563320024907284482
1563320024726925313
1563320026941177857
1563320027331276802
1563320028736679938
1563320028996333568
1563320029994954754
1563320031135805440
1563320033605890048
1563320035753353216
1563320036516773890
1563320036848050176
1563320037091336192
1563320037603061760
1563320038232567815
1563320039440142336
1563320041718054912
1563320042187812864
1563320042305261568
1563320042338807808
1563320043370254336
1563320043940655104
1563320043970392064
1563320047480623104
1563320047220625408
1563320051675332610
1563320051893121025
1563320056716853251
1563320059694485504
1563320059988443138
1563320061833940992
1563320064681865216
1563320064824160258
1563320067697168384
1563320067747590145
1563320069752758277
1563320070222540800
1563320073288175618
1563320075138244609
1563320075377000449
1563320075733479424
1563320076970799110
1563320077633875972
1563320077788667904
1563320078640508929
1563320080314023936
1563320080443707393
1563320082285047808
1563320082801250304
1563320082780274688
1563320084977725442
1563320086592909312
1563320087951863810
1563320089641816067
1563320092632690688
1563320092553019392
1563320094800769025
1563320100110811138
1563320102182723584
1563320102938083333
1563320102883192834
1563320107115642890
1563320107534757889
1563320107614384128
1563320108960718850
1563320110231654401
1563320111167307778
1563320112848855043
1563320115034488832
1563320115080220672
