1555357920862146560
1555357921088782339
1555357921541857280
1555357921092976642
1555357921680101376
1555357921915113472
1555357922187780099
1555357922229686272
1555357921835360257
1555357922426851330
1555357922808324096
1555357922678476801
1555357922821083140
1555357922850390017
1555357923043426306
1555357923408330754
1555357923169243136
1555357922737233922
1555357923903016960
1555357924016406529
1555357924179881984
1555357924242833409
1555357925027172355
1555357924238585856
1555357925022937088
1555357924456800256
1555357925593546754
1555357925249634304
1555357926499295232
1555357926654623745
1555357927275261952
1555357927489146881
1555357927409520640
1555357927648681984
1555357927451623424
1555357927942238210
1555357928139493376
1555357928579690497
1555357928323919872
1555357928835907584
1555357929443844096
1555357929460469760
1555357929624281089
1555357929817231362
1555357929611886593
1555357929083060226
1555357929640828928
1555357930437984259
1555357930613985280
1555357930639089664
1555357930777481216
1555357930068668416
1555357930890768385
1555357931134078978
1555357931003998210
1555357930983145474
1555357931574415361
1555357931528491010
1555357930496692225
1555357931784359940
1555357932086181888
1555357931725398016
1555357932069552130
1555357932992151552
1555357933717839873
1555357933764055047
1555357933743099904
1555357933814398978
1555357933961199619
1555357934476992514
1555357934640541696
1555357934334480384
1555357935072591874
1555357936104247298
1555357936087597056
1555357936813162496
1555357936863834112
1555357937299857408
1555357937383510016
1555357938717544452
1555357938604294145
1555357938105348097
1555357938960793600
1555357939052978177
1555357939602423815
1555357939824676865
1555357940386861061
1555357941192065027
1555357941707878400
1555357942513270784
1555357942748049410
1555357943507427328
1555357944346296320
1555357945927348224
1555357946028199936
1555357946233569282
1555357946145652737
1555357946141634560
1555357946430623744
1555357947483635714
1555357948054044673
1555357947974168577
1555357948368470017
1555357949379362817
1555357949996011520
1555357950042071040
1555357950201720832
1555357950771863554
1555357952017518592
1555357952852336646
1555357952957194242
1555357953150132225
1555357954081259520
1555357955205251072
1555357956610351104
1555357956790800385
1555357957180641280
1555357957734289408
1555357957944066048
1555357958384631808
1555357955276607488
1555357959248646145
1555357959080873987
1555357955612200960
1555357962033664000
1555357962205421568
1555357962755084288
1555357963409317889
1555357963740557312
1555357963811885059
1555357963573145600
1555357963749031938
1555357964403462144
1555357965187678209
1555357966257250305
1555357966542462978
1555357967137943552
1555357968253784064
1555357968081764352
1555357968786505729
1555357969419849730
1555357969868537857
1555357970199977986
1555357970460033024
1555357970988470278
1555357971437199361
1555357971512578048
1555357971546251264
1555357972892717058
1555357973974859778
1555357975287631874
1555357972490256385
1555357977099374592
1555357977850281994
1555357978458574848
1555357978567606274
1555357978290753537
1555357980736061442
1555357981214130179
1555357981943930880
1555357982728372225
1555357983533580290
1555357983567134720
1555357983961321473
1555357984062164994
1555357983978098690
1555357986003886081
1555357985932660737
1555357986284982272
1555357987606233088
1555357988084400128
1555357988575416320
1555357989816737792
1555357989590011906
1555357990332633088
1555357990647218178
1555357990848454657
1555357990743597059
1555357991343382528
1555357993037770753
1555357993197309952
1555357993046269955
1555357993469988865
1555357994929467392
1555357995801927680
1555357996083040256
1555357996078678016
1555357996171100160
1555357997676859392
1555357997605433345
1555357999317000193
1555357999987757057
1555358000692375553
1555358002747789312
1555358003347472385
1555358004043780098
1555358004022853632
1555358004333125635
1555358005322973186
1555358005931163649
1555358005843075072
1555358006669463554
1555358007449378817
1555358008179167232
1555358008296853504
1555358008640737280
1555358008820961281
1555358009362186241
1555358011127988230
1555358009735483392
1555358013224980481
1555358013476593664
1555358014588080129
1555358015955640320
1555358016823648256
1555358017155366915
1555358017289261057
1555358018916610048
1555358018220466176
1555358018589626368
1555358019491401729
1555358023551537159
1555358024478474240
1555358024964997121
1555358026785251328
1555358028869804034
1555358030618828801
1555358030828806144
1555358031533297665
1555358033277898752
1555358033227657216
1555358035106832384
1555358035350278144
1555358035425509378
1555358035597529089
1555358035450675200
1555358036008452096
1555358036348248066
1555358036709019649
1555358036843192320
1555358036063043584
1555358037711327232
1555358038135119874
1555358038101409792
1555358038797729792
1555358042010648576
1555358043197636609
1555358044262768641
1555358046175367169
1555358046041346051
1555358049233244162
1555358050445402112
1555358050847821825
1555358051905015810
1555358051133169666
1555358053108977664
1555358054933200896
1555358055193198592
1555358057160482816
1555358057776877568
1555358058343288833
1555358058926075905
1555358058456535042
1555358060000018436
1555358060180275200
1555358060775985152
1555358062181027840
1555358064542420995
1555358065368629250
1555358065238630400
1555358066169696256
1555358066547183616
1555358068111593472
1555358068942200833
1555358069101662209
1555358069676077056
1555358069877624833
1555358071408365568
1555358072063016960
1555358072326852608
1555358072373186560
1555358072113078273
1555358072448712704
1555358072905801731
1555358073056788483
1555358074273144832
1555358073862197253
1555358073723797512
1555358075875467264
1555358076428959744
1555358077054259200
1555358078769369090
1555358078987632642
1555358080451461120
1555358081617317888
1555358082317705216
1555358082460372992
1555358084012589057
1555358083467157505
1555358084301733889
1555358084775682055
1555358084775550976
1555358085455257609
1555358085832916992
1555358086776463363
1555358087518703616
1555358088311361537
1555358088873517056
1555358089301397504
1555358090215686145
1555358091356487680
1555358091520184323
1555358091126128640
1555358091344056321
1555358091553685510
1555358092354781184
1555358092790988805
1555358092451352576
1555358095139913729
1555358096133947394
1555358097098416128
1555358097824256000
1555358101469122561
1555358102819667968
1555358103100702720
1555358103792947200
1555358104178823168
1555358105332027392
1555358105202040834
1555358106112200709
1555358106770706432
1555358107575824384
1555358108817448963
1555358109140664320
1555358108729458690
1555358110255943680
1555358112256872448
1555358112877510660
1555358113586454529
1555358113850859520
1555358113791766528
1555358113536086016
1555358114186141697
1555358116094550018
1555358117449318405
1555358118510567425
1555358118900482048
1555358119298998279
1555358118980177921
1555358119215222785
1555358122344153089
1555358123665268737
1555358124047060992
1555358125468917760
1555358125498068993
1555358125787852800
1555358126173569024
1555358127339487232
1555358127956135938
1555358128685961217
1555358130279796736
1555358130518859778
1555358130833428480
1555358130766479361
1555358130909093888
1555358131718221824
1555358132657967107
1555358133148532736
1555358133807190022
1555358133270233090
1555358134402568194
1555358134721552384
1555358135707176961
1555358135770091521
1555358136365637632
1555358136344760320
1555358137753800704
1555358138865369088
1555358139251310594
1555358140085968896
1555358140211703808
1555358142090907649
1555358143286108161
1555358144297160705
1555358145253412864
1555358145727238145
1555358146398388224
1555358146490777600
1555358146771779584
1555358147115491328
1555358147614752768
1555358148604710913
1555358149275787264
1555358149703413760
1555358150324363264
1555358151532515328
1555358153566347264
1555358153713270784
1555358153893625856
1555358154384449541
1555358154782920707
1555358155072163841
1555358154266791936
1555358156489838592
1555358157761032193
1555358157823565824
1555358158201176064
1555358158519906304
1555358162164875264
1555358163481858049
1555358164387737602
1555358165818032128
1555358166027710465
1555358166686334978
1555358168104009728
1555358168850477056
1555358170897596416
1555358173115998208
1555358173174943744
1555358173359489025
1555358172038062080
1555358173426397184
1555358173523070978
1555358173292142592
1555358174894759937
1555358174915411968
1555358175532023809
1555358176824168448
1555358177293647874
1555358177704775680
1555358178044436480
1555358176865918976
1555358178619056129
1555358179608911872
1555358181110546436
1555358181693456387
1555358183039934464
1555358183606165506
1555358183660523520
1555358184558055424
1555358185866858500
1555358186093400067
1555358186110164993
1555358186978385927
1555358187146149889
1555358187687124994
1555358188458938368
1555358188882599937
1555358188656025601
1555358189754978306
1555358191751397376
1555358191470497797
1555358192267366413
1555358192250544128
1555358192984436736
1555358193601024000
1555358193814884352
1555358194561581058
1555358196155424768
1555358196339982348
1555358198286229508
1555358198953119750
1555358199657660416
1555358199754129409
1555358200030892032
1555358200903393280
1555358201717002241
1555358201830309888
1555358203252203522
1555358203529072640
1555358204820848640
1555358205135446016
1555358206834065409
1555358207869997058
1555358209082134529
1555358209237553152
1555358210885767168
1555358210881515520
1555358211750137856
1555358212077101056
1555358212496707584
1555358212509007872
1555358214622810112
1555358215608705024
1555358215688306694
1555358216028037126
1555358216262934529
1555358216422170624
1555358216862720000
1555358217512914947
1555358217701511168
1555358219081764864
1555358219060609029
1555358219006001153
1555358219870113799
1555358220214046720
1555358220599758848
1555358220214050816
1555358220985573378
1555358221665456128
1555358221774118913
1555358222361542658
1555358222592229376
1555358223808577537
1555358223951183873
1555358223300890624
1555358225691582464
1555358226497126405
1555358226501324800
1555358224638808064
1555358226887098370
1555358227851665409
1555358229101690885
1555358229202440194
1555358229957185536
1555358230150352899
1555358231694045184
1555358233518346243
1555358234608898048
1555358234772475904
1555358235334516737
1555358234839601155
1555358233329426432
1555358237305802755
1555358237389725697
1555358239985786880
1555358240996745219
1555358240917127170
1555358242116599811
1555358242250919936
1555358242661773312
1555358243303460864
1555358245392244736
1555358245430054913
1555358245744689152
1555358246382080000
1555358246520643588
1555358247779024897
1555358247774740481
1555358248034832384
1555358249293033472
1555358249796395010
1555358251247706114
1555358251406921728
1555358253219028995
1555358253726457860
1555358255630745601
1555358256129839106
1555358257253957644
1555358260101783552
1555358260546469889
1555358260730920960
1555358260487675904
1555358261326450688
1555358261548703746
1555358262815498241
1555358263348166662
1555358263453143040
1555358265726214144
1555358266225557504
1555358266301071360
1555358266275663872
1555358266863099904
1555358268028882944
1555358269174157313
1555358270952439811
1555358273435357184
1555358274156957697
1555358277021622273
1555358278204399618
1555358282729934848
1555358283132801025
1555358283564711942
1555358283959046145
1555358284210642945
1555358283954671617
1555358284718161920
1555358284818878468
1555358286160986112
1555358286139994112
1555358288103223296
1555358288967077890
1555358289554051072
1555358289751318528
1555358289906376704
1555358292054085632
1555358293274476544
1555358293467582465
1555358293685686272
1555358294289661954
1555358295589888001
1555358295665172481
1555358297737527297
1555358298446057472
1555358298798530565
1555358298542690305
1555358299448557568
1555358299754749952
1555358296927662080
1555358300488622080
1555358301134544896
1555358302090907648
1555358303173201920
1555358304414715911
1555358305094172678
1555358303836073984
1555358306268487682
1555358306952040448
1555358306553692161
1555358309070290944
1555358314065960960
1555358315915476993
1555358316305321984
1555358316481507328
1555358318083936257
1555358318314393601
1555358318561857536
1555358318469828608
1555358321560928260
1555358321883881473
1555358322945040386
1555358325579079685
1555358325046661121
1555358325692239873
1555358326640496641
1555358327248494592
1555358327844085760
1555358328892674050
1555358329035038721
1555358330113396736
1555358331396493312
1555358331799314432
1555358332264792064
1555358332357120000
1555358332415868928
1555358332738846721
1555358332768210944
1555358332608778241
1555358333304979458
1555358334726934530
1555358334177292288
1555358335578390535
1555358336618463232
1555358339457896448
1555358339604684800
1555358339990958080
1555358341202952194
1555358341106393089
1555358341874032641
1555358344159772674
1555358344189075458
1555358345606971393
1555358346038939651
1555358346965929984
1555358348417110016
1555358348416995328
1555358349650042880
1555358352183795712
1555358353143975937
1555358353630584832
1555358354750447617
1555358354733686785
1555358354930745344
1555358356247805953
1555358356524728320
1555358357581664258
1555358357464043520
1555358357770354689
1555358357657161734
1555358358328197121
1555358358684590080
1555358357938380806
1555358360861540353
1555358360907792384
1555358361788436480
1555358364728758272
1555358365219377152
1555358365013970945
1555358365756391426
1555358366192619520
1555358366448459776
1555358366989443074
1555358367102783492
1555358368474202114
1555358370550321152
1555358370848194561
1555358371599060992
1555358373427683331
1555358374015156224
1555358374061015040
1555358375042506758
1555358376334241792
1555358376955092992
1555358376963489792
1555358377072525313
1555358377349464065
1555358378196537346
1555358378729275393
1555358379073146880
1555358379580727296
1555358380843229185
1555358381401165826
1555358382059466752
1555358383909347329
1555358384488161280
1555358384580624386
1555358384999636992
1555358385599524865
1555358385071165440
1555358386442539008
1555358386367217665
1555358387323506688
1555358389852860416
1555358389944868864
1555358390293086209
1555358390586867713
1555358394818732033
1555358394772586497
1555358395871514624
1555358395011502080
1555358400003059714
1555358400224976896
1555358399390515205
1555358404272705536
1555358404461285377
1555358405472051200
1555358405769891842
1555358406097022977
1555358406076137472
1555358406931783680
1555358409397899264
1555358409851310080
1555358409368580096
1555358410928955396
1555358412170412032
1555358412254609408
1555358412333928448
1555358412531060736
1555358412896190464
1555358413504364545
1555358414175252480
1555358414829629440
1555358415362433024
1555358416079671301
1555358416511438849
1555358417304289281
1555358417765576705
1555358419602657281
1555358420311605254
1555358421137997824
1555358421461123072
1555358422471696385
1555358423130296320
1555358423272902656
1555358424790999042
1555358425923563521
1555358425923461121
1555358426703618048
1555358425604816900
1555358427890782210
1555358428536643584
1555358429287522307
1555358430583472128
1555358430990422020
1555358431929896960
1555358432504561665
1555358432844124161
1555358433162829826
1555358434098397185
1555358435339751424
1555358436765958144
1555358438796005376
1555358438477074432
1555358439454416896
1555358440473632768
1555358441597636609
1555358443984207872
1555358445296951297
1555358446274355203
1555358448249888768
1555358448509980678
1555358449600536576
1555358450758037504
1555358450997133319
1555358452930715649
1555358452851130368
1555358453610283008
1555358454453354496
1555358457795977216
1555358457439584262
1555358458496647168
1555358459176026113
1555358459121602561
1555358459197267968
1555358460035858432
1555358461252308992
1555358461558497280
1555358461906468865
1555358463219613697
1555358464158973959
1555358466344161280
1555358466843332608
1555358469406228480
1555358470177693698
1555358470425157636
1555358471318429696
1555358471716892673
1555358474036559874
1555358474321682432
1555358473021300736
1555358476045410304
1555358477064757248
1555358477584715776
1555358478566391819
1555358478696423425
1555358479933751296
1555358481934618624
1555358483184340998
1555358483733655552
1555358484220334080
1555358484173950976
1555358486497738753
1555358487060037638
1555358487433031680
1555358487940681728
1555358487990894593
1555358488271867905
1555358488771133441
1555358489593126913
1555358489706254336
1555358489488556032
1555358491400978436
1555358492147724293
1555358491862134784
1555358495624552449
1555358497633579009
1555358497813868544
1555358498766086148
1555358498938044417
1555358499365855239
1555358500577873920
1555358500569726976
1555358503447199744
1555358504122290176
1555358505649029121
1555358505653211137
1555358506173116416
1555358505992847363
1555358506491985922
1555358506735132672
1555358506789642240
1555358508249501697
1555358508366942210
1555358508446613504
1555358508513726465
1555358508866015233
1555358510665400322
1555358511692906496
1555358511986458625
1555358515518406657
1555358516394991616
1555358516680052736
1555358517472759809
1555358518697394176
1555358519611854851
1555358519750262784
1555358520601706496
1555358521948078082
1555358522556026880
1555358523122401284
1555358524439494656
1555358524607168513
1555358526205296646
1555358527014797312
1555358527094398976
1555358527237095426
1555358528558301184
1555358528440877058
1555358528792956928
1555358528583483398
1555358529023795200
1555358529137311744
1555358530533597184
1555358531821486087
1555358533251891201
1555358536229564416
1555358536347095040
1555358537773043718
1555358538070900738
1555358538691518464
1555358538809196545
1555358539228491776
1555358539354230784
1555358540210049026
1555358541044715524
1555358543116738560
1555358543515099136
1555358543829942272
1555358544408391680
1555358545557655552
1555358545729576961
1555358546014998529
1555358546157793281
1555358546778157056
1555358547277479939
1555358547533234178
1555358548321787906
1555358550095851520
1555358551710650368
1555358554013323264
1555358554844196864
1555358554994851840
1555358557083664385
1555358557683347456
1555358558421749760
1555358560065929216
1555358560317489152
1555358560598597633
1555358561429065728
1555358563073232897
1555358563513532418
1555358566298652673
1555358567993049088
1555358568475402241
1555358572858449923
1555358572900409346
1555358573227646976
1555358574997643272
1555358575446351875
1555358576129896448
1555358576599875584
1555358576566083585
1555358576708792320
1555358576935419905
1555358577249792000
1555358577455292416
1555358577602318336
1555358579804307456
1555358579837677568
1555358580081135617
1555358582388019201
1555358584661168129
1555358585177067520
1555358585940582400
1555358587744096256
1555358588520075266
1555358589077712897
1555358589606313984
1555358590931570688
1555358591065915393
1555358592051453952
1555358592588566528
1555358592731070465
1555358592542429184
1555358594215854080
1555358594543108097
1555358595612557312
1555358596673716224
1555358596971520006
1555358600259948545
1555358600347926531
1555358601606225920
1555358602042515457
1555358602302472194
1555358602570907649
1555358604575707136
1555358606270365706
1555358607075643392
1555358607058866181
1555358607302017027
1555358607280967680
1555358607407038464
1555358608149385216
1555358609273659392
1555358609676066816
1555358610082803713
1555358611559583744
1555358611903168512
1555358613580828672
1555358613689888768
1555358613845286914
1555358614952574976
1555358615816572928
1555358616638611458
1555358617754378240
1555358617896775680
1555358618651869185
1555358622821060610
1555358622917566466
1555358624129568768
1555358624821936128
1555358625584910336
1555358626105229312
1555358626344275968
1555358627090894849
1555358628491796482
1555358629351624704
1555358631230578690
1555358631624937472
1555358632895586304
1555358632954454018
1555358634539995136
1555358635022114816
1555358635995369472
1555358636301500416
1555358636590993408
1555358636737794048
1555358636813139968
1555358638079885312
1555358639472394240
1555358640848179202
1555358643494608896
1555358643427905536
1555358644190986241
1555358645075992585
1555358646950920193
1555358647445819398
1555358651505852418
1555358652307230721
1555358652621410304
1555358653972156419
1555358655310049280
1555358655343726592
1555358657042415616
1555358657503567872
1555358659655385089
1555358659953442816
1555358660733411329
1555358661580443648
1555358662520033281
1555358664076271616
1555358664051015680
1555358666387509248
1555358666680827909
1555358668631293952
1555358669247631360
1555358669742788610
1555358669822468102
1555358671000985605
1555358671432871936
1555358674675150848
1555358675203678208
1555358675350568960
1555358675581431808
1555358676034244610
1555358676415787009
1555358676747255808
1555358676776636418
1555358676864700416
1555358676915036162
1555358676646608905
1555358676990435328
1555358679502688256
1555358680522100736
1555358681998540803
1555358682388475905
1555358682283708418
1555358683516833792
1555358684552826881
1555358684938915840
1555358685031022595
1555358684993138689
1555358686977044480
1555358687333650432
1555358687216140290
1555358687392325632
1555358690059816960
1555358690504499200
1555358691318120448
1555358691955986432
1555358691968225280
1555358692802908160
1555358693264445441
1555358693637619712
1555358693624991744
1555358694807932928
1555358694811922432
1555358695952977920
1555358698289217536
1555358698964336640
1555358699224432642
1555358699325095936
1555358699488628736
1555358699731836928
1555358701069934592
1555358701518815234
1555358701791363072
1555358701682249728
1555358702084861952
1555358703376809984
1555358702877687809
1555358704404697088
1555358704412811264
1555358704488398849
1555358706698579968
1555358708934365184
1555358709429047296
1555358710268059649
1555358710276530179
1555358710096187392
1555358710498611200
1555358710838558722
1555358711182495746
1555358711291559936
1555358711828430849
1555358713010999296
1555358715942944769
1555358718036160512
1555358718308524032
1555358718795153409
1555358719097147392
1555358719206105088
1555358719587893249
1555358719743066116
1555358721697775616
1555358723022983169
1555358723463188480
1555358724507766787
1555358724734205955
1555358725006835713
1555358726114230272
1555358726516776960
1555358726592143361
1555358727343153152
1555358727657738241
1555358727854628865
1555358729859747841
1555358730035904512
1555358730245513216
1555358732749504518
1555358732653326338
1555358733881864192
1555358734490079232
1555358734569840640
1555358734087606275
1555358735974932480
1555358737975721985
1555358738973724672
1555358738835447808
1555358738986553344
1555358740399984640
1555358741427458048
1555358741725229056
1555358741910134784
1555358743252160512
1555358744086708225
1555358744581742593
1555358748268326913
1555358748259954688
1555358748138405890
1555358748780150784
1555358749078032384
1555358749119975431
1555358749551992832
1555358750542020609
1555358751183732737
1555358753083387905
1555358753431633921
1555358753683230720
1555358757999128576
1555358759886589954
1555358760301887491
1555358760436121600
1555358760612290560
1555358760490528771
1555358760495108096
1555358762902474753
1555358763720515584
1555358763950809088
1555358765582524417
1555358767004483584
1555358767394570241
1555358768803860483
1555358769328144385
1555358769755799552
1555358770578038786
1555358771022422016
1555358772259946497
1555358772469862400
1555358772645826560
1555358773287571456
1555358773430177793
1555358773836886016
1555358777024585728
1555358778119315463
1555358778597548032
1555358779352289280
1555358779344052225
1555358779905953792
1555358780770189312
1555358782527483904
1555358782963712001
1555358783764832256
1555358784528195586
1555358784943439873
1555358784880627713
1555358786818555905
1555358787879436289
1555358788437397504
1555358788504502273
1555358788726784000
1555358788848234496
1555358789355929600
1555358789666328576
1555358792216449025
1555358793323757568
1555358793546215424
1555358796780027904
1555358797363036160
1555358797346086912
1555358798210113541
1555358798360891394
1555358798826569729
1555358799300505600
1555358799715868672
1555358799346561024
1555358799694897153
1555358799858384897
1555358800416280576
1555358801339056128
1555358801376661504
1555358801594908672
1555358801649455106
1555358804895600640
1555358806217003008
1555358806741114880
1555358806967783426
1555358807106019328
1555358807202611203
1555358810755067904
1555358812973912065
1555358813414383622
1555358813464707075
1555358814748446720
1555358817898352640
1555358819173138432
1555358820163100672
1555358820121001984
1555358820829913095
1555358821350084610
1555358821358469121
1555358822528606208
1555358826697744385
1555358827251367936
1555358827754782721
1555358828153241603
1555358828828377089
1555358829239341056
1555358832104177664
1555358832175599617
1555358833366577152
1555358833631023107
1555358833727262720
1555358834557825025
1555358834553602048
1555358835136774148
1555358835312836608
1555358837741338624
1555358838047444992
1555358838802550785
1555358838852812802
1555358840266412032
1555358840954175489
1555358840383623168
1555358841293787136
1555358841373503488
1555358841453154306
1555358842401202176
1555358842518573056
1555358842770300928
1555358841772167170
1555358844720713728
1555358845610110976
1555358845954048000
1555358847283482632
1555358848055230465
1555358850521636864
1555358850701729792
1555358851578433537
1555358853151145985
1555358853318967301
1555358853595893763
1555358853570514944
1555358853910478848
1555358855441387522
1555358856359944192
1555358857022488577
1555358857685344258
1555358858205347840
1555358858150830080
1555358859174232064
1555358859752919042
1555358860558229505
1555358862139596803
1555358861875453958
1555358862097653766
1555358864081850368
1555358864001798144
1555358865482362880
1555358866472304644
1555358867533758464
1555358867692965890
1555358869102133248
1555358869563457536
1555358869878095872
1555358870507204610
1555358870637543424
1555358870909771779
1555358871472013317
1555358871455240194
1555358873367748613
1555358873367764993
1555358873795678208
1555358873854177281
1555358874248646656
1555358875121057793
1555358875326750721
1555358876329025537
1555358877029486593
1555358878593949698
1555358879256440833
1555358879902584836
1555358881659994112
1555358884121960449
1555358884700848128
1555358884545585152
1555358885543813121
1555358885636149248
1555358885841625088
1555358886328422401
1555358886386876421
1555358887389323266
1555358887972306944
1555358888194482178
1555358890316812289
1555358890312843265
1555358890988113920
1555358891789221891
1555358892384694272
1555358892670222336
1555358893190037506
1555358893521285121
1555358893311770624
1555358894645551104
1555358894750310402
1555358895928795136
1555358896239280134
1555358898286198786
1555358899011817474
1555358899804733441
1555358899984773121
1555358900798607361
1555358901591236608
1555358902115377152
1555358902572576769
1555358903407415296
1555358903558455296
1555358905785794560
1555358905852641280
1555358906012016641
1555358905752076288
1555358908050542593
1555358908365303808
1555358908348190720
1555358908604026880
1555358908696469504
1555358908813905921
1555358911837896704
1555358912290951169
1555358913742225408
1555358913880629248
1555358914681659393
1555358914723680257
1555358914811682817
1555358918582337536
1555358917927919617
1555358919228260352
1555358919773589504
1555358919936991232
1555358920423653376
1555358920842964992
1555358923024211968
1555358923145613312
1555358923275657216
1555358923322007552
1555358924584325120
1555358925439901696
1555358927159808001
1555358927382056960
1555358928111898624
1555358928321511424
1555358928753627137
1555358928988319744
1555358929131036673
1555358929596698625
1555358929810513921
1555358929844113409
1555358931354017799
1555358933098893313
1555358933136470016
1555358934772633600
1555358935124779015
1555358935145652226
1555358936638795777
1555358937041539072
1555358937410637829
1555358938589237256
1555358941311295489
1555358941625851913
1555358942187880455
1555358942737432577
1555358943362224129
1555358943412506625
1555358944033374208
1555358944809439232
1555358944771670017
1555358945379815424
1555358946424135680
1555358947430862849
1555358949502763009
1555358951088308225
1555358951545491456
1555358951927078912
1555358952023412739
1555358953894055936
1555358954338881538
1555358954410184704
1555358954607128576
1555358955479568385
1555358955475460097
1555358955802660864
1555358956314312704
1555358956750520321
1555358958029881344
1555358958520569856
1555358959980118016
1555358960135258112
1555358961624391680
1555358962123513857
1555358962303860739
1555358965600583682
1555358965524996096
1555358966573666305
1555358966712090625
1555358967169028096
1555358968062566400
1555358969006153728
1555358969203400705
1555358972252651522
1555358972260933632
1555358972831567873
1555358975167807489
1555358975008186369
1555358976103120896
1555358976539238405
1555358977394868225
1555358978535821313
1555358980012130306
1555358980242808832
1555358980364713984
1555358980494721026
1555358981249531906
1555358981304074241
1555358985120800768
1555358986119090177
1555358985389211649
1555358986488119296
1555358987507404800
1555358987650224128
1555358988035756032
1555358988778164224
1555358988644093952
1555358990653181952
1555358991831769088
1555358992200716288
1555358992397770753
1555358993287000064
1555358993790504960
1555358994444730368
1555358994977304576
1555358995916914690
1555358996239982594
1555358996634210306
1555358997137436672
1555358997196275717
1555358998139998214
1555358999541092352
1555359002153852928
1555359002384556033
1555359003043045376
1555359003403862018
1555359003600896001
1555359003756183552
1555359004641181696
1555359007681937408
1555359010273955841
1555359010534002688
1555359013537193986
1555359014913015816
1555359015429099520
1555359016389337088
1555359017387675649
1555359018465611776
1555359018746466304
1555359018452799488
1555359019413413889
1555359020004827138
1555359020009099265
1555359020042657792
1555359020906475520
1555359022307475456
1555359023930789889
1555359024182353920
1555359025134698497
1555359025977753600
1555359026099150848
1555359026371825666
1555359026585554945
1555359027197927424
1555359027856642048
1555359028397711361
1555359030364803077
1555359030041841664
1555359031023153152
1555359033908817920
1555359037222359042
1555359038145269761
1555359038153572353
1555359038996635654
1555359039290109953
1555359040775094277
1555359042234683393
1555359042834399232
1555359043073429504
1555359043023241216
1555359044109537281
1555359043841048576
1555359045590327297
1555359046005362691
1555359047418871810
1555359047582470144
1555359047712313344
1555359049822228488
1555359050908323840
1555359051072028672
1555359051445313539
1555359051948646402
1555359052791783424
1555359052884021249
1555359053966151681
1555359053978763264
1555359055140384768
1555359055748538370
1555359055920635905
1555359056633573379
1555359058110070784
1555359059339001856
1555359059439673346
1555359061906001922
1555359063097184262
1555359063193665536
1555359063264968705
1555359063545872384
1555359064158359557
1555359064200253440
1555359065991266304
1555359066121191425
1555359068918800384
1555359069665239040
1555359072861437952
1555359073129955329
1555359073901481985
1555359073834618883
1555359075021586432
1555359076661559296
1555359076757823488
1555359077252808704
1555359077361917955
1555359079706525696
1555359080365129729
1555359081552121856
1555359081107320832
1555359082525212675
1555359083179323393
1555359083443757058
1555359083594645504
1555359084148207616
1555359084441964546
1555359087088517122
1555359087004594176
1555359087885524994
1555359087860535296
1555359088972038145
1555359089445769217
1555359089219100672
1555359089844166656
1555359090129485825
1555359094088773633
1555359095422472192
1555359096420720640
1555359097050079232
1555359097939263489
1555359098698289152
1555359098484715521
1555359100241854464
1555359101051441157
1555359101105819651
1555359103786123264
1555359106784976901
1555359106986397698
1555359107665772544
1555359108777119744
1555359109377138688
1555359109834166272
1555359110132031489
1555359110736084992
1555359111046434816
1555359111147134976
1555359113059524608
1555359112929705984
1555359113877635077
1555359114569695232
1555359114741653504
1555359115752493059
1555359116410949634
1555359118315200513
1555359118386413569
1555359120022183939
1555359120554729472
1555359120123129858
1555359121913786368
1555359122639540224
1555359124686249984
1555359125579730946
1555359125906800640
1555359126691057669
1555359127009955840
1555359130117935104
1555359133167124481
1555359133653942272
1555359133695586304
1555359136799391748
1555359136925491201
1555359139148079105
1555359139311804418
1555359139978772481
1555359140054470656
1555359141840945152
1555359141975265280
1555359142311006208
1555359141576810497
1555359143288078336
1555359144990965765
1555359145909444617
1555359146408550406
1555359147616620551
1555359147528445952
1555359148161875969
1555359149214486528
1555359149055422464
1555359150003015681
1555359151265660928
1555359151517159424
1555359151621976064
1555359151718404096
1555359153450758144
1555359153572483072
1555359153996156928
1555359157326422016
1555359157515059200
1555359158668611591
1555359159364763651
1555359161663344642
1555359161675825153
1555359162174885888
1555359162539708416
1555359163659722753
1555359165027164160
1555359165815693312
1555359166360760320
1555359168604798978
1555359169183711232
1555359169175339009
1555359170949517313
1555359172580872193
1555359172593496065
1555359174149767168
1555359174019522560
1555359174954913792
1555359176255234048
1555359176616022016
1555359176586575875
1555359177496838144
1555359177270239234
1555359177249157120
1555359179921010690
1555359180202311680
1555359179912712193
1555359180244017154
1555359180197953536
1555359181363879942
1555359181833703426
1555359182097899520
1555359184719384578
1555359185495199744
1555359185906311169
1555359186669768704
1555359186430607360
1555359188066377728
1555359188166905857
1555359188582293505
1555359188116975616
1555359191056785408
1555359192055422976
1555359191992344576
1555359193099550721
1555359193259016193
1555359193808379904
1555359194764697600
1555359194840289287
1555359195532238850
1555359199298592768
1555359200015941632
1555359200548716544
1555359200720879616
1555359200913547265
1555359202964545541
1555359203342139397
1555359203350519808
1555359203501510659
1555359204004749312
1555359208236716033
1555359208563822595
1555359209776193537
1555359210120122372
1555359209750921216
1555359210686230528
1555359212968067073
1555359215052591104
1555359215153074176
1555359215195000833
1555359217124421632
1555359218135343105
1555359218273763329
1555359219079348224
1555359222111551489
1555359221826420738
1555359223424466945
1555359225198645248
1555359225114759170
1555359227069317121
1555359226846912513
1555359226482016256
1555359227958501376
1555359228021407745
1555359228432351233
1555359229816471553
1555359231426957312
1555359232534257665
1555359232723193856
1555359234837069824
1555359235491479554
1555359236602855430
1555359236716126211
1555359236762521600
1555359238750457857
1555359239178182657
1555359239043829760
1555359241975873536
1555359243112423425
1555359243863310336
1555359244152893440
1555359245779992576
1555359245943672836
1555359246262456321
1555359246924951552
1555359248451788801
1555359248795594752
1555359249382969345
1555359250557329409
1555359251060518912
1555359251266260992
1555359255582199814
1555359255632695296
1555359255691231233
1555359256370712578
1555359256618024960
1555359257545023489
1555359258904039424
1555359260363706369
1555359261894606848
1555359262108536832
1555359262116921350
1555359262741651457
1555359262846566400
1555359263320686592
1555359264683819010
1555359265107415040
1555359266701180929
1555359262851084289
1555359267766484992
1555359264163909633
1555359268936744960
1555359269276360711
1555359269733761024
1555359271352770560
1555359271021588480
1555359270916726784
1555359271876841473
1555359272137117697
1555359273118584833
1555359276373262336
1555359276805361667
1555359278994755591
1555359279430991873
1555359282270552066
1555359284615151616
1555359284925448192
1555359285244149761
1555359286049607681
1555359286859124736
1555359288029216769
1555359288394059776
1555359293192429576
1555359294425645063
1555359295260475393
1555359295981617155
1555359296392683522
1555359297307033600
1555359297961267200
1555359298317869056
1555359298540257280
1555359298984718336
1555359300314435588
1555359300616216576
1555359301178384385
1555359301694373888
1555359303078477833
1555359302583468032
1555359304760320000
1555359304810643457
1555359304982708224
1555359308149411841
1555359308228874240
1555359309390684160
1555359310317764609
1555359309214535680
1555359311232368642
1555359311714406401
1555359314306469888
1555359313648025601
1555359315124371456
1555359315543875584
1555359315778748416
1555359315917099008
1555359316328300544
1555359316860862464
1555359316974215168
1555359317615935490
1555359317653704706
1555359317758468097
1555359318119047168
1555359318274367488
1555359321122164737
1555359321839599617
1555359321583763457
1555359322837843970
1555359323034976259
1555359323764559872
1555359324075020288
1555359324813271040
1555359325345964033
1555359325786411020
1555359325765324800
1555359326755205120
1555359326797176835
1555359329007566849
1555359329720614913
1555359330764980224
1555359332035973125
1555359332367310848
1555359333428432898
1555359333348786176
1555359334619664387
1555359335215239168
1555359336678887425
1555359338742824960
1555359339619446784
1555359340034662401
1555359340311113728
1555359340760006660
1555359341687062533
1555359343184429062
1555359343427600385
1555359343364775938
1555359344199450625
1555359345738670086
1555359345642201089
1555359346548154368
1555359347600789504
1555359348053790721
1555359349333180416
1555359349836550144
1555359350037909504
1555359349769486340
1555359350734069760
1555359352126464001
1555359352256692224
1555359354848563201
1555359355150778368
1555359355486498816
1555359355989438464
1555359356195115008
1555359358317465600
1555359358686478336
1555359359689003009
1555359361345748993
1555359361081348096
1555359362658484225
1555359363300311040
1555359364348788743
1555359365451890690
1555359365368270848
1555359366240403458
1555359366580019202
1555359366861262849
1555359368186679297
1555359368773881857
1555359369805570050
1555359369835036672
1555359370858627072
1555359371445633027
1555359372020252676
1555359373744115713
1555359374435971072
1555359374331318280
1555359376013250561
1555359377095376896
1555359377971986432
1555359378177392641
1555359377791799296
1555359378383183872
1555359378907299840
1555359379381182469
1555359381268611072
1555359381398716416
1555359382589673472
1555359383202193408
1555359384707948551
1555359384883961857
1555359385890816001
1555359386394136577
1555359386884874241
1555359387216232448
1555359387853549568
1555359388004671488
1555359388830932997
1555359389749415937
1555359390173384704
1555359390110085120
1555359391574114304
1555359392177868800
1555359392576417792
1555359392727539713
1555359394547867649
1555359397118746624
1555359397450289152
1555359398939299843
1555359399002230784
1555359399845269504
1555359400902139907
1555359401845727232
1555359403502477313
1555359405188988929
1555359407197696000
1555359408909160448
1555359408493920258
1555359408976236545
1555359409253285889
1555359410863706113
1555359411316588544
1555359413103341568
1555359413032161280
1555359417649881088
1555359417880780804
1555359418694488066
1555359418975457280
1555359419160039424
1555359419357171712
1555359421055864839
1555359421483520000
1555359423144480768
1555359423895330816
1555359424159645707
1555359424604422144
1555359426416099328
1555359427582124036
1555359428362248192
1555359428618194944
1555359431487279105
1555359433949159425
1555359434834165760
1555359436587540480
1555359436553723904
1555359438050955265
1555359438789398529
1555359438936035328
1555359438818639872
1555359439196135425
1555359440848785411
1555359441138106369
1555359441381478400
1555359443805945856
1555359444334252032
1555359445407993856
1555359447333146628
1555359447429525504
1555359448117686273
1555359448364994566
1555359448838950912
1555359451036585985
1555359451963658240
1555359452039155712
1555359452659949568
1555359452492173312
1555359454325100551
1555359454312423426
1555359455151366144
1555359455994331136
1555359457667948545
1555359458275889152
1555359459047747585
1555359460939378688
1555359461199470592
1555359462071930881
1555359464068468736
1555359464143966211
1555359464831832064
1555359464785690624
1555359465192431617
1555359465804890115
1555359467700617216
1555359468002631687
1555359469747507204
1555359469881753600
1555359472586981376
1555359474801582082
1555359476710080512
1555359479037718529
1555359480119975938
1555359480866562048
1555359481894141952
1555359482947014659
1555359483022364672
1555359483131416576
1555359484624748545
1555359486000263168
1555359485161377793
1555359486927306752
1555359487661318145
1555359488353472512
1555359488613441541
1555359489049497601
1555359490643476482
1555359491448836096
1555359493340680192
1555359493885755393
1555359494380539906
1555359494632198145
1555359494271541248
1555359495596957696
1555359495940866048
1555359496259751942
1555359496502841344
1555359500470669312
1555359500869066753
1555359501058207744
1555359501607649283
1555359503281180672
1555359503868198918
1555359504207839238
1555359504656732162
1555359505294143488
1555359504455585793
1555359506292424709
1555359512353177600
1555359513804423168
1555359514060361728
1555359514278260736
1555359515880603648
1555359515914149888
1555359516748746752
1555359518376296449
1555359518820913152
1555359520033062912
1555359520964198401
1555359521429676033
1555359521819828225
1555359521840631809
1555359522209898503
1555359523350642690
1555359523442987008
1555359524059578368
1555359524600659969
1555359527087865863
1555359527423320064
1555359528727654400
1555359529973325824
1555359530250551296
1555359531512774657
1555359532209111041
1555359532129271808
1555359534515752960
1555359535220461568
1555359535652544512
1555359536181088256
1555359536487182336
1555359536613101573
1555359537804128256
1555359538013999111
1555359539419119617
1555359539804897280
1555359540299825157
1555359540886982656
1555359542577614848
1555359542736715777
1555359542904487936
1555359542917173249
1555359545475469312
1555359545567895555
1555359546633248769
1555359547056955392
1555359549753901059
1555359550404009985
1555359551922348033
1555359552643780610
1555359554224939011
1555359557333008395
1555359558456860673
1555359560315150336
1555359560428183552
1555359560642093056
1555359561267044373
1555359563553144832
1555359563716640768
1555359567571214339
1555359568775229445
1555359569605541888
1555359570171756544
1555359571656335361
1555359572214382592
1555359574491860993
1555359575393566720
1555359576764993536
1555359576668585984
1555359577260138503
1555359577411051520
1555359578291945477
1555359580397477889
1555359582918062081
1555359583664996352
1555359583895371776
1555359584390365187
1555359585652936704
1555359586449850369
1555359586869198851
1555359586856624130
1555359588496470018
1555359588827799553
1555359589461176321
1555359590157541376
1555359591151665153
1555359592850210817
1555359593676656643
1555359594301591553
1555359594259554308
1555359594385375233
1555359594381279235
1555359595379544064
1555359596906151936
1555359598265405441
1555359599070412804
1555359600328818688
1555359600597209093
1555359601574436864
1555359603272994818
1555359604174753793
1555359604187361280
1555359605466828800
1555359604758167553
1555359605743656964
1555359606846660610
1555359607433752576
1555359607429615616
1555359608021159936
1555359608138604544
1555359609182879748
1555359610315341825
1555359610516766722
1555359612466913280
1555359613335355394
1555359614136451074
1555359613939118085
1555359617101844482
1555359618905346048
1555359619207221248
1555359619765223424
1555359620495020032
1555359621531009025
1555359621744889857
1555359621815996416
1555359623464493056
1555359623606988800
1555359623942733824
1555359624236343296
1555359625540767744
1555359627486941184
1555359627637936140
1555359630863351809
1555359629957541888
1555359632188616704
1555359633266581513
1555359633379717120
1555359634944245769
1555359635862962176
1555359637322358784
1555359637607591938
1555359638228414465
1555359639642034176
1555359641118425095
1555359641776824320
1555359642443718656
1555359643274190849
1555359643618123779
1555359644385566720
1555359644733800450
1555359646487027713
1555359647321600002
1555359647208419329
1555359648340795392
1555359648559075333
1555359649079099392
1555359649410363392
1555359649779499008
1555359650337398785
1555359651075706880
1555359651042050048
1555359652401012738
1555359652505853953
1555359657669050369
1555359658591895553
1555359658646257664
1555359657933283329
1555359659518820354
1555359659766202371
1555359659581743104
1555359660353339393
1555359661330685954
1555359661410267138
1555359663062859779
1555359663247572992
1555359663545233409
1555359664426074114
1555359664556179458
1555359665604534273
1555359667001311233
1555359669492670465
1555359670335746049
1555359672302833667
1555359672344973319
1555359673058050049
1555359673250942980
1555359673146032128
1555359673724854272
1555359675411009536
1555359677151592448
1555359678581833733
1555359678217043968
1555359678791565312
1555359680259579904
1555359682478448641
1555359682654519296
1555359683246014464
1555359684273512448
1555359685301125120
1555359687079596032
1555359688417546241
1555359688665223168
1555359689935929344
1555359690049069062
1555359690057519104
1555359690313416707
1555359695182868480
1555359696504193026
1555359697238114304
1555359699037409280
1555359698538348550
1555359699167576066
1555359699691790338
1555359699889188864
1555359701860335616
1555359703663886352
1555359705014456320
1555359705425403905
1555359705521967110
1555359707610611713
1555359707770093569
1555359707983912965
1555359708470546432
1555359708600356864
1555359710441639936
1555359711704367104
1555359712320884736
1555359712685826049
1555359712882860033
1555359712803115008
1555359714103689216
1555359716343132160
1555359718536876035
1555359718977282049
1555359719539281920
1555359721321799681
1555359722395410432
1555359722278195207
1555359724870291460
1555359725205995522
1555359727026151424
1555359727865004032
1555359728104050688
1555359729844723712
1555359729827856384
1555359731195252738
1555359732013072384
1555359732348616707
1555359732801716225
1555359734097592321
1555359735104299009
1555359735431548928
1555359735901216769
1555359736278941696
1555359736563900420
1555359739227299841
1555359741202685952
1555359741194428417
1555359741760741376
1555359742918361089
1555359746777137153
1555359747301318656
1555359749369208834
1555359750040215552
1555359751151800321
1555359752082841604
1555359752502247425
1555359753051590656
1555359753064390661
1555359752292548612
1555359753617932289
1555359753634717697
1555359754318270464
1555359754779762688
1555359754792226816
1555359755316727808
1555359756377673728
1555359757002752006
1555359757459787777
1555359758122717185
1555359758902763521
1555359758995030022
1555359760127430656
1555359760341426179
1555359760479764480
1555359761918398464
1555359765328547846
1555359765949304832
1555359766599372800
1555359766268067840
1555359767484309504
1555359767496986624
1555359767941394432
1555359767912071168
1555359768910471169
1555359769187188737
1555359771032973312
1555359772005769217
1555359774396620800
1555359776086818818
1555359777299087360
1555359778108575744
1555359779438137344
1555359779371073539
1555359780289630208
1555359781367427072
1555359781556289537
1555359782336401410
1555359784085426181
1555359785817702405
1555359786270613505
1555359786526441472
1555359787046633473
1555359787843567618
1555359789433118720
1555359790041292802
1555359790074830848
1555359792524304386
1555359792608473090
1555359792947937280
1555359794403459073
1555359798299742210
1555359799130333194
1555359799088361472
1555359799424040961
1555359799755390977
1555359799923118080
1555359800883568647
1555359801705742336
1555359802846580737
1555359803534258177
1555359804356689920
1555359805145219072
1555359804826451968
1555359805480603650
1555359806327853057
1555359807389179904
1555359807460327424
1555359809674903554
1555359809918189568
1555359810278854656
1555359809100455936
1555359811990130688
1555359811826499585
1555359812971626501
1555359813449748484
1555359813915246592
1555359814238216198
1555359814997401600
1555359815412551682
1555359817253937155
1555359818285735937
1555359818780663808
1555359819107794947
1555359819422466049
1555359820102107136
1555359820017983493
1555359821108350976
1555359821766938624
1555359823469768704
1555359824187097089
1555359824426270722
1555359827424993280
1555359828414853121
1555359828704276480
1555359828029104129
1555359829203509249
1555359829413318657
1555359829589254144
1555359829794988033
1555359830461669376
1555359832055590912
1555359833166995456
1555359834312249345
1555359834299543554
1555359835201232896
1555359836648382464
1555359837575385088
1555359837680189440
1555359839139663873
1555359839315968003
1555359840263802880
1555359840104550405
1555359841388056576
1555359842658766848
1555359842465943556
1555359844076384262
1555359844730736640
1555359846014357504
1555359847532466177
1555359847511646208
1555359847163564034
1555359847524220928
1555359848400838658
1555359848539295744
1555359849709715456
1555359851928342530
1555359852255387650
1555359852477956096
1555359853345792000
1555359853593370630
1555359854264365056
1555359857183584256
1555359858030944256
1555359859155017728
1555359859499048961
1555359860191072257
1555359860463751169
1555359860958584834
1555359861369602049
1555359861453426689
1555359861164199937
1555359862603005952
1555359864381009920
1555359866176290817
1555359864683118594
1555359868873125888
1555359870165340160
1555359870509109250
1555359873055002624
1555359873344618496
1555359873721806848
1555359874371960833
1555359874661470209
1555359875114291200
1555359874476802049
1555359873948418049
1555359877211602944
1555359877643374595
1555359880252628992
1555359880818597892
1555359882521575424
1555359882643226631
1555359883939258370
1555359884803203072
1555359885629329408
1555359887248572418
1555359887529582592
1555359888079028225
1555359888855138304
1555359890360569856
1555359890881007617
1555359891128086528
1555359892097097733
1555359891899920384
1555359893443317761
1555359893946785792
1555359894454562816
1555359894500302848
1555359896085872643
1555359898405404672
1555359898489290754
1555359899000791040
1555359900037165056
1555359907553038336
1555359907960037376
1555359908165451776
1555359908119314432
1555359909260189696
1555359909557833728
1555359912212955136
1555359912649261056
1555359913345441793
1555359913462874112
1555359914368778240
1555359914951725056
1555359915803258880
1555359916298231811
1555359916151676929
1555359917854400512
1555359917435146240
1555359918399492096
1555359918898548736
1555359917887803399
1555359919477604352
1555359920630931456
1555359921478443008
1555359922585468929
1555359923420254213
1555359923789172737
1555359923931955200
1555359926653833216
1555359928767987712
1555359929057386496
1555359929191604226
1555359927950098432
1555359929430843392
1555359932391768065
1555359932882591744
1555359935034163202
1555359935856254979
1555359935935946752
1555359936447762434
1555359938083401728
1555359938435616768
1555359940914675714
1555359941195894784
1555359941560619011
1555359942151794688
1555359942055706624
1555359942902571008
1555359943011708928
1555359943502581762
1555359943783587846
1555359944752381952
1555359946883088387
1555359947797303296
1555359948313427968
1555359948464332800
1555359948887838720
1555359948787404802
1555359949370413056
1555359950142025728
1555359950271942656
1555359950574178310
1555359950687408134
1555359949806600193
1555359951299788803
1555359950754328576
1555359952557838338
1555359952776093697
1555359952960491520
1555359954994954240
1555359956085399553
1555359956693618689
1555359957029093376
1555359957377228800
1555359958786797569
1555359955892543491
1555359960455753728
1555359960363565056
1555359961102057472
1555359961806430211
1555359963329212416
1555359963974930433
1555359966785069057
1555359967087058944
1555359967578058752
1555359969695891456
1555359969784086530
1555359970312744961
1555359971868647424
1555359971910553600
1555359972078325760
1555359977564680192
1555359979015651328
1555359980970450944
1555359981771292679
1555359981972643843
1555359982509780992
1555359986892636160
1555359987202985985
1555359987639013377
1555359988784066560
1555359989665087489
1555359989908135937
1555359990206156800
1555359991594250240
1555359995784355840
1555359998229741568
1555359999815081984
1555359999882321930
1555360001123926017
1555360001652248576
1555360004437413888
1555360005062533121
1555360005754425344
1555360006245163009
1555360007818022912
1555360008677769216
1555360008837013505
1555360009629978632
1555360010317844487
1555360010992898048
1555360011689263110
1555360012016525315
1555360012758765568
1555360013031440384
1555360015447474177
1555360015623622659
1555360015816572928
1555360016064020480
1555360016454008833
1555360017796194305
1555360017955569665
1555360019213942801
1555360019109003271
1555360019985694720
1555360019977277440
1555360021403226112
1555360022099464197
1555360022338719751
1555360023131443200
1555360023282233344
1555360023680892928
1555360026096648192
1555360026142859264
1555360026482470912
1555360027870896134
1555360028210565120
1555360028516917249
1555360029133324289
1555360030488010752
1555360031486496768
1555360032539430912
1555360034401521664
1555360035760390151
1555360036599304192
1555360037534670848
1555360037786230790
1555360037798830080
1555360037995814912
1555360037782036482
1555360039170367488
1555360039807946754
1555360041582092289
1555360041464733697
1555360042135822339
1555360042513485824
1555360042727227396
1555360043041685505
1555360043394109440
1555360044056997889
1555360046082449408
1555360046271315968
1555360047500525569
1555360048070725632
1555360048326488064
1555360049014444045
1555360049131692032
1555360049350037504
1555360051707219974
1555360052306972684
1555360052835500033
1555360054307700737
1555360054810918912
1555360055662460928
1555360056543105024
1555360057973432324
1555360058585874432
1555360058799685632
1555360059940536322
1555360060355842048
1555360061781954566
1555360061840556036
1555360064763858944
1555360065321844736
1555360065494089729
1555360065812434946
1555360066190168064
1555360066211020800
1555360066689179648
1555360066311684099
1555360066752110593
1555360067091832832
1555360067310047238
1555360067377139713
1555360069046394881
1555360071512727553
1555360071852359689
1555360072045592576
1555360073421299712
1555360075971280896
1555360076487004160
1555360079112806402
1555360079444320256
1555360079557595136
1555360080635121664
1555360081457324034
1555360081784479744
1555360082245869568
1555360082644283393
1555360083458015233
1555360083483181059
1555360083323887618
1555360083852378113
1555360083923439616
1555360083801825281
1555360083713859584
1555360084430974977
1555360085064433666
1555360085903392769
1555360087765504003
1555360088575152128
1555360089061707777
1555360090022182912
1555360091154661378
1555360091196751872
1555360092173860866
1555360092530229248
1555360094258450434
1555360094342320128
1555360095441244161
1555360097483759618
1555360098146557960
1555360098276491265
1555360100390699009
1555360100868509696
1555360100956733442
1555360103393595393
1555360103918104577
1555360104035262466
1555360104102481922
1555360105515720704
1555360105427652610
1555360106761441281
1555360107805806593
1555360109026545665
1555360109676486657
1555360110486208512
1555360111240941571
1555360111564308480
1555360113698807808
1555360115930406912
1555360117033504769
1555360117213630465
1555360117587058688
1555360118392295425
1555360118421741570
1555360118849552384
1555360118874718209
1555360119843463168
1555360119969439744
1555360120363778048
1555360120372174848
1555360121403883522
1555360122008145920
1555360123312373761
1555360123488505856
1555360123849023488
1555360124444753922
1555360127250599936
1555360127892455431
1555360128215355392
1555360129633099777
1555360129616433155
1555360131726004224
1555360131772256259
1555360134456610824
1555360135400366081
1555360136289558528
1555360138004795392
1555360138369945600
1555360138592223232
1555360139091529728
1555360139175235588
1555360140475265025
1555360141113020418
1555360141201006593
1555360141750534148
1555360144715759616
1555360146305347584
1555360148058677248
1555360149467934720
1555360151724515328
1555360151707664385
1555360151770583040
1555360155348643841
1555360154731806720
1555360156132802561
1555360156275224576
1555360156854063104
1555360157797949446
1555360157911379968
1555360159806930944
1555360162126364674
1555360162495762432
1555360163141300225
1555360163279912961
1555360164878098432
1555360167306219523
1555360167679516672
1555360167629291520
1555360169135144960
1555360170032582658
1555360170972221440
1555360171731435522
1555360173237100546
1555360173941698560
1555360174969438209
1555360175082672129
1555360175858405376
1555360176496148481
1555360178316640256
1555360178597404672
1555360178509189120
1555360178849153031
1555360180010983425
1555360181218951168
1555360184045686784
1555360184138170368
1555360185933123586
1555360186180587520
1555360186142928896
1555360186302349312
1555360186495279104
1555360187304779776
1555360188378513411
1555360188651122689
1555360187728465920
1555360189016309760
1555360189330628610
1555360192438476800
1555360192065220608
1555360193441157121
1555360193877360642
1555360193952845825
1555360194665877506
1555360195978547200
1555360196947476480
1555360196955881472
1555360198193299462
1555360198264467456
1555360198717575172
1555360198792847360
1555360198994567168
1555360199573065730
1555360200256679936
1555360201066283009
1555360203234856962
1555360204195336194
1555360204098871298
1555360204421742592
1555360204518068225
1555360204895752194
1555360206053425153
1555360207810842629
1555360209685602304
1555360209723305984
1555360210042048512
1555360211224895488
1555360212458110976
1555360212596494340
1555360213653491712
1555360214743801858
1555360215104626690
1555360217155702785
1555360217755488257
1555360218636238848
1555360218351026178
1555360221224108037
1555360222117474305
1555360223161765890
1555360223375675393
1555360224034394114
1555360224105619462
1555360224478896130
1555360227226271744
1555360227247083520
1555360228027142144
1555360229365252098
1555360229868670978
1555360230246338560
1555360228652220417
1555360231391219713
1555360231924039680
1555360231990841344
1555360232917843969
1555360235035901953
1555360235212226562
1555360235505602565
1555360236260704258
1555360238118862855
1555360238395613189
1555360238760595457
1555360239293452288
1555360239893057543
1555360241235005441
1555360240425648128
1555360243818737664
1555360243395268609
1555360244477345793
1555360245110566912
1555360245496651776
1555360247035879425
1555360247371276290
1555360248239509505
1555360251716575232
1555360252018696193
1555360252484354051
1555360255118192640
1555360256276025345
1555360256628326400
1555360257961893889
1555360258285080576
1555360261376249856
1555360261443391491
1555360261585993730
1555360261992751105
1555360264035319808
1555360265268518912
1555360265809678336
1555360265864155143
1555360266014953472
1555360266610941952
1555360266866630656
1555360268108062720
1555360268229562368
1555360269152296960
1555360269634871301
1555360269760708608
1555360271320944640
1555360272592019456
1555360272696483841
1555360272889643013
1555360273845915648
1555360274617470976
1555360274726543360
1555360275884277760
1555360276630982657
1555360277025144832
1555360280971976704
1555360281332629505
1555360281630736384
1555360281978716162
1555360282603659267
1555360282909851648
1555360283568345088
1555360283605868544
1555360289465348096
1555360290040053763
1555360290186731520
1555360290618970113
1555360290505629697
1555360291206361089
1555360291390644224
1555360292074397701
1555360295593426944
1555360295660318721
1555360295853461505
1555360297258557440
1555360298097430528
1555360300219736064
1555360301318434816
1555360301394149379
1555360301985529859
1555360302182436864
1555360302321258496
