1515025492155723776
1515025492298317827
1515025493854064640
1515025496580440066
1515025497247580161
1515025498816061450
1515025499071954949
1515025500128825353
1515025502066679823
1515025502121168900
1515025502641307651
1515025504327602176
1515025504407109632
1515025506051182592
1515025506235817987
1515025506676080646
1515025505904656385
1515025507699466240
1515025507863117843
1515025508114722816
1515025508282609666
1515025508957884425
1515025509389938695
1515025509511532553
1515025509725315072
1515025509159215118
1515025511419977732
1515025512560836610
1515025512887996421
1515025513298939913
1515025513470910466
1515025513466798091
1515025514070642689
1515025515853357074
1515025516759117826
1515025519120732164
1515025520102101001
1515025520588644352
1515025520857169931
1515025521750519819
1515025524166623233
1515025524283879429
1515025525160431618
1515025524703129600
1515025523994501123
1515025525940568068
1515025526225833992
1515025526586372096
1515025527001817088
1515025528453017607
1515025529942024202
1515025531510661122
1515025531728760832
1515025533012254723
1515025533511344137
1515025533750362112
1515025535256219648
1515025537961537543
1515025537034604546
1515025538817138697
1515025539119337472
1515025539077079047
1515025540235001856
1515025540784214023
1515025542483001361
1515025542738817032
1515025543665790976
1515025544135462921
1515025544282267652
1515025545570164736
1515025545599275008
1515025544517140485
1515025546035425282
1515025546387804163
1515025546664685579
1515025546987851776
1515025548900245507
1515025548732473353
1515025549512814596
1515025550896685058
1515025550955405312
1515025551404142593
1515025551441944580
1515025551538659330
1515025551802650633
1515025553316892672
1515025553589354499
1515025554059276300
1515025554336251912
1515025555003002886
1515025555871223808
1515025556559081480
1515025556609421320
1515025557280415750
1515025557246947334
1515025557062561792
1515025559599865856
1515025560019386374
1515025560401068040
1515025560610738185
1515025561273389070
1515025562473046031
1515025561831329800
1515025562804310023
1515025563303530507
1515025566172422152
1515025567254470666
1515025568194252801
1515025568948908036
1515025570857431043
1515025571251511298
1515025571830452226
1515025572770033673
1515025572350631955
1515025572996562947
1515025573709553666
1515025574191939593
1515025575047487495
1515025574795923458
1515025575429160965
1515025575592742912
1515025575991201800
1515025577086185473
1515025577400430595
1515025577153122305
1515025577282990080
1515025576457031680
1515025578809827330
1515025580726448134
1515025582081425410
1515025582383316995
1515025582727307267
1515025584371519488
1515025585155850240
1515025585294262273
1515025585038237696
1515025586284023818
1515025588368592896
1515025589471690763
1515025591556354051
1515025595859714056
1515025596249686016
1515025596727889927
1515025596979548162
1515025597042503692
1515025598124642310
1515025598493696011
1515025598502088716
1515025599533879304
1515025599995207686
1515025601962385410
1515025601937440772
1515025602059059206
1515025602272768006
1515025602893525003
1515025602847424515
1515025603761737729
1515025604357328901
1515025604894208000
1515025605171032076
1515025606471204869
1515025608090484742
1515025608601964554
1515025608731996161
1515025608878788614
1515025609692438540
1515025609721884674
1515025609952411650
1515025614478184448
1515025614834741261
1515025616621510664
1515025618315853824
1515025619645607942
1515025620148928512
1515025621034110976
1515025621478432770
1515025621583335427
1515025621662900226
1515025621885206529
1515025622472531974
1515025623193894918
1515025625232424966
1515025626117427200
1515025626696192012
1515025626993868808
1515025627329536003
1515025627778330631
1515025628541722628
1515025629166678020
1515025628499791873
1515025629690871811
1515025631599370240
1515025631788113925
1515025632090112001
1515025632039780353
1515025634166288396
1515025634237554694
1515025634820513801
1515025634690535435
1515025635101470720
1515025635743174657
1515025635596455940
1515025636149977089
1515025637626753026
1515025638641618944
1515025639283302408
1515025639769792516
1515025641619562500
1515025642106068994
1515025644953882626
1515025645125910535
1515025646375735296
1515025647344799753
1515025650071093248
1515025653241991170
1515025653652930560
1515025656056266753
1515025656282759172
1515025656672890887
1515025657654550528
1515025658073784327
1515025658161811464
1515025659948589058
1515025659109978112
1515025660271603715
1515025660305195017
1515025660409888774
1515025661634785280
1515025661945122821
1515025662037401600
1515025663937327107
1515025666009407488
1515025666433032193
1515025666386894856
1515025666957365259
1515025667326414856
1515025667351621637
1515025667414446086
1515025667447951360
1515025668869963776
1515025669117337600
1515025673164840971
1515025674163077121
1515025674217697282
1515025673970233346
1515025674440003587
1515025675329028098
1515025675362652161
1515025676419710988
1515025677308805134
1515025678617526276
1515025678839681025
1515025679473074188
1515025683696988162
1515025683537268736
1515025683784908800
1515025684611088384
1515025684892164098
1515025685122887680
1515025685487788047
1515025686544662534
1515025686892892160
1515025688948097033
1515025690168598538
1515025690969743363
1515025690936152070
1515025691120599046
1515025691930206213
1515025692123361281
1515025692915810304
1515025694874603523
1515025695445069831
1515025695772221443
1515025695143251969
1515025695994531851
1515025696632066050
1515025697068261383
1515025697244393476
1515025697030430721
1515025697760284675
1515025697965846530
1515025698641043464
1515025698762768386
1515025699085893634
1515025699857637377
1515025700113338373
1515025700209582081
1515025700599775239
1515025699467415563
1515025701098991621
1515025702726295559
1515025703103877131
1515025703733010434
1515025704513150987
1515025704659914768
1515025706035593219
1515025706945765378
1515025706891505664
1515025707210059784
1515025707566567425
1515025708015398920
1515025709257093123
1515025709810417664
1515025710309679105
1515025710926254092
1515025711324610566
1515025713522671616
1515025713572708354
1515025714189381638
1515025714722095118
1515025714025746433
1515025715074375683
1515025716353634317
1515025716345196553
1515025717049929742
1515025717553086464
1515025719625146375
1515025721156067332
1515025720870809609
1515025721693024258
1515025724016451587
1515025723979104256
1515025724792623111
1515025727594377216
1515025727015600145
1515025728655740928
1515025728886255623
1515025729255260163
1515025730421374977
1515025730417004544
1515025731448889348
1515025732657115136
1515025736607932427
1515025737232924680
1515025737664847885
1515025738109489160
1515025738470199299
1515025738776391685
1515025740160372742
1515025740307251201
1515025741636947971
1515025741833977860
1515025742740049924
1515025743507767301
1515025747370512389
1515025747961958408
1515025749295747076
1515025749736300546
1515025751418015746
1515025752256917513
1515025755704639490
1515025755880792064
1515025756400893955
1515025756526886913
1515025756665040899
1515025757235462149
1515025758762291206
1515025759680749573
1515025760947429384
1515025763086569473
1515025764818726914
1515025765271752704
1515025765326278660
1515025767435956225
1515025767469666311
1515025766995709956
1515025768627191825
1515025767977168903
1515025771911208964
1515025772465078279
1515025774327345155
1515025774994145284
1515025774990004229
1515025775325585408
1515025775019413515
1515025775996645377
1515025776659345420
1515025776994922499
1515025777879916546
1515025778244784131
1515025778664169481
1515025779842699268
1515025780719378440
1515025780681719815
1515025782594232325
1515025783856717826
1515025784645165061
1515025786100670469
1515025786956304389
1515025787547799552
1515025790362132482
1515025790504779778
1515025790546898944
1515025790697676805
1515025792497033226
1515025792664686592
1515025794342420483
1515025794623590406
1515025795223273474
1515025795512782862
1515025797702205442
1515025797786083333
1515025799472164878
1515025799820509184
1515025799820169218
1515025800428404739
1515025800030203904
1515025801590280201
1515025801644847115
1515025802139643906
1515025802185912321
1515025802861109253
1515025804312211457
1515025804362670089
1515025805629403142
1515025805717524485
1515025805524492292
1515025806812196871
1515025806866755592
1515025806376017931
1515025808678690825
1515025808892755969
1515025811006496777
1515025811266543620
1515025813250494464
1515025813749391360
1515025813950844932
1515025815922253828
1515025817083994117
1515025817403015168
1515025817918930948
1515025818250059776
1515025818388475912
1515025820313538561
1515025820997373967
1515025822175961092
1515025822482157573
1515025822649880581
1515025822981238789
1515025823778185224
1515025824264642572
1515025824319086593
1515025825216843778
1515025827108462594
1515025827464892416
1515025827355926534
1515025827821457408
1515025828899340294
1515025828568236033
1515025829419528204
1515025829553709057
1515025830048673800
1515025836608733184
1515025838231588864
1515025838500155394
1515025839762587655
1515025840429486082
1515025840618315778
1515025842551902208
1515025843222896649
1515025843407437828
1515025843633930242
1515025845437362184
1515025846406418434
1515025846074892290
1515025847765422081
1515025848180649985
1515025850382848000
1515025850370080770
1515025851670495233
1515025852534333443
1515025852030877698
1515025853465382917
1515025853960310791
1515025854883151878
1515025855155957762
1515025855629742082
1515025856028360707
1515025857009655819
1515025857944821760
1515025858586624004
1515025858750263306
1515025860503482370
1515025860583378946
1515025861795360775
1515025862416023562
1515025863208845317
1515025863653343240
1515025864207048712
1515025864240635908
1515025864878014464
1515025865016549377
1515025866249670656
1515025866388090880
1515025866421829632
1515025868753625091
1515025871740227584
1515025871911985159
1515025872205451268
1515025872167743489
1515025872889253901
1515025872926883840
1515025873279365127
1515025873610674177
1515025873602232322
1515025873677783047
1515025874466263043
1515025874579513355
1515025874495721476
1515025875598815233
1515025877049888770
1515025877339312128
1515025876613996544
1515025878136377352
1515025878954221570
1515025879654612997
1515025882561265680
1515025882901098498
1515025883446546432
1515025885191020546
1515025888370331651
1515025888324501506
1515025890819952643
1515025891369259014
1515025891306450948
1515025891784634370
1515025891767709698
1515025891143069696
1515025893437157377
1515025895232348161
1515025895408513024
1515025896117317638
1515025897245614088
1515025898940121091
1515025899179098118
1515025899921489921
1515025899586043918
1515025900190015495
1515025901226012676
1515025901301506053
1515025901905489922
1515025903071506433
1515025903683842048
1515025904128376832
1515025903503486987
1515025904560451596
1515025905105584128
1515025905806188547
1515025909241335813
1515025909459390466
1515025909820141572
1515025909941772298
1515025911023869964
1515025911585849352
1515025911531376653
1515025913343361028
1515025913271885825
1515025913662119946
1515025913569759240
1515025913464844289
1515025914219933707
1515025914228314121
1515025914329022464
1515025915918618624
1515025916174417923
1515025916291780608
1515025916228943877
1515025916996558854
1515025917332045834
1515025917814390792
1515025917885747213
1515025917881507849
1515025918221115392
1515025918611361795
1515025918221238273
1515025919617949698
1515025919752249359
1515025921266307073
1515025921266364423
1515025922373603332
1515025923166425098
1515025924143656962
1515025927046156301
1515025927822000134
1515025928123871233
1515025929155792898
1515025929818734597
1515025930724466692
1515025931206901765
1515025932129484800
1515025933031272448
1515025933958512643
1515025934683881477
1515025934444814342
1515025936466550787
1515025937213108231
1515025937338929152
1515025938169450498
1515025938878279681
1515025939834544131
1515025940212236288
1515025941063421952
1515025941767983104
1515025942766407680
1515025943001288709
1515025943403929601
1515025943626240001
1515025944544784393
1515025944607707148
1515025945668718593
1515025946180722689
1515025946566352900
1515025948097368078
1515025947501940737
1515025948508581888
1515025949506555905
1515025951507238912
1515025954523029511
1515025956490170372
1515025957979049984
1515025959170289673
1515025961045172235
1515025961183371264
1515025962018439168
1515025963339321345
1515025965478559745
1515025965810089985
1515025965847613441
1515025965474324482
1515025966044655617
1515025966942281733
1515025967386923013
1515025967823335429
1515025969140097030
1515025970130006021
1515025970503327750
1515025971329798145
1515025972449394692
1515025972877221888
1515025972965351426
1515025973229535232
1515025974550679553
1515025976215937026
1515025976748654594
1515025976995901443
1515025977054830594
1515025977289711617
1515025978116145152
1515025979458084867
1515025979877568514
1515025980452216836
1515025981723058177
1515025984310767616
1515025985158238215
1515025985418440705
1515025986554716166
1515025988668715012
1515025989650329601
1515025991466459145
1515025991650799618
1515025991848054786
1515025992087052293
1515025993383165957
1515025994633076746
1515025995299889153
1515025995224518656
1515025995383902217
1515025996088582148
1515025996151685120
1515025995853619205
1515025997049040915
1515026000265981954
1515026000270487552
1515026002522607624
1515026003378139139
1515026003323764746
1515026004795875338
1515026005425270784
1515026007702482949
1515026007907962880
1515026008092684299
1515026008415641623
1515026009430671370
1515026010231783433
1515026011410337794
1515026012098240514
1515026012366868481
1515026013213929478
1515026013775966216
1515026015764029448
1515026018528112648
1515026020457488386
1515026021329903623
1515026021803859975
1515026022101655564
1515026022420385803
1515026022428729358
1515026022760128525
1515026023317835778
1515026024018313217
1515026023905173511
1515026026685997062
1515026027885789184
1515026029055643648
1515026031278764037
1515026031308152834
1515026032172183559
1515026033120104457
1515026035561095173
1515026036907548682
1515026038098694144
1515026039688282120
1515026040393015305
1515026041005391880
1515026042024599560
1515026042859110403
1515026043123417094
1515026043412828162
1515026043970932740
1515026045480624131
1515026046814412807
1515026047166783492
1515026047745634304
1515026048618053633
1515026050178244618
1515026051482615809
1515026052028203008
1515026052145364996
1515026052799942657
1515026054775296005
1515026056473985032
1515026056943710210
1515026058634006531
1515026060278173705
1515026061163393026
1515026060865327110
1515026061846790149
1515026061288910849
1515026062438109187
1515026062232727557
1515026062689935362
1515026064703213574
1515026064820604937
1515026067303641095
1515026069417603074
1515026070910685188
1515026070994628624
1515026072051777540
1515026072395730944
1515026075046318083
1515026075386007559
1515026075654533123
1515026075683893251
1515026078334660621
1515026080012328963
1515026080670920709
1515026081216176134
1515026081677406208
1515026082214285316
1515026083581763589
1515026085456531456
1515026089260724226
1515026090787540997
1515026091022372869
1515026093249601537
1515026094839242752
1515026095384719362
1515026095414087680
1515026096361816071
1515026096256954378
1515026096198242316
1515026098060464133
1515026099675312137
1515026099918581771
1515026100698689546
1515026101717897224
1515026101797486594
1515026101894062093
1515026102057639954
1515026104712667138
1515026104825913351
1515026106491219969
1515026107434774528
1515026108202340355
1515026108604989443
1515026108793511939
1515026109905186818
1515026109896839178
1515026110324563976
1515026111708729347
1515026111675383809
1515026112199409672
1515026113277399040
1515026114560905218
1515026114988679175
1515026115575885826
1515026117090025480
1515026117673033735
1515026120713940995
1515026120835579917
1515026121670156292
1515026121259163654
1515026122379268097
1515026124161822721
1515026125898096644
1515026126787289091
1515026126711705606
1515026127995252742
1515026128066396162
1515026128167129088
1515026129370771457
1515026129362599944
1515026129559633931
1515026129748480000
1515026130008477700
1515026130423721995
1515026130700484615
1515026131119915013
1515026131119972359
1515026131413610509
1515026131480633353
1515026132357234690
1515026133187764230
1515026133179379712
1515026134072807424
1515026134458634246
1515026135893086211
1515026136119619585
1515026137226883079
1515026137365323776
1515026137583435788
1515026137147092992
1515026136824422400
1515026138426449926
1515026138568921089
1515026138841911297
1515026140745797633
1515026141479944195
1515026141869862915
1515026142155374592
1515026142163525641
1515026143132405773
1515026143598026761
1515026144172679172
1515026144915075076
1515026145456140295
1515026146617966598
1515026145926090752
1515026147754528785
1515026148048220165
1515026148475871232
1515026148861820944
1515026149696589833
1515026151579824138
1515026152519307266
1515026150963228678
1515026153777598466
1515026156432596997
1515026159448334336
1515026159624679424
1515026160064901126
1515026160689848329
1515026161235017734
1515026163701272587
1515026163990638592
1515026164166844428
1515026164460441601
1515026164636606470
1515026165374898177
1515026165169369088
1515026165664292865
1515026166863867938
1515026167123828738
1515026167925026824
1515026168164274176
1515026170026340359
1515026170311495687
1515026170386923520
1515026171314024449
1515026171448147976
1515026172371152896
1515026172438102018
1515026174631723019
1515026175953096706
1515026177202831360
1515026177991364608
1515026178821791748
1515026179652300803
1515026181988487168
1515026181917224967
1515026182298869760
1515026182441512966
1515026182735122436
1515026182789554185
1515026183192207362
1515026183460696073
1515026185201360904
1515026185754927104
1515026188103790592
1515026189588520962
1515026190779629570
1515026190909812750
1515026192327671808
1515026192520429570
1515026192772079621
1515026194886017026
1515026196282904576
1515026197213810704
1515026197830602752
1515026197733806082
1515026197952237568
1515026199042478086
1515026198769848332
1515026199784820737
1515026201508782083
1515026201014071296
1515026202687422464
1515026203601780743
1515026204876853248
1515026206873341952
1515026207083008005
1515026207254798337
1515026208123092993
1515026208014192656
1515026209750532104
1515026210258104327
1515026210702643209
1515026210866216960
1515026211138904073
1515026212317540354
1515026212489420803
1515026214024589316
1515026215786139654
1515026216687910919
1515026217136803860
1515026217296187395
1515026217849831432
1515026217912705035
1515026218584018944
1515026218764357636
1515026219955224578
1515026219955335172
1515026220785745921
1515026221922492424
1515026222723616775
1515026223130415106
1515026224103448583
1515026224308842496
1515026225009471488
1515026225026281473
1515026225613479942
1515026226091634691
1515026227127468034
1515026227748544513
1515026228159586305
1515026229027831808
1515026229665148938
1515026229501562887
1515026231141572615
1515026232894963712
1515026234077548547
1515026234488639489
1515026236443086852
1515026237160271872
1515026237688848390
1515026238708064257
1515026239479848965
1515026240540979203
1515026240671031299
1515026240918351872
1515026241971232773
1515026242990493696
1515026243673939969
1515026244890357761
1515026244827557891
1515026246782095361
1515026248401317897
1515026249403572225
1515026249646759940
1515026249428656139
1515026250200338433
1515026250330517510
1515026250523451397
1515026251136008192
1515026251358089217
1515026251135668225
1515026253182611458
1515026253606113280
1515026256638664707
1515026256936456203
1515026257045606407
1515026257985085446
1515026258316468232
1515026259566219264
1515026259427971073
1515026261537484802
1515026262825345024
1515026263542575110
1515026263945195532
1515026266243710976
1515026266256297990
1515026266973474820
1515026267409727495
1515026268118523913
1515026267879448583
1515026268164706314
1515026270324670466
1515026270379249672
1515026272992342026
1515026273193676808
1515026273667624961
1515026274581897216
1515026275806629892
1515026276251222023
1515026275727036420
1515026278155681800
1515026279057313797
1515026281678655495
1515026282291113986
1515026283217965061
1515026283343736833
1515026283968835590
1515026285264785411
1515026286149877766
1515026287781314561
1515026287961780230
1515026288045858818
1515026291388747778
1515026291338235907
1515026291535273988
1515026291854315520
1515026292391002120
1515026293103992836
1515026293804322818
1515026295020609536
1515026296144863239
1515026296539164680
1515026296803414023
1515026298208460800
1515026298283991041
1515026299068518400
1515026299517300737
1515026299248685060
1515026299005603842
1515026300108484622
1515026301073207297
1515026301505224710
1515026303459729410
1515026303438708737
1515026305426800647
1515026305707917317
1515026306206867457
1515026306982981636
1515026308429922305
1515026309071753218
1515026308878712846
1515026314033606665
1515026317271568388
1515026321054732290
1515026320178221056
1515026321856155652
1515026324544442369
1515026325710557189
1515026330143936517
1515026332245237763
1515026333222457345
1515026334170427394
1515026334640132113
1515026335726399490
1515026335990693903
1515026336628228104
1515026336779223043
1515026340029870089
1515026340734509063
1515026340658876423
1515026341283909636
1515026341711675392
1515026341619539968
1515026344974815233
1515026345373356034
1515026345532792834
1515026346346524684
1515026347663368194
1515026349743906823
1515026350125432832
1515026350905643015
1515026351316946946
1515026352432422914
1515026352574922753
1515026352692510724
1515026353980325890
1515026354521227265
1515026354974203909
1515026356488351749
1515026358031863819
1515026358354644992
1515026359000748034
1515026361257279488
1515026362200952836
1515026363174080522
1515026364629454856
1515026364939837441
1515026366055555081
1515026367540346888
1515026367913603074
1515026368299479042
1515026368471474180
1515026368538501120
1515026369935474689
1515026371562688528
1515026373168955393
1515026373374406657
1515026373525803008
1515026374012112905
1515026376281104384
1515026376327278592
1515026377707118595
1515026378797850624
1515026381566062592
1515026382094585861
1515026383881351182
1515026385580011530
1515026389455544322
1515026392034938880
1515026392148291585
1515026392274022400
1515026392295292929
1515026392886427648
1515026392861265925
1515026393951875088
1515026394236993546
1515026394593611778
1515026394702495746
1515026394765537285
1515026395000414211
1515026396401528833
1515026396346830862
1515026399228313603
1515026399345922048
1515026399437893634
1515026399911809024
1515026400465596418
1515026400918519810
1515026401061228546
1515026400902021120
1515026402541817864
1515026404785725450
1515026406685687814
1515026407239434244
1515026411077181444
1515026411312103433
1515026413132595202
1515026412876734465
1515026414323515395
1515026414730620933
1515026416466726912
1515026416462667784
1515026417058201601
1515026420426326021
1515026421667840001
1515026421789474820
1515026421801963523
1515026421965594631
1515026424268263425
1515026424452861956
1515026424264024064
1515026426042490880
1515026427338530828
1515026428294795266
1515026428856868868
1515026429972557825
1515026431658582019
1515026432036065280
1515026432430419968
1515026432992636928
1515026433412046853
1515026433546293250
1515026433562886154
1515026433864704005
1515026435555135493
1515026436817571840
1515026437254029312
1515026440533823498
1515026441406238721
1515026442089816073
1515026443000066052
1515026444065386500
1515026444803522562
1515026444954525701
1515026447399796738
1515026448645505028
1515026448599314435
1515026448892968963
1515026449039773708
1515026449463484420
1515026449517981700
1515026449853464577
1515026450600153096
1515026451170533378
1515026451795517457
1515026453322244102
1515026453867421716
1515026454421024774
1515026454467256341
1515026455159193601
1515026454932856835
1515026456199536653
1515026456056934421
1515026460062490627
1515026461400444929
1515026463619170306
1515026465624313857
1515026466442027010
1515026467071139850
1515026468442624000
1515026469856157697
1515026470342696973
1515026470250369030
1515026469625696256
1515026471835901954
1515026472037392384
1515026474432184329
1515026475338055687
1515026475933925377
1515026475883581440
1515026476491493380
1515026477871517698
1515026478311907338
1515026478391517202
1515026478466928640
1515026479679262730
1515026479842828292
1515026480111226898
1515026481835036677
1515026483101716489
1515026483575758854
1515026483718373381
1515026484955598848
1515026487438577666
1515026487325638656
1515026489422536709
1515026490278227970
1515026490534121490
1515026491817566208
1515026492408799232
1515026496447995909
1515026498167746574
1515026504341676036
1515026505600012290
1515026505625227266
1515026506535387142
1515026506753454087
1515026506632003588
1515026509970477059
1515026510276616194
1515026514068258827
1515026514840268800
1515026516241174530
1515026516467658752
1515026517364936704
1515026517524422657
1515026517750960131
1515026519143374852
1515026519181123592
1515026518220886017
1515026520582070274
1515026520825221120
1515026521441935363
1515026521051656192
1515026522217717765
1515026523291594757
1515026523408982018
1515026523543293960
1515026524226863112
1515026525866934272
1515026526974185478
1515026527246864391
1515026529377525765
1515026529926975488
1515026530119917575
1515026530719649798
1515026531386548234
1515026531722178562
1515026532393119747
1515026533001601026
1515026533081128965
1515026533513105416
1515026532284125185
1515026534553247757
1515026534851125248
1515026535060750342
1515026535538962434
1515026535593521160
1515026536101027848
1515026536906305542
1515026537166381063
1515026537636298753
1515026539032813579
1515026539267694596
1515026538986893314
1515026540257583116
1515026540202975245
1515026540513284096
1515026541398351874
1515026541863964675
1515026543503978497
1515026544162643968
1515026545022226434
1515026545848504329
1515026547341774859
1515026547408781315
1515026548406976515
1515026549539753984
1515026550965555201
1515026551120744449
1515026552408453126
1515026551301361664
1515026552450285570
1515026551838068743
1515026553624834049
1515026554253979650
1515026554514022408
1515026556422295552
1515026557756223488
1515026561677893635
1515026561728229387
1515026562181124098
1515026563011694593
1515026563418492939
1515026566513840128
1515026566643867655
1515026567193366537
1515026568044847112
1515026568057286657
1515026568090951695
1515026568434774016
1515026570351624193
1515026570171269125
1515026570876010507
1515026570427002884
1515026570766741509
1515026571249262597
1515026571207270406
1515026571513540612
1515026571689668608
1515026571748421638
1515026572088012803
1515026572834742277
1515026573350604803
1515026573694431238
1515026576601198594
1515026577775550469
1515026577742077955
1515026577838559236
1515026578052370434
1515026578018906113
1515026578190839813
1515026578614501380
1515026579055067136
1515026579004354560
1515026578895478795
1515026579566604292
1515026581151838209
1515026581680500740
1515026581986889730
1515026580774526979
1515026582112514050
1515026582787792901
1515026585224626181
1515026585228828675
1515026586306760708
1515026587388837892
1515026587615379464
1515026587695165449
1515026589045731329
1515026588995407884
1515026589830066179
1515026590492553218
1515026590886989826
1515026592145281036
1515026591591579654
1515026592938004496
1515026594452189187
1515026595504812034
1515026598059298827
1515026598222835716
1515026599372066817
1515026599032328208
1515026599220953090
1515026600521531392
1515026600357732359
1515026602157031426
1515026602018881536
1515026603692199939
1515026604447178753
1515026604699025410
1515026606015746053
1515026606724718598
1515026606468837378
1515026608263999498
1515026609140649988
1515026610013241345
1515026610684141572
1515026611049046030
1515026611774578690
1515026612609163265
1515026613594779648
1515026615130103810
1515026615910207495
1515026616132546569
1515026616858120200
1515026616904204291
1515026617651073024
1515026617810264068
1515026618221305857
1515026618481262604
1515026618825256962
1515026619244879873
1515026618972270592
1515026619802476546
1515026622390448129
1515026623057530880
1515026624802136070
1515026625179521024
1515026625959706626
1515026626387587073
1515026626802851840
1515026626987585536
1515026627490717706
1515026627280859145
1515026628681764866
1515026629289984006
1515026629826916360
1515026628891619333
1515026631471280128
1515026632414797830
1515026632616169477
1515026633065136129
1515026633421475840
1515026633727651853
1515026632574218249
1515026634503561218
1515026634881081344
1515026635631718401
1515026635594022912
1515026636043067395
1515026636361543682
1515026636756099075
1515026637892554752
1515026638001561611
1515026639599681543
1515026639394009091
1515026639511506946
1515026640719552515
1515026641541427200
1515026642611044353
1515026644465029120
1515026644905439240
1515026645261844481
1515026645618503686
1515026644934832132
1515026645740097543
1515026645194731522
1515026646620946438
1515026647195529220
1515026645261996034
1515026647858421761
1515026647958929412
1515026648885780484
1515026648932171780
1515026650852999178
1515026651284975618
1515026652690006022
1515026653411520516
1515026654317457416
1515026655990923264
1515026656188157960
1515026659350622213
1515026659849560066
1515026660126564355
1515026661032734721
1515026662647341056
1515026663180017671
1515026663859441670
1515026664312422400
1515026664387977220
1515026667776843776
1515026667340771329
1515026668414541828
1515026668494151682
1515026668221796352
1515026669656059909
1515026670343884811
1515026670163570689
1515026672822755337
1515026673699225600
1515026674773262337
1515026675758780422
1515026676056535041
1515026675934842880
1515026676320813079
1515026676786282496
1515026677079945223
1515026677121830919
1515026678514610176
1515026679416111104
1515026679651094530
1515026680431226881
1515026680422805508
1515026680481398785
1515026680976445440
1515026683157434374
1515026683966992390
1515026683962830853
1515026684843421698
1515026685850181641
1515026686122860557
1515026686722588674
1515026687993401345
1515026688391929860
1515026688597536772
1515026689256005639
1515026688807440386
1515026690069524482
1515026690627440648
1515026692536152067
1515026692519120905
1515026693269778436
1515026694477864965
1515026695006433280
1515026695211868160
1515026695375441931
1515026695492804612
1515026695539068928
1515026696109379588
1515026697061650433
1515026698353446915
1515026698672168960
1515026699515215876
1515026699876192258
1515026700991672329
1515026701289660417
1515026701880803337
1515026703709577226
1515026704259026947
1515026706121297936
1515026706318381057
1515026707505618946
1515026708755357703
1515026707631472643
1515026709267062784
1515026709967425548
1515026711662010369
1515026712748343299
1515026712785997837
1515026713683677190
1515026714375639040
1515026713469919232
1515026715059363843
1515026716607107091
1515026716456017922
1515026717227864070
1515026716095557632
1515026718301556745
1515026720407302144
1515026720356663297
1515026720851648524
1515026722068090894
1515026722109992962
1515026722214797315
1515026722869153802
1515026723615690759
1515026723779145728
1515026723712249857
1515026724219727873
1515026723670310914
1515026726186795015
1515026726459486212
1515026727382097921
1515026727537364996
1515026727910756352
1515026729047191558
1515026729257299970
1515026729777180675
1515026730511126528
1515026730544766987
1515026731232632836
1515026731396182021
1515026731853299724
1515026732767657986
1515026732973281294
1515026734693105667
1515026734915067905
1515026736253181956
1515026736118968324
1515026738014740481
1515026738320977928
1515026739856125957
1515026739067756544
1515026740321693709
1515026740099309568
1515026741303156743
1515026741634420750
1515026744587300873
1515026744725721092
1515026745010929682
1515026746357207042
1515026747527671808
1515026748575997952
1515026748739506176
1515026750589517824
1515026750983618561
1515026751390457860
1515026753311412233
1515026755031031811
1515026757400809475
1515026757929381894
1515026758642417665
1515026758797565952
1515026759821013004
1515026759984447492
1515026761838657542
1515026762778177541
1515026762811559945
1515026764493377541
1515026765290246147
1515026765651091456
1515026767072931845
1515026767878230019
1515026767953731589
1515026767916027904
1515026767890862083
1515026768608088066
1515026768469667844
1515026769799426049
1515026770180947978
1515026770214494213
1515026770856140805
1515026772051603460
1515026771997229057
1515026773381193731
1515026773897277440
1515026774031323154
1515026774547173383
1515026775943917574
1515026776480616448
1515026777567301632
1515026780461182976
1515026781786492939
1515026782667546624
1515026782835126281
1515026784819064836
1515026784974213123
1515026785276076032
1515026785632763906
1515026786085605381
1515026786186416131
1515026787780431872
1515026791718608897
1515026791940956165
1515026792519651329
1515026793161392131
1515026794616926213
1515026796906901507
1515026798505074696
1515026798727385090
1515026798773473281
1515026798920224776
1515026799843229697
1515026800128180226
1515026800035827712
1515026800795353089
1515026801147457549
1515026801214562306
1515026802137354248
1515026804423200768
1515026804465025024
1515026804838436865
1515026806633545734
1515026808072069120
1515026809037148160
1515026811062820867
1515026811960414218
1515026812161572864
1515026814577655815
1515026816767074322
1515026817341665290
1515026817920479233
1515026817652240384
1515026818838978561
1515026819552096258
1515026820252508167
1515026820759896065
1515026821867356164
1515026822089617415
1515026822232162307
1515026822743965699
1515026823012364291
1515026824862081030
1515026830302060547
1515026829874147329
1515026831929667587
1515026832495714310
1515026834471239681
1515026835918176263
1515026836186673155
1515026836656431111
1515026837449101314
1515026837306753025
1515026838971629572
1515026839059767296
1515026839256846339
1515026840187985924
1515026841551183881
1515026841727295492
1515026841840537601
1515026842893312006
1515026843132657665
1515026844487397377
1515026844977881104
1515026845372137475
1515026847280648193
1515026849595752448
1515026849985871878
1515026850657013767
1515026850879320075
1515026851189727242
1515026852016009221
1515026852125245440
1515026852670160897
1515026852951302149
1515026854155018242
1515026856067493888
1515026856298397697
1515026856382275594
1515026859297153025
1515026862107336706
1515026862371753984
1515026863760240642
1515026863969738758
1515026864858882053
1515026866264068098
1515026866356166657
1515026866654089217
1515026867891355651
1515026869359366159
1515026870416326659
1515026870848593920
1515026875537670148
1515026878461001743
1515026879153152001
1515026880122003460
1515026880163950592
1515026880189317120
1515026880289984514
1515026881015394305
1515026881103675395
1515026884937101316
1515026886522736640
1515026891559763971
1515026892595814405
1515026892709052424
1515026893690445832
1515026894873571334
1515026895582212106
1515026896593031173
1515026897637367809
1515026897864118272
1515026899323568136
1515026902519619596
1515026902616002569
1515026902712721410
1515026902821519365
1515026903723302913
1515026904587415557
1515026904956428294
1515026906307080194
1515026906579709963
1515026907078672384
1515026907280166919
1515026907510812685
1515026911386533888
1515026911743066115
1515026911684173831
1515026912309092356
1515026913936478209
1515026913928134665
1515026914288750595
1515026914142228483
1515026914695557120
1515026914829914116
1515026915018559492
1515026916373319687
1515026918139121664
1515026919028187137
1515026920118837256
1515026921729449987
1515026922224463872
1515026922752950280
1515026923440771078
1515026923646291970
1515026924384317441
1515026923516473346
1515026925227745280
1515026925626007554
1515026926980763663
1515026927501066245
1515026928197115905
1515026929182814209
1515026929358880780
1515026929870680068
1515026930000666629
1515026930373963779
1515026931569278978
1515026931866955779
1515026932294832131
1515026932357865480
1515026933037375490
1515026934085812224
1515026935075807237
1515026935239548928
1515026935407321088
1515026935809642496
1515026936027832323
1515026936396926976
1515026937747492864
1515026938783543305
1515026939001520128
1515026938871566336
1515026939240587264
1515026940150833160
1515026940436045838
1515026942654881799
1515026943967694856
1515026944554946562
1515026947058946049
1515026947297800194
1515026947943936002
1515026949034455047
1515026950049386506
1515026950586253319
1515026950783385610
1515026951588630530
1515026951743807489
1515026952020795393
1515026952545054723
1515026951957729281
1515026953106956288
1515026952981200901
1515026953916784648
1515026954046615554
1515026954663178244
1515026954751295493
1515026955455778823
1515026955934269442
1515026955745308674
1515026956785438723
1515026957414641670
1515026957532073986
1515026958215745536
1515026958484131844
1515026958769295361
1515026958773624833
1515026959683760134
1515026959767539714
1515026960665112576
1515026962514731011
1515026964284952576
1515026965392199684
1515026963970281473
1515026965983604749
1515026967103361029
1515026967438966791
1515026968022073349
1515026969481695238
1515026970542632963
1515026971931119619
1515026975026515968
1515026974980386816
1515026976649932801
1515026976859381768
1515026976863625221
1515026977140482063
1515026977001918464
1515026977346195457
1515026977484333060
1515026978872639491
1515026980047142918
1515026980168736769
1515026980546420736
1515026983679401985
1515026984413278212
1515026984975360013
1515026986711715841
1515026989886816256
1515026991526916096
1515026993468878849
1515026993930194946
1515026994962042881
1515026995981299726
1515026996535111684
1515026997101137925
1515026997323481092
1515026996899692545
1515026998271389699
1515027000326602759
1515027000796213248
1515027002700582925
1515027002834792449
1515027006135717894
1515027006865387523
1515027008115425286
1515027009524707334
1515027009621086208
1515027009973506051
1515027009801445379
1515027010745208839
1515027011932241929
1515027011924037632
1515027013458931718
1515027015375769604
1515027015593771013
1515027017569341443
1515027017925902350
1515027017816813570
1515027018693459969
1515027017720283139
1515027019431563268
1515027020224372742
1515027022707404808
1515027022753452037
1515027023798095877
1515027024062070785
1515027023508426756
1515027024276033545
1515027024313786378
1515027025316106243
1515027026188681220
1515027027627233284
1515027030605193220
1515027034019287041
1515027034900160514
1515027035449700365
1515027035500032000
1515027034837237764
1515027037957898245
1515027038020993031
1515027038716850178
1515027039056760836
1515027039035662336
1515027040008908811
1515027040604508168
1515027041116168200
1515027041485209605
1515027042105966597
1515027042416623619
1515027041929904128
1515027042592563205
1515027042466611200
1515027043821490180
1515027044035436547
1515027045901762561
1515027046879141890
1515027047353135107
1515027050318360582
1515027051073445893
1515027052226830342
1515027053694889987
1515027053845823491
1515027054924021761
1515027055787790341
1515027056085684235
1515027056685469701
1515027056144363520
1515027057494872067
1515027058723893254
1515027059084570625
1515027059336261632
1515027059688587272
1515027062528126984
1515027063010435082
1515027062960103426
1515027066936336388
1515027068248989730
1515027069666836482
1515027070149173257
1515027071021588484
1515027071055142912
1515027071793348609
1515027072841773059
1515027073978576896
1515027074301538304
1515027075127775241
1515027075219996685
1515027075538817031
1515027075622703113
1515027076247703556
1515027076155424769
1515027078193758209
1515027079754141698
1515027079448133633
1515027080215412747
1515027080358297604
1515027081050140672
1515027080417021952
1515027081666740226
1515027082178404357
1515027083872907269
1515027085789642753
1515027086460821507
1515027088285208581
1515027088788578305
1515027089577156608
1515027089766121472
1515027091720392719
1515027092643229700
1515027092840202244
1515027094400512000
1515027094354673666
1515027095528873986
1515027095688126464
1515027097101774862
1515027098297057282
1515027098569748484
1515027099656011778
1515027100360753152
1515027102751506432
1515027104232251393
1515027104336912387
1515027106706731014
1515027107054854152
1515027107751018501
1515027108514484230
1515027109559037953
1515027114642264068
1515027116278136836
1515027116634431488
1515027117058269185
1515027118803013632
1515027122691186695
1515027122972393475
1515027123198730240
1515027124595396614
1515027125417480194
1515027128282087428
1515027128445997057
1515027128986836994
1515027130777837569
1515027131088089089
1515027132027596802
1515027134582075393
1515027135483846656
1515027135555117061
1515027135794192389
1515027135555162117
1515027136502976517
1515027136662409225
1515027137556021248
1515027137958490128
1515027138562375685
1515027138600181768
1515027139220803587
1515027139699032065
1515027140315693065
1515027140764483588
1515027141603348480
1515027143046176773
1515027143524245508
1515027144015061003
1515027144971218944
1515027146745745409
1515027147970289671
1515027149236887553
1515027152395128834
1515027152495861764
1515027152462176260
1515027152697270285
1515027153318191104
1515027155427672075
1515027155670994953
1515027155847196677
1515027157818515459
1515027159542382600
1515027159743488003
1515027161010343939
1515027162423771137
1515027163321405450
1515027164244197385
1515027164240166914
1515027164298506241
1515027165389201413
1515027165791895552
1515027167117287427
1515027167968694281
1515027168207773702
1515027170674028550
1515027170669830145
1515027169788973066
