1566787002862669824
1566787005094273031
1566787006318919680
1566787006637932544
1566787007275274240
1566787009988927491
1566787010370670594
1566787010291007488
1566787011964391424
1566787013600329729
1566787013788975106
1566787014401433601
1566787014929879042
1566787016708485120
1566787016620183553
1566787018490798081
1566787018948222976
1566787019660861441
1566787020550184969
1566787021439369217
1566787021812944896
1566787023175700481
1566787023536398336
1566787026862628865
1566787029815345152
1566787028787798018
1566787030474006528
1566787030579056642
1566787030553870336
1566787032143233026
1566787032755703811
1566787032994775040
1566787034236469253
1566787037327495177
1566787038225080320
1566787040682954753
1566787041815572480
1566787042474102785
1566787043694346243
1566787044516536320
1566787045086855169
1566787045598674946
1566787047653777409
1566787048949911554
1566787050241757184
1566787051957141505
1566787052125003780
1566787052695441409
1566787053265747968
1566787053773328392
1566787054956171264
1566787055459647488
1566787056180813824
1566787056419962882
1566787056654696449
1566787056889724929
1566787057401208834
1566787060265996289
1566787061067223040
1566787061092319235
1566787061646086145
1566787065240760321
1566787068251996160
1566787068529098753
1566787068814151682
1566787070730702848
1566787070789619712
1566787071557210112
1566787071678615552
1566787072891174912
1566787073272680448
1566787073633181697
1566787074426109955
1566787079115542528
1566787079732105216
1566787081564815361
1566787082814722049
1566787082307207168
1566787085385834497
1566787085691912194
1566787085670838272
1566787085931089926
1566787086295908352
1566787088099540992
1566787089697497088
1566787090209460224
1566787090636873728
1566787091409027073
1566787091962667008
1566787092956446721
1566787093141065728
1566787093505916929
1566787093619163136
1566787093929525248
1566787096039374848
1566787097201381377
1566787098329456641
1566787099562594304
1566787099537326080
1566787100065792002
1566787100342566912
1566787100476858368
1566787101055750144
1566787102108418048
1566787105875177477
1566787106403454978
1566787106806140930
1566787109284974594
1566787109901348866
1566787110291603459
1566787109913915393
1566787111012941824
1566787111172427779
1566787112334229505
1566787114225876992
1566787114808786946
1566787115832197123
1566787116767465472
1566787116838838274
1566787117082202119
1566787118193844226
1566787118164283400
1566787118940278786
1566787118726365184
1566787118575271941
1566787120441835522
1566787120861270016
1566787123411550208
1566787123394609152
1566787124388560898
1566787125235810304
1566787126057807872
1566787125994987523
1566787126808571904
1566787128712994816
1566787133956063234
1566787135558094849
1566787139106652161
1566787139555164161
1566787139731431425
1566787139945242624
1566787140343717894
1566787141056999424
1566787142210265089
1566787142415704064
1566787143598575618
1566787145091584000
1566787145045803008
1566787144923897863
1566787145683304448
1566787145855127552
1566787146698063874
1566787148120223744
1566787147750952961
1566787149512540162
1566787151194640386
1566787150665875456
1566787154101080064
1566787154767921154
1566787155116040193
1566787156089217024
1566787157116833794
1566787157989199873
1566787158119272450
1566787158802927617
1566787159327121411
1566787159331422208
1566787160405155840
1566787161201975298
1566787162393264132
1566787162712186880
1566787164431679489
1566787164737880069
1566787165186658306
1566787169955598336
1566787170026897409
1566787170303496192
1566787171612229633
1566787172388278272
1566787172862005248
1566787173415882752
1566787174741204999
1566787175491940353
1566787176632930304
1566787178855792642
1566787179166068737
1566787180953227264
1566787182215499780
1566787179732520961
1566787182949703681
1566787185302327296
1566787186296512517
1566787186778812417
1566787188272005120
1566787188813139969
1566787191090839552
1566787192105889793
1566787193854640129
1566787194974621696
1566787195192606720
1566787195465531395
1566787195830259717
1566787199651151873
1566787199663734790
1566787200330743809
1566787200645484550
1566787203312730112
1566787203463892992
1566787204160053249
1566787205728800769
1566787205225390082
1566787205913272330
1566787207167463424
1566787207574298624
1566787207876460545
1566787209671360514
1566787209235398657
1566787211072344066
1566787212519301120
1566787213274267650
1566787213639270401
1566787214209597440
1566787214499090432
1566787216998912001
1566787217665712141
1566787218580062214
1566787220224311297
1566787221679534080
1566787222136918017
1566787222023639040
1566787224502427649
1566787227350360064
1566787228130390016
1566787228256403458
1566787229636349952
1566787230407921664
1566787231683166210
1566787231934816257
1566787233029541888
1566787234141016066
1566787236581978112
1566787236640997376
1566787237609881600
1566787238997934084
1566787239853674498
1566787241468362752
1566787241720020993
1566787242722529280
1566787243750064128
1566787244177891329
1566787245390155778
1566787245754896384
1566787248225501191
1566787248397615104
1566787248451878916
1566787249618001921
1566787250381328385
1566787252277366784
1566787252377645056
1566787252520472576
1566787253405290497
1566787253527003136
1566787253724397569
1566787255754178561
1566787256169295872
1566787258388058113
1566787259294253060
1566787260359507969
1566787262377250817
1566787262221717504
1566787264394444802
1566787264763805706
1566787265719844866
1566787266537836544
1566787267066200064
1566787267821068288
1566787269197004800
1566787269020684288
1566787271319203841
1566787271432577027
1566787273727025153
1566787274389561345
1566787276096475136
1566787276922933251
1566787277598199816
1566787277564825601
1566787278093123585
1566787278030217218
1566787280072855556
1566787279594565632
1566787280475488256
1566787280466939905
1566787281234665472
1566787283436584961
1566787283705102337
1566787284157997059
1566787285538033664
1566787285961428992
1566787286347689984
1566787286913662977
1566787289912512514
1566787292294955013
1566787292605317120
1566787293662388227
1566787293624549379
1566787294102577154
1566787294907990019
1566787295620919296
1566787295822446592
1566787297240293377
1566787297781096450
1566787298712240131
1566787299098107910
1566787300268335105
1566787301040324608
1566787301463805958
1566787302738857985
1566787303217180676
1566787304412282880
1566787305750384641
1566787307805499393
1566787307813982209
1566787307960664064
1566787310649311232
1566787310519296000
1566787310791938049
1566787312662487048
1566787315737010178
1566787316407992321
1566787318241021953
1566787319201406981
1566787319256043521
1566787321428852736
1566787321697017856
1566787322443698176
1566787322942734338
1566787323580276743
1566787323823636482
1566787327002902530
1566787327099568128
1566787329280430080
1566787329649528834
1566787330316328961
1566787330505347073
1566787331776036865
1566787334619758595
1566787334057721857
1566787335714398209
1566787336490438661
1566787338415607812
1566787338998390785
1566787339992543232
1566787340781109255
1566787340638756864
1566787341305319424
1566787342144196610
1566787341922041857
1566787342978932737
1566787343561916416
1566787345235468289
1566787345403224064
1566787345998909442
1566787346934243329
1566787347634610176
1566787347479666689
1566787349425504256
1566787353322070016
1566787353687035906
1566787355721154562
1566787355998027777
1566787356581306369
1566787356631306240
1566787358250385408
1566787359097495553
1566787359320035330
1566787358762373121
1566787360754384899
1566787361777795074
1566787363459649536
1566787363212328961
1566787363841495041
1566787363774365698
1566787366156656640
1566787366223749121
1566787369142976516
1566787371374239745
1566787372808822785
1566787373152837632
1566787374822064129
1566787376219062273
1566787377259216897
1566787378865672192
1566787378857103362
1566787378936795138
1566787379389669376
1566787380132327424
1566787385139949568
1566787385370755073
1566787385735651329
1566787386419191808
1566787387434606592
1566787387950342144
1566787389367926786
1566787391318261760
1566787390999474176
1566787392140369922
1566787393415307264
1566787395298938881
1566787396728913920
1566787397312020481
1566787398591074304
1566787399727960066
1566787399421673478
1566787400252231680
1566787400562532352
1566787400839450624
1566787403083386882
1566787403976773634
1566787405595566080
1566787406518435840
1566787406023561219
1566787406820360192
1566787408523571200
1566787409831944192
1566787410041753602
1566787410582974464
1566787412893786113
1566787412885442562
1566787413506043904
1566787413896138752
1566787413996969984
1566787414277996550
1566787414462537729
1566787415712604162
1566787416308203520
1566787416274386944
1566787418191175681
1566787418753318913
1566787420741201920
1566787421387235328
1566787423748636674
1566787423937380353
1566787424646320129
1566787424956870656
1566787426525257729
1566787426747564033
1566787431105429507
1566787432556756993
1566787432707772416
1566787432753897472
1566787433651388417
1566787433240436740
1566787434083393540
1566787435194945539
1566787435417292807
1566787437329846273
1566787438495895552
1566787439125057538
1566787439041032192
1566787439162712065
1566787440198696960
1566787442228740098
1566787442430066688
1566787442694582272
1566787443386368000
1566787440785756161
1566787443927531521
1566787446527901698
1566787446628548610
1566787447584739329
1566787449791033348
1566787450210484226
1566787450369867781
1566787451234156545
1566787451578105857
1566787451321868288
1566787452018118656
1566787452236439553
1566787452102221825
1566787453209436162
1566787454652149762
1566787455499776000
1566787455646318592
1566787455243755522
1566787456250351616
1566787457131384832
1566787457718358016
1566787457978454016
1566787460524277761
1566787460662951938
1566787460482441217
1566787461736456192
1566787464345268225
1566787466518052865
1566787467600068608
1566787469537837063
1566787469625925633
1566787469986889728
1566787471760842756
1566787472251834368
1566787472213811200
1566787475850280964
1566787477171761152
1566787477817331712
1566787478186500100
1566787484406759426
1566787486415818753
1566787487019696131
1566787487598809089
1566787487795761153
1566787489100070912
1566787489116848129
1566787489146277888
1566787490114965505
1566787490136064003
1566787490119286785
1566787491490848768
1566787491687964672
1566787491520163840
1566787494095376384
1566787494288523266
1566787496125800448
1566787497417482244
1566787497556058112
1566787498768044032
1566787501011996673
1566787501272039424
1566787502958153730
1566787503029616641
1566787502983233538
1566787506749808642
1566787507097845761
1566787507513167876
1566787507840327681
1566787508020690949
1566787508578488320
1566787509060878336
1566787510952509442
1566787511862558720
1566787511992590336
1566787513548668931
1566787515658293249
1566787516560076802
1566787516811907072
1566787517155663872
1566787517545938945
1566787519592759299
1566787519672332288
1566787519940902912
1566787520167399424
1566787520876142594
1566787521945767937
1566787521891164163
1566787523115945984
1566787523581394944
1566787523912892418
1566787524823064576
1566787526290964481
1566787526626623495
1566787527763103744
1566787527838732289
1566787529847627776
1566787530061742081
1566787531512975362
1566787535136649219
1566787536231583745
1566787536655208449
1566787536638328834
1566787537162616837
1566787540337790978
1566787541600292864
1566787541743042560
1566787543349268482
1566787544397889537
1566787545354178561
1566787546071416832
1566787546243371008
1566787546985775106
1566787548780847104
1566787548868911107
1566787546427707394
1566787549435404289
1566787550374727682
1566787550412509186
1566787550685016066
1566787550852825089
1566787551155093505
1566787551624859650
1566787552861986817
1566787553788919808
1566787554170482689
1566787557630754816
1566787557626634240
1566787559384125440
1566787560420130817
1566787561900584963
1566787562374660097
1566787562945003521
1566787563595104257
1566787564408918023
1566787564438175746
1566787564895289345
1566787565507686400
1566787565612634112
1566787567986814976
1566787571031724032
1566787571446849538
1566787571853713408
1566787572843651074
1566787572210302977
1566787572336136199
1566787573116473344
1566787573179195395
1566787573866979333
1566787574290698240
1566787575855153158
1566787577239199745
1566787578019422209
1566787580544565249
1566787580955205632
1566787581563772928
1566787582289231872
1566787583899836416
1566787586877792258
1566787587766902785
1566787588354195458
1566787589646028802
1566787592342978560
1566787592137297920
1566787593521487874
1566787593760563202
1566787593622024192
1566787593580445696
1566787594003927041
1566787593953759232
1566787594536755201
1566787596386181121
1566787596755374080
1566787596818284549
1566787597044748293
1566787597942276098
1566787599452098560
1566787600819834880
1566787601134039041
1566787601415442432
1566787601952030727
1566787603667599361
1566787604149829634
1566787604284071936
1566787604904804354
1566787606003720192
1566787606418964481
1566787607966752770
1566787608612569089
1566787610877562882
1566787612635021312
1566787612232552449
1566787613104959489
1566787613356433411
1566787614606331905
1566787614899847168
1566787615730601984
1566787616049369088
1566787617684963329
1566787617798119426
1566787617949192193
1566787620751003649
1566787624311947266
1566787625331081217
1566787628174921728
1566787628439306240
1566787628791468033
1566787628413857797
1566787629424807938
1566787629651070976
1566787629374476288
1566787630909587457
1566787632411168770
1566787633732374528
1566787633765761025
1566787634298777602
1566787636156588032
1566787636836331522
1566787637226180608
1566787638375448579
1566787638497103872
1566787639738605573
1566787640627810307
1566787640053350400
1566787640652857344
1566787643102449665
1566787642779471874
1566787643412664321
1566787643341508611
1566787643723112449
1566787645442760704
1566787645686091776
1566787645862477824
1566787647242117121
1566787648580161537
1566787650824327168
1566787651549556736
1566787653487443970
1566787654464770048
1566787654477389826
1566787655211388928
1566787656297627649
1566787656859586560
1566787656822013953
1566787657144975366
1566787657052704768
1566787658495434754
1566787658969481221
1566787660785532929
1566787662727577602
1566787665449652225
1566787665508327425
1566787667630637057
1566787669312643077
1566787670315081728
1566787670386302977
1566787670671560704
1566787671955066881
1566787674144657408
1566787674639310848
1566787676837236737
1566787677285924864
1566787677638254592
1566787677877321730
1566787683937968128
1566787684487598084
1566787685158617093
1566787685309894657
1566787685401903104
1566787685955637250
1566787686412816385
1566787686647693313
1566787686949482496
1566787687180144640
1566787688329629697
1566787691324260354
1566787692481978368
1566787692691537922
1566787693773717506
1566787694482534400
1566787695313096710
1566787696655220738
1566787697871843328
1566787697926180870
1566787699821920257
1566787699968704513
1566787700639907841
1566787704288952320
1566787706163699714
1566787710034989057
1566787710249205762
1566787712090341380
1566787713617268736
1566787713604505602
1566787715471122439
1566787716632776705
1566787716976676865
1566787717551333377
1566787719082164224
1566787723691626496
1566787723754602497
1566787724010553345
1566787724211671040
1566787724811673600
1566787725381971968
1566787725705056256
1566787726694879232
1566787727932026881
1566787730356436998
1566787731417665536
1566787731686039552
1566787732025888768
1566787733984624641
1566787734911459328
1566787735221846024
1566787735301636097
1566787734710018048
1566787735175606273
1566787735775494145
1566787737180594176
1566787737310617601
1566787739739201536
1566787740074655745
1566787741232160768
1566787741395914756
1566787741538549761
1566787742457122816
1566787742192771075
1566787743769776130
1566787744680099840
1566787746739339264
1566787747112558592
1566787747188178944
1566787747242995712
1566787747557376003
1566787747876159489
1566787748861706242
1566787748983459840
1566787749591621640
1566787750128685058
1566787750824939520
1566787752460443649
1566787753337311232
1566787755300069376
1566787755606040576
1566787757380337667
1566787757409767425
1566787758181548034
1566787760387760128
1566787761788551172
1566787763302797313
1566787763633995777
1566787764296863747
1566787765534162952
1566787765546762240
1566787765664186368
1566787764896649216
1566787765244776449
1566787768633671680
1566787768738611201
1566787771100004354
1566787771829784576
1566787772144357379
1566787770936434688
1566787774589575171
1566787775063818240
1566787776443711489
1566787779299889152
1566787779610263555
1566787780155686912
1566787783498285057
1566787787126456320
1566787788766593024
1566787790372851718
1566787790704107520
1566787791031136256
1566787791639527429
1566787792826515458
1566787793065594882
1566787793631715330
1566787798425911297
1566787800447451138
1566787800951037952
1566787801349328896
1566787801571524608
1566787802599231496
1566787803295490049
1566787804150960128
1566787805182922752
1566787804675600385
1566787805711319040
1566787805820452866
1566787806193946624
1566787807120596994
1566787807305240577
1566787807737131008
1566787807829716993
1566787808152485889
1566787809503059978
1566787809977024512
1566787810153025539
1566787813684744192
1566787814347374593
1566787815274323968
1566787816494755843
1566787817363193856
1566787817522561025
1566787818273222658
1566787818852347910
1566787819028131841
1566787818952790016
1566787820202913792
1566787822085935104
1566787822396350467
1566787824078049280
1566787824342470657
1566787824547921920
1566787827853049856
1566787827740065797
1566787828771655682
1566787829623148544
1566787830377959425
1566787831971942400
1566787833314041856
1566787833393999872
1566787835205918720
1566787835339874306
1566787835579047936
1566787836321439744
1566787837508329472
1566787837420347394
1566787838556999680
1566787838988918784
1566787839202922498
1566787840482197505
1566787841371389954
1566787841761361921
1566787842067628040
1566787842268958720
1566787844974182403
1566787846215720961
1566787846316621825
1566787848287682563
1566787849478889473
1566787849579630592
1566787849650831361
1566787850342993920
1566787850598850560
1566787851165081603
1566787851659841536
1566787853237063682
1566787853253836802
1566787854637961216
1566787855296389121
1566787856064028675
1566787856487661571
1566787857355792384
1566787857377038336
1566787858731397120
1566787858777706497
1566787859620810754
1566787861755572224
1566787862288375811
1566787864255422465
1566787865035636736
1566787867468304386
1566787867652661248
1566787868525473794
1566787869376651266
1566787870198620161
1566787870555344901
1566787870681096199
1566787871524245504
1566787871721365504
1566787872967249922
1566787873197723649
1566787875026370560
1566787875181658112
1566787876670537730
1566787876431400961
1566787878809747462
1566787880135139331
1566787880785264641
1566787880835506176
1566787882588803074
1566787883150843907
1566787884388073474
1566787885893910530
1566787887177166849
1566787887294980096
1566787887412256769
1566787887106080768
1566787886581551104
1566787888880164867
1566787889828020225
1566787890847399936
1566787892629864451
1566787892160208896
1566787893460631554
1566787894937006080
1566787896450990082
1566787897310777346
1566787897755418632
1566787897897934849
1566787898250301443
1566787898862600193
1566787898879676421
1566787902293659649
1566787903228989442
1566787904164208641
1566787904453677058
1566787904461975552
1566787905707823113
1566787906450046976
1566787907049996289
1566787908404658177
1566787908723515392
1566787911034568709
1566787911697272835
1566787912154468353
1566787912359895043
1566787912762593280
1566787912724652032
1566787916604506115
1566787917523013634
1566787917363773444
1566787917590106113
1566787920761159687
1566787920706830337
1566787921931390978
1566787922736697344
1566787924217462784
1566787928260501505
1566787928919281664
1566787929183330305
1566787931808874503
1566787933885140998
1566787937974509568
1566787938716995584
1566787939560194048
1566787941858525185
1566787942399574021
1566787943972458497
1566787944416935936
1566787944702410753
1566787947113881601
1566787947290058753
1566787947915100164
1566787948808470531
1566787950167396352
1566787950943555586
1566787951836762119
1566787953912856576
1566787953879293954
1566787951958183937
1566787954730729473
1566787955695427585
1566787956353941504
1566787956949532674
1566787957054668803
1566787957322915840
1566787956345655300
1566787958916751360
1566787960472829956
1566787961219317761
1566787961643225088
1566787962263769092
1566787963891195904
1566787964310396929
1566787965350821891
1566787965179019264
1566787966156083202
1566787966164410374
1566787969314598915
1566787969503186950
1566787972057497605
1566787973353447424
1566787975517655042
1566787975630962693
1566787976457293825
1566787977367670786
1566787977837256707
1566787978558668805
1566787979988852737
1566787980492247043
1566787980253093890
1566787980689301505
1566787981943246848
1566787982404849665
1566787982845263874
1566787983486902278
1566787984229384193
1566787983776354316
1566787984241971201
1566787984665595910
1566787984753627136
1566787985336856576
1566787986955481089
1566787987177742337
1566787987605700610
1566787987039432705
1566787987052105729
1566787988558065664
1566787988671156226
1566787989048549378
1566787989392576514
1566787989849653249
1566787990046777349
1566787990554279940
1566787990994690048
1566787991388819457
1566787992039014400
1566787990713933826
1566787992701833216
1566787993813151744
1566787994153000963
1566787994614480896
1566787994945671169
1566787995398991875
1566787995046670339
1566787995721777155
1566787997206454279
1566787997290356738
1566788000750632962
1566788001279008770
1566788002738831366
1566788003514781699
1566788003778834432
1566788004697489411
1566788006488440834
1566788007071723520
1566788007599955971
1566788008669757442
1566788009537798145
1566788012331376640
1566788014126338049
1566788015036538881
1566788015137214469
1566788014654750723
1566788015611170818
1566788017108537347
1566788018547019782
1566788021772599296
1566788021927587840
1566788022904971264
1566788024863563776
1566788024968568834
1566788025790746624
1566788027288100865
1566788028487680002
1566788029196402689
1566788029879951360
1566788030643716096
1566788031071358976
1566788032891564032
1566788033210224640
1566788034317918209
1566788036717072385
1566788039816679424
1566788041175351296
1566788041053708288
1566788041339011076
1566788041607356416
1566788042450403332
1566788044169961473
1566788044652429314
1566788045407457284
1566788045654970372
1566788046258900994
1566788046326202369
1566788046414123011
1566788047710130177
1566788048737947648
1566788050499391489
1566788052848099328
1566788054064439297
1566788055457046529
1566788057491460096
1566788057520644096
1566788060850913280
1566788062591557642
1566788064562876417
1566788064441241600
1566788066974597121
1566788067251437568
1566788070094999552
1566788070439108608
1566788070720012289
1566788074109304832
1566788076206276610
1566788076436967424
1566788077447778304
1566788078643171330
1566788078899019780
1566788079389908992
1566788081373614081
1566788082040717312
1566788086620557312
1566788087300198407
1566788087681847299
1566788087120039936
1566788087836983298
1566788089854341120
1566788090558959617
1566788092266221569
1566788093168197632
1566788093092438020
1566788094149419009
1566788096112283649
1566788096120991744
1566788097181974529
1566788097878228994
1566788099023183872
1566788100193660928
1566788100654673920
1566788100550021120
1566788101875417090
1566788101883805696
1566788100910637056
1566788102655315968
1566788103121018883
1566788103481827328
1566788103439802368
1566788105411219457
1566788110175854594
1566788109945241602
1566788111278940164
1566788113837576193
1566788114139746305
1566788114223226881
1566788117180325889
1566788118556147713
1566788120875515905
1566788121068539905
1566788121500549121
1566788121458622465
1566788122796609538
1566788121756598272
1566788124990226434
1566788125908688898
1566788126919606274
1566788131181166593
1566788131109720065
1566788131545759744
1566788130702852098
1566788131910721536
1566788134616154112
1566788135144398849
1566788134846824448
1566788137812099072
1566788138306965504
1566788138588143629
1566788137908682754
1566788139867222016
1566788140660056067
1566788140819439616
1566788141826056197
1566788142564134912
1566788144070025216
1566788144338542596
1566788144552464385
1566788145332600832
1566788146972561413
1566788148679659520
1566788148696342528
1566788149594017793
1566788150529343489
1566788150927802368
1566788152756420609
1566788152831795200
1566788153809244165
1566788155054891012
1566788155428294656
1566788156632043521
1566788155960860677
1566788156858724352
1566788157235945472
1566788157697409024
1566788158037012482
1566788158007787523
1566788158150381570
1566788158309670913
1566788161841364993
1566788161933639680
1566788162319290369
1566788163086991363
1566788164953456640
1566788167369375744
1566788168971685892
1566788169109995522
1566788169474916352
1566788170070405120
1566788171190325248
1566788171706286081
1566788172737961984
1566788173635948544
1566788173153312768
1566788175904886784
1566788176613703681
1566788177037512706
1566788177221849088
1566788175611064321
1566788178844983297
1566788179780419584
1566788179960766464
1566788180015284228
1566788181802065923
1566788181583794176
1566788183215439872
1566788185493061633
1566788187137220609
1566788186877083650
1566788188575768578
1566788189691543552
1566788191889276929
1566788192182878212
1566788192631767041
1566788193365753857
1566788197862019072
1566788198046613507
1566788198860193793
1566788199648722945
1566788200307519488
1566788200659550213
1566788201385234435
1566788201875906561
1566788201838432256
1566788202916155399
1566788203541106690
1566788204786618368
1566788205487300609
1566788205302644736
1566788205957074944
1566788205751533569
1566788207446032385
1566788208582688768
1566788209471852545
1566788209664729098
1566788215457169409
1566788217151578112
1566788217495502849
1566788217982132226
1566788218707648512
1566788219403997185
1566788219840126976
1566788221463314434
1566788221719248898
1566788225246560257
1566788226441961474
1566788228488863744
1566788228719550466
1566788229545738241
1566788229759733762
1566788229868752899
1566788230502047746
1566788231454138369
1566788232871821313
1566788233341505536
1566788234788708352
1566788235182985216
1566788235614887941
1566788236491468802
1566788237363920898
