1605533540686364674
1605533540908613632
1605533541210759171
1605533542217240576
1605533542422761474
1605533543207051264
1605533543026724864
1605533543731302400
1605533543806824449
1605533544016592896
1605533544947802113
1605533544977031172
1605533544842919937
1605533544691834881
1605533545774010368
1605533545937702913
1605533545182568450
1605533545530793990
1605533546130550787
1605533546734505989
1605533546562846722
1605533547648933889
1605533547686596609
1605533548559089664
1605533548684910592
1605533548865372166
1605533548651372545
1605533549439946752
1605533549616054272
1605533549704187904
1605533550257774593
1605533550681489410
1605533550727528449
1605533550954000385
1605533550429839362
1605533550744260615
1605533550731730946
1605533551813959682
1605533551860015106
1605533551843213315
1605533551247728643
1605533551402811392
1605533551813746689
1605533552564633608
1605533552887603201
1605533552925413377
1605533552912830464
1605533553248256004
1605533553004908548
1605533553671880705
1605533553143336961
1605533553940381698
1605533554003386372
1605533554191978497
1605533554460409856
1605533554477174785
1605533554976460801
1605533554984726528
1605533555047661569
1605533555156602886
1605533555035181056
1605533554867175424
1605533555962134528
1605533556020756481
1605533556041818113
1605533556129816580
1605533556368982019
1605533556448514050
1605533557140635649
1605533557304303616
1605533558029828101
1605533558474407939
1605533559011188736
1605533559153991681
1605533559443361794
1605533559971774465
1605533561339056130
1605533561066442754
1605533563016941569
1605533564031963139
1605533565151719425
1605533564501889025
1605533567424950272
1605533567571877889
1605533569631154176
1605533570293829633
1605533569300181000
1605533569199259651
1605533572563083267
1605533572760305665
1605533573117018112
1605533573351493632
1605533576035848192
1605533576790884352
1605533577717743616
1605533578208497665
1605533579521425408
1605533580675141632
1605533582897840132
1605533587272515586
1605533589600276481
1605533590418165760
1605533591080816640
1605533591127166977
1605533591458512896
1605533591789637635
1605533591944908801
1605533593517834241
1605533593815592960
1605533594780213248
1605533597732966401
1605533598173503491
1605533598638956544
1605533603194093569
1605533604003696641
1605533604829954049
1605533605559762945
1605533605827969027
1605533607057317888
1605533607413645317
1605533607472381952
1605533608315424770
1605533608604667906
1605533608847867905
1605533609690923008
1605533610743721986
1605533610936877056
1605533611381456897
1605533612484399106
1605533612551520256
1605533614208327680
1605533616532078593
1605533616984887296
1605533619014889474
1605533620285763585
1605533620533198849
1605533621812547588
1605533623104393216
1605533623716716545
1605533623993729025
1605533624404623361
1605533624094203907
1605533625323339776
1605533625935482881
1605533627374530567
1605533628624097280
1605533628678766592
1605533631786754048
1605533632839680001
1605533634865160192
1605533634819067906
1605533635372716033
1605533635498606592
1605533635653894145
1605533635826024448
1605533636106653696
1605533634781380608
1605533636258062336
1605533638464081928
1605533638057250819
1605533639294451714
1605533640422735876
1605533641613799425
1605533642515615744
1605533643778035713
1605533644415606784
1605533644591882240
1605533646193950724
1605533646642769920
1605533647494578176
1605533649515843584
1605533649985622018
1605533651747229697
1605533653186056194
1605533654830223366
1605533655668924416
1605533656604626945
1605533656331653120
1605533658529554434
1605533660102418434
1605533662040100865
1605533662887436291
1605533664862838784
1605533665366360064
1605533665873694720
1605533667035594752
1605533668746960896
1605533670063775745
1605533669988376576
1605533670248304640
1605533670693019648
1605533675483168769
1605533675793174528
1605533676506296320
1605533678473355264
1605533679748411392
1605533680746864647
1605533682306990080
1605533683313541120
1605533684257509376
1605533684555165696
1605533685423525890
1605533686639706112
1605533690050023426
1605533690586492928
1605533690708238338
1605533691500863488
1605533691647651847
1605533691790340096
1605533690796326912
1605533694017474561
1605533693392687108
1605533694776655874
1605533694563094528
1605533695321837570
1605533695204524038
1605533695728685064
1605533697834242048
1605533697758810112
1605533698706640896
1605533699314810882
1605533699914743808
1605533700581515264
1605533702674489347
1605533703374901249
1605533702980763648
1605533702854959105
1605533704843034624
1605533708307439616
1605533709624479745
1605533709859295232
1605533708508872707
1605533710484271107
1605533710257819650
1605533714120941568
1605533715366645761
1605533715840450562
1605533716603817984
1605533716213747712
1605533716759158786
1605533716813451264
1605533719145549824
1605533720189947905
1605533720621916161
1605533721838649346
1605533721737588736
1605533722253463555
1605533722853269505
1605533723167887361
1605533722945769473
1605533723570720782
1605533723709083648
1605533726917550080
1605533727248986113
1605533727307665410
1605533727530127361
1605533727227924481
1605533728566124544
1605533729576914944
1605533730394624001
1605533731938148352
1605533734324686850
1605533733951397888
1605533737151873024
1605533738296782848
1605533738644885505
1605533739789873153
1605533739932696581
1605533740695945217
1605533740750569472
1605533742851715072
1605533744130977794
1605533742000353281
1605533745095725056
1605533746429575170
1605533747721355266
1605533749269217280
1605533749378109442
1605533749831147520
1605533750086930433
1605533750204502019
1605533750967910404
1605533752221831170
1605533755133026304
1605533755061309440
1605533756449701888
1605533756885856256
1605533758110695425
1605533758571941894
1605533759830474762
1605533761235320832
1605533761621200897
1605533761818574849
1605533761906659330
1605533763127377920
1605533763911487490
1605533764242776065
1605533765777838080
1605533765647859713
1605533768298528770
1605533769561038848
1605533773491326977
1605533773629571073
1605533774497714176
1605533775437275141
1605533776817410049
1605533777370939397
1605533778708795393
1605533778977644544
1605533780088864768
1605533780784971776
1605533781795909635
1605533781649231874
1605533781854539777
1605533782395830274
1605533783964278785
1605533784501264392
1605533785784610820
1605533786527105025
1605533786820603907
1605533788204945409
1605533788494172161
1605533791518306305
1605533792390844416
1605533792944406528
1605533793057533957
1605533793640714241
1605533793066299392
1605533795066732549
1605533794789990401
1605533795477622785
1605533797067345921
1605533798007214081
1605533798782861314
1605533801232404487
1605533801605566467
1605533802054516737
1605533802276814849
1605533802109206528
1605533802477981697
1605533805007233028
1605533806944956417
1605533807511314437
1605533809310457857
1605533809197584386
1605533810430341123
1605533810598084609
1605533812007370753
1605533813005635584
1605533814033240065
1605533815807565826
1605533816311140352
1605533816562409472
1605533816734601217
1605533817476988930
1605533817875283971
1605533818370211841
1605533820362829824
1605533821419409408
1605533821910163459
1605533821775945728
1605533822610710528
1605533823143378945
1605533823499792387
1605533823873167361
1605533824540082176
1605533825336897536
1605533825748058113
1605533827627356160
1605533829258682369
1605533830517260289
1605533830555009024
1605533830848577536
1605533832324718593
1605533832387899392
1605533832769314816
1605533832572198912
1605533836359655425
1605533836632170497
1605533837257101312
1605533837127307265
1605533837793955840
1605533839098626048
1605533840692285440
1605533840872595456
1605533841392746502
1605533842483294211
1605533842818732033
1605533842571419649
1605533843993378817
1605533844459094017
1605533845348048899
1605533848082649088
1605533847499984897
1605533848213016576
1605533848791445504
1605533849819025408
1605533849932423174
1605533850335006721
1605533850980954112
1605533851211612160
1605533851219959813
1605533851409088514
1605533851597606912
1605533852230787073
1605533852159447041
1605533852377776131
1605533853271003138
1605533854239838209
1605533855150120960
1605533855359737856
1605533856450326529
1605533856559415297
1605533857553342466
1605533857872166912
1605533858338082816
1605533859101429760
1605533861714067456
1605533862980984832
1605533867170942976
1605533867900821504
1605533867116441602
1605533868920037376
1605533870954188800
1605533871147061248
1605533871314911232
1605533872669589505
1605533872631865344
1605533876008325121
1605533876373397507
1605533876624859138
1605533876692156417
1605533879133257731
1605533879204397057
1605533879560859649
1605533880429207553
1605533882849411074
1605533884078178304
1605533884174594048
1605533884845723655
1605533885680402432
1605533885843927040
1605533886108225538
1605533888716996608
1605533889832792064
1605533890025644032
1605533890491437057
1605533891275767809
1605533891153997824
1605533891728592898
1605533894056370177
1605533895666999297
1605533897181126656
1605533898707968001
1605533901010612225
1605533902021328896
1605533902545702917
1605533904059842560
1605533905133506560
1605533906505043969
1605533908036108290
1605533909684559872
1605533909806157824
1605533910112161798
1605533911710195712
1605533913060757504
1605533914239365121
1605533914738692096
1605533913987911680
1605533914931466243
1605533917448065024
1605533917574057986
1605533918538579968
1605533919201267712
1605533921273323520
1605533920707153929
1605533921558401028
1605533922191736833
1605533922359549953
1605533922837897222
1605533922867150850
1605533923949281280
1605533924461084672
1605533924465180674
1605533924159004673
1605533923877933056
1605533925626982401
1605533925979197441
1605533926671278080
1605533927422115840
1605533927439237132
1605533928269287424
1605533928458432512
1605533928483303425
1605533929074982918
1605533929704157184
1605533930203254785
1605533930404323331
1605533930110607360
1605533930811052035
1605533931326935041
1605533931993894913
1605533931939725313
1605533933415776258
1605533933344477185
1605533934623764480
1605533936796459016
1605533937677176835
1605533937928966145
1605533938402750464
1605533937652187137
1605533939409465348
1605533938063228929
1605533938486837255
1605533941024165888
1605533942886514688
1605533942412632068
1605533941552799744
1605533943129726977
1605533943297622017
1605533942819573762
1605533947051446272
1605533947844210690
1605533947991056384
1605533948737568770
1605533950587203585
1605533951925182464
1605533953577963520
1605533954832060416
1605533955540688898
1605533955716894721
1605533955976859653
1605533956257959936
1605533956408893440
1605533956991987713
1605533957180620800
1605533957256364033
1605533957319114754
1605533958304841735
1605533958489481217
1605533958468296706
1605533959646875648
1605533959751839745
1605533960670285826
1605533961022607360
1605533961752494081
1605533961924526081
1605533961664479232
1605533962335424512
1605533962943680512
1605533963224653824
1605533965019856897
1605533967548960768
1605533967821799426
1605533968094449666
1605533969818058755
1605533972078788611
1605533972452163585
1605533973190307840
1605533973660110848
1605533973253197828
1605533974943731712
1605533976151851008
1605533976449294337
1605533977640636416
1605533981117538305
1605533981729882113
1605533982694658049
1605533983751618560
1605533984426840066
1605533984703791104
1605533985269956608
1605533986389782529
1605533986683555849
1605533987601977344
1605533987765571585
1605533988453380103
1605533989183553536
1605533990340788224
1605533991271952384
1605533991230021633
1605533991439896577
1605533992006352897
1605533997974425600
1605533999081721856
1605533999715078144
1605534000176541698
1605534000688140288
1605534000889618432
1605534001350840320
1605534001883758595
1605534002147778560
1605534003553083393
1605534004039540739
1605534005037633536
1605534007718027264
1605534009903050752
1605534010540597250
1605534010825809921
1605534010590928896
1605534011077447681
1605534011706576896
1605534012851658755
1605534013363351552
1605534017809313793
1605534018421764102
1605534018698588160
1605534019072000000
1605534019118338049
1605534019159932928
1605534019306680320
1605534020162330626
1605534021294833666
1605534020866936833
1605534022041366528
1605534023031422976
1605534023551426560
1605534024750886912
1605534026453991425
1605534027699482626
1605534028626526209
1605534028999729155
1605534030123991040
1605534030279180288
1605534030530678784
1605534031742918656
1605534031873036288
1605534031570800640
1605534033915658240
1605534034464907264
1605534034888601603
1605534035144384512
1605534035760906241
1605534038931910656
1605534039649050624
1605534039129161730
1605534042614439936
1605534042752831489
1605534044841656323
1605534045290598401
1605534045013778433
1605534045168750595
1605534047455039488
1605534047861583872
1605534049518424070
1605534049593958406
1605534050071957504
1605534050915160065
1605534051137474560
1605534051774763011
1605534051925778432
1605534052433350657
1605534053293137920
1605534053238681600
1605534054001934336
1605534054610358274
1605534055243472896
1605534055369302016
1605534055453364226
1605534055591997440
1605534056405417984
1605534056711565314
1605534059081482240
1605534060796792833
1605534061887246337
1605534061283246081
1605534064651313152
1605534064601186306
1605534065834266626
1605534066593259520
1605534069386727424
1605534069961330688
1605534072138133504
1605534072146604032
1605534073933336577
1605534073186930688
1605534073803481088
1605534074604437504
1605534075112005632
1605534076865105921
1605534078068891648
1605534079356502017
1605534079331377155
1605534079914430464
1605534080665235456
1605534080791191557
1605534081579630593
1605534082493845505
1605534083987017729
1605534084100280321
1605534084276420609
1605534083886600193
1605534084268142592
1605534084809183233
1605534085375332352
1605534086377897988
1605534086793113601
1605534087174684672
1605534088466616321
1605534088663683073
1605534088453951488
1605534092417650688
1605534093827256320
1605534094984589312
1605534095970144256
1605534096473612288
1605534096410628097
1605534099539521537
1605534103461167105
1605534103587000320
1605534103863902209
1605534104643960832
1605534106686836741
1605534108544692227
1605534109350170627
1605534109756837888
1605534110482853889
1605534111031996417
1605534112663601152
1605534113561092096
1605534113573883904
1605534114404130816
1605534115050139650
1605534115528261632
1605534115738288128
1605534116295741441
1605534117843685377
1605534118518718464
1605534118925766657
1605534120817266691
1605534120993497089
1605534121144352768
1605534122373484545
1605534122545278976
1605534123761684481
1605534123761668097
1605534124336304128
1605534125405847552
1605534125871583232
1605534125875613696
1605534128585134082
1605534128811544578
1605534133136105473
1605534137267650560
1605534137456431105
1605534137850494976
1605534138169102336
1605534138450137088
1605534141084311552
1605534143491674112
1605534143785316352
1605534143969886208
1605534144435560449
1605534146083840001
1605534146775744513
1605534147803480064
1605534148260675586
1605534148671700992
1605534149405806596
1605534149569171457
1605534150454177792
1605534151507050502
1605534151716675586
1605534152173854721
1605534152345866240
1605534153008500739
1605534152685629441
1605534153360830466
1605534154480709633
1605534154258812928
1605534155411836928
1605534155470540801
1605534155554451456
1605534156808667137
1605534157098037248
1605534156934496257
1605534157752258560
1605534159107153921
1605534159321145344
1605534161766268930
1605534161938292736
1605534164820045824
1605534165688008704
1605534166149435392
1605534167495626752
1605534168070365185
1605534168451936257
1605534168657510400
1605534168619700225
1605534169076858880
1605534168653373441
1605534169471205376
1605534171287326721
1605534174915461122
1605534177595740163
1605534178333687808
1605534180481171456
1605534181072678912
1605534180682502145
1605534183287181312
1605534183463559168
1605534184067305472
1605534186969960448
1605534187070451712
1605534187842174977
1605534188719034368
1605534191801798657
1605534193701638145
1605534196348452864
1605534196381863936
1605534196629270529
1605534198084894721
1605534199347261441
1605534200861376512
1605534202539036672
1605534202799149056
1605534203742781440
1605534204380561410
1605534204397096960
1605534204065992704
1605534205814767616
1605534205919780866
1605534207341498369
1605534207807295490
1605534207270215680
1605534210953039873
1605534212575985664
1605534214950199302
1605534214195056640
1605534215696633857
1605534215818293248
1605534216082452482
1605534216774713344
1605534217139412993
1605534217743523841
1605534219337433090
1605534220683595782
1605534221350580225
1605534221291888643
1605534221472108544
1605534222147387394
1605534222793310215
1605534223346958337
1605534223321939970
1605534224479440896
1605534224341032960
1605534225431552003
1605534226820079618
1605534226899615747
1605534227243466752
1605534228493479936
1605534228472401920
1605534228766068737
1605534229789638656
1605534231777529857
1605534231723024384
1605534232805195777
1605534233933381632
1605534234021572608
1605534237599313920
1605534239335714817
1605534239973199873
1605534239759269888
1605534241323769858
1605534241307197440
1605534243274166273
1605534244457295874
1605534244888973313
1605534246587682816
1605534247288131584
1605534247069962240
1605534248907157504
1605534248496250883
1605534248907116544
1605534250517680129
1605534249620148225
1605534252174409728
1605534252560711680
1605534253009309696
1605534253130821633
1605534253445431296
1605534253659443200
1605534254452027394
1605534255706099712
1605534256708456449
1605534256922402817
1605534256599547904
1605534256112947201
1605534260210929664
1605534264115593218
1605534264522469376
1605534265273303041
1605534266162524161
1605534267336904704
1605534267773440000
1605534268163244034
1605534270151622656
1605534270843367425
1605534271829004288
1605534271527014401
1605534272961449984
1605534273913634816
1605534273989070851
1605534275368939529
1605534275364950016
1605534278531485696
1605534278955462656
1605534279009595392
1605534279735185408
1605534280234541056
1605534280381341697
1605534281937440768
1605534284256661504
1605534284864901121
1605534284831289345
1605534285213364224
1605534285565304833
1605534285749817346
1605534286357991425
1605534286471315456
1605534287712997376
1605534289071702016
1605534290816761856
1605534290791596034
1605534293962391552
1605534295090614273
1605534295312846848
1605534296806227969
1605534297267412994
1605534298731433984
1605534298865401857
1605534300249526272
1605534300488683520
1605534304724869125
1605534306344001536
1605534310924255239
1605534312220459008
1605534312371130368
1605534314078162944
1605534316452356097
1605534316393553920
1605534316963848192
1605534318436044801
1605534319161769985
1605534319371436032
1605534319824752640
1605534320780873730
1605534320986390529
1605534321527308289
1605534321800105984
1605534321972219904
1605534322303172608
1605534323481927683
1605534323725152257
1605534325285322752
1605534326543699968
1605534327613399041
1605534329274511360
1605534329223798784
1605534330675085313
1605534330880524288
1605534332503805954
1605534332453388288
1605534332948320256
1605534333174829056
1605534334949199872
1605534335590752258
1605534334756081664
1605534337406943233
1605534337859887104
1605534339466502147
1605534339491434498
1605534343157407745
1605534343191035905
1605534343761235968
1605534343975370752
1605534344218550275
1605534345485291521
1605534346437283840
1605534347590656005
1605534347662168067
1605534348287025152
1605534348651831298
1605534350161739777
1605534349738135554
1605534350551814144
1605534354570203138
1605534357128589312
1605534357724110849
1605534357388529665
1605534362048401409
1605534362996740097
1605534363889852416
1605534364636393472
1605534365236068352
1605534365819117569
1605534366238593024
1605534368255991809
1605534368390225920
1605534369682141184
1605534369774555138
1605534370072104962
1605534372429410306
1605534371934482432
1605534373905825792
1605534373826088961
1605534373507317760
1605534373998125056
1605534375981895680
1605534378129358848
1605534378410397699
1605534380834713601
1605534383913345024
1605534384303443968
1605534388057387009
1605534388359352320
1605534388833263616
1605534389575643137
1605534391605727233
1605534391848927232
1605534392624955392
1605534393895976960
1605534393937940480
1605534395405778945
1605534395296727041
1605534395535720448
1605534395351191557
1605534396177694721
1605534396441714689
1605534396211085312
1605534402049515520
1605534404335599618
1605534404402503682
1605534404688117760
1605534406608793600
1605534405786685442
1605534407586201600
1605534408181633026
1605534408605257728
1605534409393725443
1605534408802373634
1605534409997914113
1605534409397895169
1605534410337488897
1605534410706747392
1605534411599933441
1605534412384321537
1605534414506758147
1605534414812880898
1605534416150953988
1605534416335360003
1605534417480458240
1605534418134740992
1605534418088513537
1605534418780663808
1605534419267121152
1605534420399583234
1605534420739297280
1605534421334970368
1605534423486763008
1605534424686157824
1605534424262746112
1605534424283504640
1605534425759899650
1605534425416192000
1605534427005833217
1605534427613888513
1605534428200960000
1605534429585084416
1605534429644038145
1605534430314999808
1605534430377844737
1605534430931456001
1605534432412151809
1605534432735027203
1605534433431326722
1605534434438000641
1605534434635022336
1605534435075624963
1605534435553644546
1605534436094726144
1605534436132409344
1605534437026004993
1605534437663334401
1605534438267289600
1605534440058368000
1605534440389636097
1605534440817455104
1605534441107062785
1605534441228697600
1605534442922971136
1605534442893631493
1605534442948136960
1605534443900325889
1605534444059762688
1605534444558827520
1605534444890165249
1605534444038680577
1605534445880184833
1605534446244859905
1605534446551126016
1605534446836322305
1605534447079604225
1605534448618860545
1605534448895741955
1605534449172484096
1605534449667477504
1605534450892185602
1605534451169038336
1605534451139629056
1605534451588423681
1605534453165686785
1605534454457307136
1605534454461526016
1605534455325655043
1605534455686365186
1605534457074634755
1605534458144251906
1605534460161794049
1605534459259863040
1605534460992278528
1605534461302554627
1605534462044823552
1605534462602682369
1605534462376304643
1605534463156539393
1605534462736859137
1605534463382863872
1605534463739408386
1605534465156972549
1605534466046246913
1605534466440540160
1605534467052818432
1605534466713128960
1605534469758148608
1605534469884198913
1605534469862981633
1605534470609801216
1605534471700156418
1605534471855386624
1605534475554881536
1605534475878039552
1605534477119209474
1605534477693833219
1605534477907726336
1605534478603980800
1605534478507462656
1605534478729986048
1605534478956654592
1605534479509921792
1605534480365547520
1605534482253185024
1605534487604916224
1605534489807142914
1605534490499026944
1605534493288173568
1605534494928146433
1605534495494414336
1605534497167941632
1605534500061999104
1605534502826057728
1605534503543443457
1605534504407515136
1605534505183301632
1605534506282262529
1605534506974294016
1605534508568166401
1605534508819697664
1605534512741433345
1605534513714470912
1605534513785737216
1605534513949331457
1605534514981113857
1605534516331757568
1605534517589987329
1605534518328410117
1605534519846735872
1605534520270327810
1605534521302331392
1605534521381818371
1605534521423564800
1605534522157809664
1605534526490365952
1605534526926573568
1605534528528867328
1605534528763613184
1605534529191452672
1605534530843987969
1605534532828020737
1605534533675122689
1605534535570972672
1605534536766738432
1605534537135669248
1605534537580253184
1605534538775420928
1605534539987591168
1605534544429342720
1605534544982986752
1605534545247408128
1605534548934041600
1605534549152186370
1605534549349367808
1605534550196723712
1605534550674640896
1605534550628524033
1605534551274442753
1605534551819751424
1605534551995981830
1605534554349080577
1605534554449649664
1605534555749883905
1605534556081340416
1605534556374716417
1605534555716214784
1605534556248936450
1605534558359027712
1605534556060270592
1605534559579148288
1605534559801442305
1605534561873539075
1605534563039678471
1605534561693114368
1605534564226519041
1605534564406808578
1605534564473966592
1605534566835683328
1605534566852108288
1605534569532649472
1605534570358636545
1605534570140635138
1605534572199952385
1605534573638651905
1605534573001310210
1605534573936672771
1605534571621060609
1605534576033644546
1605534576234954752
1605534577371529216
1605534578482958341
1605534580869828608
1605534581024661504
1605534581968420864
1605534582987702274
1605534583109427202
1605534584132849664
1605534584137224194
1605534585256714240
1605534587270008832
1605534587777875968
1605534587853340673
1605534589706829824
1605534590596177924
1605534590600237056
1605534591640649728
1605534593242783744
1605534593724993536
1605534593633112064
1605534594207457280
1605534594798796800
1605534594723610625
1605534595100844036
1605534597244080128
1605534596916862978
1605534597797711872
1605534600796590080
1605534601719713793
1605534605641019394
1605534606266175489
1605534606903607297
1605534607063007235
1605534607042125824
1605534607738146816
1605534608803606529
1605534609801809920
1605534613605978114
1605534613857865735
1605534614772015105
1605534617636786182
1605534619998224384
1605534619704532994
1605534620618870784
1605534623248683009
1605534624360210432
1605534624506990594
1605534625324929025
1605534625421328385
1605534625400590337
1605534629469032459
1605534630290956290
1605534630974656512
1605534631649869824
1605534632228708357
1605534632916635648
1605534633348792320
1605534635047276545
1605534635450109967
1605534637148684290
1605534638193229825
1605534638805438464
1605534639128354817
1605534640093114368
1605534642022453248
1605534645637877761
1605534646183243776
1605534647827341312
1605534652126707713
1605534653242257409
1605534655465168899
1605534655494516736
1605534655704285184
1605534658216632321
1605534657860100096
1605534662733926400
1605534664864792576
1605534666257272837
1605534666714361856
1605534669650403330
1605534671437266947
1605534672003424257
1605534671709708288
1605534672708042752
1605534673123381249
1605534673211473920
1605534675497164802
1605534676063383554
1605534676529123328
1605534676919062528
1605534677833379841
1605534678663962626
1605534681369395200
1605534682602405890
1605534685165244417
1605534685374865409
1605534685412704256
1605534686381453312
1605534686784421888
1605534687539171328
1605534687991959552
1605534688457752583
1605534689129029632
1605534689350995968
1605534692760920072
1605534694396678145
1605534696011464704
1605534697492254721
1605534697853009920
1605534696867131395
1605534702084886529
1605534703691345921
1605534703842271232
1605534704102514688
1605534704836517888
1605534705214005248
1605534705394151424
1605534705805205505
1605534706660872192
1605534706736431104
1605534706765680640
1605534711283073029
1605534712620908544
1605534713480822784
1605534713933864961
1605534714466426880
1605534715074605058
1605534716035211265
1605534716723019776
1605534717624754176
1605534717494939649
1605534717763256320
1605534718442688512
1605534718945959937
1605534719801962496
1605534719696699392
1605534721089208324
1605534723022823425
1605534724969021440
1605534725614931968
1605534727896604677
1605534730002354177
1605534730933260288
1605534731067498496
1605534731449249795
1605534732715823104
1605534733047369729
1605534732443336705
1605534734259326976
1605534734460649472
1605534734729125888
1605534735798661120
1605534737711316992
1605534738290089984
1605534739598819333
1605534740202680320
1605534742702702595
1605534743335825409
1605534743432347648
1605534744510439424
1605534744728334336
1605534745760129024
1605534746913558528
1605534748570292227
1605534750927732736
1605534752458539008
1605534752903086081
1605534752932405248
1605534757344854016
1605534757378330624
1605534758418595840
1605534760679272448
1605534764051492864
1605534764512837638
1605534764785549312
1605534765196509186
1605534767222378496
1605534767587303425
1605534768568754177
1605534771429285888
1605534771936780288
1605534774113681408
1605534775049084928
1605534776831528960
1605534776722702337
1605534779520057350
1605534779650150400
1605534779587248129
1605534780556189696
1605534780824489985
1605534780958785536
1605534786142883845
1605534787879415808
1605534788403679232
1605534789494116354
1605534790425288706
1605534789829906439
1605534792711213058
1605534792929275905
1605534794053431296
1605534794728673282
1605534794695077892
1605534796137914370
1605534798059012097
1605534798583209986
1605534800080576512
1605534800076578816
1605534800105840640
1605534801322090496
1605534801452318722
1605534803725471744
1605534804577222661
1605534805810192384
1605534805931618304
1605534806325993474
1605534808624357381
1605534808964202496
1605534809962344448
1605534810830540800
1605534810847318018
1605534811434545152
1605534811946246144
1605534814626521090
1605534814874075138
1605534816556007428
1605534817386258434
1605534817877078016
1605534817545863168
1605534819177205760
1605534819743678466
1605534819697299456
1605534820595015681
1605534822969270272
1605534824311054338
1605534826207002625
1605534830170476546
1605534830447534081
1605534832179613696
1605534832620056577
1605534832791982082
1605534835178700801
1605534835866570754
1605534836076298241
1605534835703164930
1605534836742946817
1605534837124632576
1605534836172750852
1605534837523243009
1605534838605238273
1605534842027917314
1605534844556939264
1605534846075277312
1605534845903331328
1605534846373314561
1605534847564496897
1605534848768266241
1605534849112199168
1605534850253049862
1605534851632975872
1605534853159477248
1605534854099206144
1605534853084065795
1605534856972161026
1605534856972324865
1605534858238758912
1605534859207720961
1605534860269031427
1605534861476958210
1605534862575734786
1605534862416527361
1605534862588252160
1605534862382755841
1605534863209005056
1605534863540494337
1605534863997784065
1605534863972601856
1605534864123600896
1605534864081551361
1605534864027033601
1605534864144580608
1605534864291274755
1605534864463351808
1605534864614137856
1605534864597557249
1605534864932945921
1605534865289400323
1605534865423667200
1605534865566351360
1605534865780224001
1605534865776029696
1605534865931341826
1605534865994063874
1605534866052812800
1605534866728108032
1605534866887495680
1605534866883244032
1605534866212265987
1605534867583746049
1605534869735383041
1605534869731172352
1605534870704267265
1605534871014854657
1605534871543087104
1605534872994553857
1605534873917104128
1605534875611602946
1605534879134806018
1605534879759753219
1605534883249393665
1605534887309721600
1605534888852979716
1605534890786557953
1605534893160775684
1605534895169748992
1605534896906047488
1605534896935407616
1605534896989970433
1605534897979826177
1605534898164740096
1605534898705481729
1605534899561177088
1605534900798377984
1605534902904147970
1605534903033950209
1605534906381086721
1605534906724978689
1605534907974942722
1605534908142714887
1605534908448854016
1605534906641047552
1605534910109753344
1605534911632330752
1605534913620385792
1605534918364241922
1605534918972387328
1605534919329038336
1605534920159346688
1605534923032403968
1605534923510583296
1605534923544109057
1605534926744326144
1605534927352565761
1605534927239450624
1605534928086523904
1605534928909000706
1605534929604857857
1605534929927868416
1605534930095816710
1605534930938707968
1605534932712857600
1605534932230471685
1605534933249773568
1605534935351103488
1605534936496148480
1605534936773152771
1605534936949084161
1605534937587019776
1605534939193085952
1605534939658584064
1605534939793002496
1605534940744929280
1605534940753526784
1605534940942278659
1605534941315473408
1605534941860986880
1605534942145875968
1605534942468923392
1605534942598832128
1605534943576092677
1605534945593663490
1605534946046509056
1605534946432778240
1605534946600185857
1605534948680601600
1605534948781305856
1605534948588486750
1605534949020270593
1605534949141987328
1605534949636857858
1605534949888724992
1605534952379908096
1605534953046913024
1605534953944629249
1605534956645670913
1605534957371215873
1605534957727670274
1605534958189129728
1605534958889488384
1605534960697298944
1605534962031251456
1605534962932817921
1605534963650002944
1605534963570421760
1605534964308594689
1605534964447006722
1605534965608747009
1605534965684350979
1605534966707732481
1605534970272956416
1605534970797101057
1605534971028197382
1605534971430436864
1605534972806418433
1605534973917663232
1605534975746379776
1605534975733874688
1605534977650589702
1605534978049089536
1605534979617800192
1605534979437404160
1605534985187835904
1605534986186084353
1605534986915807232
1605534987691954176
1605534987951910912
1605534989734465537
1605534992599117824
1605534995061145601
1605534995589783558
1605534996155858944
1605534997783248896
1605535000056795137
1605535000765485056
1605535000626987009
1605535000727805954
1605535001256382464
1605535001696604160
1605535003668103168
1605535003793707013
1605535004808847360
1605535004817346562
1605535004460781570
1605535005198925826
1605535006788575232
1605535007304712192
1605535007136702467
1605535008105431040
1605535008277422082
1605535010836062209
1605535013931323392
1605535012660555778
1605535014300422144
1605535017244930049
1605535017244966912
1605535017584705536
1605535018381561857
1605535018524151808
1605535020780646400
1605535021179076615
1605535021598507008
1605535021724585985
1605535021904719873
1605535022051622913
1605535022282182658
1605535021929861120
1605535022521257984
1605535022697435136
1605535022722621440
1605535023184039936
1605535023431499776
1605535024287137793
1605535025583181825
1605535027357306880
1605535028414320641
1605535028770766848
1605535029358080000
1605535029559300098
1605535033418166273
1605535034336632832
1605535035502649344
1605535036106752008
1605535036941295616
1605535038296117248
1605535038992486402
1605535039235559424
1605535039323639808
1605535042947538944
1605535044596121600
1605535045099429890
1605535047078932482
1605535052732829697
1605535053274021890
1605535055425802240
1605535057036251136
1605535058508451840
1605535059707977730
1605535060202967041
1605535060702023681
1605535061587111939
1605535063956869121
1605535065089286144
1605535065521328128
1605535066066763779
1605535066603409410
1605535068126339073
1605535071531782144
1605535071636582401
1605535074572636160
1605535073985392640
1605535074866208769
1605535075256385537
1605535076233535490
1605535077051400192
1605535078469304321
1605535078343659520
1605535081694564352
1605535082759847937
1605535082785034241
1605535086316756992
1605535087474249729
1605535090163040257
1605535092280946689
1605535092499259399
1605535093044363265
1605535093413400576
1605535094290227203
1605535095380512768
1605535096722755584
1605535098127925253
1605535098895376384
1605535099038089219
1605535099847671810
1605535099873001472
1605535100266983426
1605535102015918080
1605535102267641856
1605535103660093442
1605535103698051075
1605535104536715266
1605535105451118593
1605535105333792774
1605535104356429824
1605535106151714816
1605535108429008896
1605535109347545088
1605535110110904321
1605535110983401472
1605535111843221504
1605535112476741634
1605535112396820481
1605535112979812352
1605535113269448704
1605535115144179712
1605535115542548480
1605535118311002113
1605535119082934273
1605535119208505345
1605535120340815874
1605535120747888641
1605535121427156992
1605535121376833536
1605535123633360896
1605535123742461954
1605535124094799872
1605535125399388160
1605535127089451008
1605535128104579072
1605535131803914240
1605535133737459714
1605535134211530752
1605535136371523586
1605535136568602624
1605535136711409671
1605535137772421120
1605535138384711680
1605535139403948032
1605535139571695617
1605535139865427971
1605535140859351040
1605535141878960128
1605535142100992000
1605535142075777024
1605535143455641600
1605535144206635009
1605535143980138499
1605535146270019584
1605535146182057984
1605535146421243905
1605535147352367104
1605535147536683008
1605535148006871041
1605535149696983040
1605535149780860935
1605535151689277440
1605535151685095424
1605535153358528512
1605535154566488064
1605535158437679104
1605535159532417024
1605535159725330432
1605535160383832068
1605535160987840512
1605535161344466944
1605535162015502338
1605535161814335494
1605535163467051008
1605535163756081153
1605535163991183362
1605535164636876800
1605535165823975425
1605535166734036992
1605535166989881344
1605535167698698240
1605535169699536896
1605535171217747968
1605535172862136320
1605535172467662850
1605535173226819584
1605535173587746817
1605535174384566272
1605535174393040896
1605535175974088705
1605535176007864320
1605535176288636928
1605535177601478656
1605535178675273728
1605535178847358977
1605535179459657729
1605535181397528577
1605535181447651328
1605535182856998913
1605535184002158594
1605535185507733504
1605535187030249472
1605535187948822530
1605535189286805506
1605535189924319235
1605535190100504576
1605535191166255104
1605535191581196290
1605535193644732416
1605535193649086464
1605535193795686400
1605535194345115650
1605535195544932353
1605535196102946816
1605535198396829698
1605535197805432833
1605535204168372227
1605535206030467072
1605535207620108288
1605535208689700865
1605535208664535041
1605535208962289664
1605535211147517952
1605535211302752266
1605535212070395904
1605535212250705920
1605535212934291456
1605535217904672768
1605535218965762048
1605535220236800001
1605535220366659584
1605535220584808448
1605535221188796417
1605535222333788160
1605535223835283457
1605535224548380672
1605535224812621824
1605535225877917696
1605535226171490304
1605535227505360896
1605535227358502912
1605535230823219202
1605535233436045312
1605535234958802945
1605535235118022656
1605535235692601346
1605535236804075584
1605535238037200897
1605535238678908934
1605535238834204673
1605535239723487232
1605535240746766336
1605535242491551745
1605535244009889793
1605535244114722817
1605535244278370304
1605535243951144960
1605535245448593408
1605535246400643077
1605535247524802560
1605535248158265344
1605535248284008450
1605535249005305856
1605535249802219520
1605535250720833537
1605535251685445634
1605535254755692544
1605535255649308673
1605535255552700417
1605535256777474049
1605535258216001536
1605535258287300608
1605535258442620928
1605535259000336384
1605535260006944769
1605535259889733634
1605535260128714753
1605535261122736128
1605535261911224322
1605535262087544832
1605535264935276544
1605535267296669698
1605535267938455552
1605535269377085441
1605535269846888448
1605535269255512065
1605535272476626945
1605535275026944003
1605535276578660352
1605535277488910337
1605535278063423489
1605535278596325378
1605535279170736128
1605535280445804544
1605535280504508417
1605535280919879680
1605535281871917056
1605535281175703552
1605535282140323840
1605535284422053888
1605535284665483265
1605535286154313729
1605535286183739393
1605535285978157057
1605535286812876800
1605535287316140032
1605535287412633600
1605535289455173633
1605535289534865410
1605535289488936962
1605535289845239808
1605535291556536320
1605535292722593793
1605535292949045249
1605535294194782208
1605535294354120704
1605535294962311168
1605535296074166272
1605535296724008961
1605535299043409920
1605535301169868802
1605535304009453568
1605535303841767426
1605535305410285568
1605535305502560258
1605535305620242432
1605535307008380930
1605535307658448897
1605535307784261632
1605535309919297536
1605535312431628288
1605535312364568576
1605535313455067137
1605535313425600512
1605535313853497344
1605535315547918339
1605535315757879296
1605535315917213696
1605535316890320897
1605535318412693507
1605535319243182081
1605535319578796035
1605535320606314497
1605535321516433408
1605535322682445827
1605535321755570176
1605535323424837632
1605535324666441730
1605535325094232064
1605535325551415296
1605535325983760384
1605535327648591872
1605535327833456640
1605535327128412161
1605535328353234944
1605535329393459202
1605535329095540736
1605535330186272771
1605535330571980801
1605535330765049856
1605535331314384896
1605535331695988737
1605535333407264770
1605535334518771712
1605535333122076672
1605535335739527170
1605535336053948417
1605535337438011393
1605535337807167488
1605535337907830784
1605535338046308352
1605535338729963521
1605535340055629824
1605535341955272705
1605535342055915521
1605535342861369350
1605535343838732289
1605535344664911873
1605535345029758976
1605535347487563776
1605535347869220865
1605535348486012929
1605535348540510211
1605535349408555015
1605535352449650689
1605535352696868864
1605535353368367109
1605535355012120577
1605535355704266754
1605535357252108292
1605535358422245376
1605535358510309376
1605535358728278017
1605535359059755008
1605535359294574593
1605535360305479681
1605535360590569472
1605535360666042368
1605535360825573377
1605535362024996864
1605535366752227328
1605535367301455872
1605535369826648064
1605535370820452352
1605535371256745984
1605535372003266560
1605535372594892800
1605535372951158785
1605535373580541952
1605535374255788033
1605535374847053824
1605535376008830976
1605535376608825345
1605535378076680193
1605535378634526720
1605535379511136258
1605535380681261058
1605535380773765120
1605535383047266304
1605535382816202753
1605535383764156417
1605535383957041152
1605535383953244162
1605535383680434176
1605535383667634176
1605535384745541633
1605535385966125056
1605535386339532800
1605535387253936129
1605535387643826176
1605535388080033794
1605535388474511362
1605535389107621893
1605535389061591040
1605535389233696775
1605535388323323909
1605535390068133888
1605535390756216837
1605535392760885248
1605535392794660865
1605535393020928001
1605535393755336710
1605535393847205888
1605535394790903808
1605535394732220416
1605535394585612292
1605535396082855936
1605535396632432644
1605535398993616896
1605535399119532032
1605535402978418691
1605535408212758528
1605535408271503360
1605535410096160770
1605535410335129600
1605535412700807168
1605535412767768576
1605535415179567104
1605535417566126080
1605535417670914048
1605535419726147585
1605535419918979072
1605535419990319105
1605535421412286464
1605535425606475776
1605535427644964864
1605535427997335552
1605535430740389888
1605535432720130048
1605535433944838146
1605535434217377792
1605535434129477638
1605535434620039168
1605535435186282496
1605535437950705669
1605535438428442629
1605535440580530177
1605535440567533569
1605535440320315393
1605535441272410112
1605535440643100672
1605535441725362176
1605535442820108288
1605535443843309568
1605535443885461504
1605535447199154178
1605535448390041601
1605535448654262272
1605535449014886403
1605535449765888005
1605535450302582785
1605535450713595904
1605535451359727616
1605535451355369472
1605535453230166017
1605535454173880321
1605535455033688064
1605535455943938048
1605535457357443073
1605535458909249536
1605535459358101504
1605535459211452416
1605535459928469505
1605535461363040257
1605535463191678977
1605535463346937856
1605535463774703616
1605535463883739136
1605535464714141696
1605535466832695296
1605535467839037440
1605535467956420608
1605535467687944192
1605535468732289025
1605535468468273152
1605535470171041792
1605535470141808640
1605535471206952960
1605535471261532162
1605535471240728577
1605535471844499456
1605535473291575298
1605535474075848704
1605535475044798464
1605535477670387714
1605535477783621633
1605535478605680640
1605535478341636097
1605535479113228289
1605535481004900352
1605535481642500096
1605535482070241280
1605535482883952640
1605535483316129793
1605535486067372032
1605535487279579137
1605535487346634752
1605535488072359936
1605535489074688001
1605535490081431552
1605535490383532034
1605535492027854848
1605535493726183424
1605535494661558273
1605535494854541312
1605535497094209536
1605535498532945920
1605535500621660160
1605535501980962816
1605535502404358144
1605535504849547266
1605535504950329344
1605535505222840320
1605535508473462787
1605535510817972224
1605535510767800321
1605535511145111553
1605535512114012162
1605535512575483910
1605535512768712704
1605535514928480260
1605535514462806017
1605535518518919168
1605535519030628353
1605535520771096577
1605535520762855424
1605535522998190080
1605535523887423489
1605535525288349696
1605535525795794944
1605535527716782083
1605535528685797376
1605535529235148800
1605535530627698688
1605535534125703168
1605535534129872896
1605535535308701698
1605535536139100161
1605535536193511428
1605535536290025472
1605535536864645122
1605535537829253122
1605535538085130240
1605535545832214528
1605535548772192256
1605535549556547584
1605535550433202183
1605535553461489664
1605535554535399427
1605535556578017281
1605535557056094210
1605535557743808512
1605535558754672640
1605535558809313282
1605535558893064192
1605535559560024065
1605535562169044992
1605535562361733121
1605535562592440322
1605535562781167616
1605535564244979714
1605535567642431489
1605535565058826241
1605535567327817729
1605535568388968451
1605535568489693184
1605535569861177345
1605535569785761792
1605535569756311552
1605535570360274944
1605535571450875906
1605535572436451328
1605535572952580097
1605535574122672129
1605535574332526593
1605535577381736448
1605535577528475649
1605535576827973632
1605535580351143936
1605535579688423425
1605535583249514496
1605535583333253120
1605535583413194758
1605535584847400960
1605535585371930625
1605535586898415616
1605535587749994496
1605535589142405122
1605535589964869634
1605535589989752834
1605535590472097793
1605535591197573120
1605535590115483648
1605535591751450625
1605535592233586689
1605535596423680001
1605535596428120065
1605535598273503233
1605535598445330433
1605535599439450112
1605535600823631872
1605535601087811585
1605535601565962240
1605535601670819843
1605535603474386944
1605535603587551233
1605535605630283777
1605535605558898694
1605535606695772161
1605535608122019840
1605535608167751681
1605535608759324673
1605535611900743680
1605535611959508992
1605535614526361600
1605535615193255936
1605535616107692033
1605535616342446080
1605535618968084480
1605535619337306113
1605535619585036288
1605535619924492291
1605535623456034816
1605535623523115010
1605535624110415872
1605535625116909568
1605535625066577920
1605535625553117185
1605535626564083712
1605535627604365317
1605535629365870592
1605535629458018306
1605535630405967872
1605535631290925056
1605535631786098691
1605535631349673984
1605535632897368064
1605535633761615873
1605535636533829632
1605535636806438912
1605535640250191872
1605535641227255808
1605535642464575488
1605535645782446082
1605535646579167235
1605535648336605184
1605535650685784064
1605535650878365697
1605535651465531394
1605535651566276608
1605535652384120833
1605535652598059008
1605535655311724546
1605535654397485058
1605535656045789185
1605535656725213186
1605535657153253378
1605535660135235584
1605535661867470850
1605535662416936961
1605535663981334536
1605535663817990147
1605535664380022785
1605535666317557762
1605535666556882949
1605535666800103426
1605535667748016130
1605535667139661824
1605535671686414338
1605535674756890624
1605535674882347010
1605535675884851201
1605535676140855297
1605535677818421250
1605535679194320896
1605535681953947649
1605535682247671808
1605535682940006401
1605535684051161091
1605535684491722753
1605535684848422913
1605535684994797568
1605535685171085313
1605535686009819137
1605535688497270784
1605535688794832904
1605535692288925697
1605535693165338624
1605535693874159616
1605535694310412289
1605535695228936196
1605535696160112643
1605535698672443392
1605535699087675392
1605535703072325634
1605535703256993793
1605535705349750785
1605535705446305792
1605535705911926786
1605535707447136257
1605535709065908224
1605535709997068289
1605535710567550976
1605535710491987970
1605535711196692481
1605535711523794945
1605535713138573313
1605535714887626752
1605535714954952706
1605535716548542464
1605535717190270976
1605535718599561218
1605535720713510913
1605535722001162240
1605535722638692352
1605535723104309248
1605535722743611392
1605535723465097222
1605535723968512001
1605535724899487744
1605535725008699401
1605535725679742976
1605535727256748033
1605535730473742336
1605535730574336001
1605535733405536257
1605535734110326785
1605535734252900354
1605535736232439808
1605535738027773955
1605535743111225347
1605535746231656449
1605535750342053888
1605535751629787140
1605535754150723585
1605535754456682497
1605535755278815233
1605535755555610624
1605535755358466048
1605535757027880961
1605535757237735424
1605535758214778880
1605535760345489408
1605535760287170561
1605535760873971712
1605535763617046528
1605535764162310144
1605535764959428609
1605535767861657601
1605535768360779781
1605535771879870464
1605535775734390785
1605535776699076608
1605535777122762754
1605535777022046208
1605535779018637312
1605535779010158594
1605535779463184384
1605535780142583809
1605535782705545216
1605535783200251905
1605535784051699713
1605535783087005696
1605535785280835584
1605535785100271616
1605535787906318336
1605535788099203073
1605535788225134593
1605535789001363462
1605535789017858048
1605535790028693506
1605535790540460035
1605535790913798153
1605535792041967619
1605535792591298562
1605535798194974722
1605535799063126016
1605535799553904642
1605535799625142273
1605535800229232641
1605535800921407490
1605535802188070912
1605535802624077824
1605535805354545152
1605535806038343681
1605535809053999104
1605535807963418632
1605535810341814272
1605535809771343872
1605535812342255618
1605535813399326720
1605535814397693953
1605535813776936961
1605535816318492672
1605535816402755585
1605535816637239296
1605535818746978310
1605535821175484416
1605535821246787587
1605535823088197632
1605535823218212864
1605535824623374337
1605535824891695104
1605535825416134658
1605535825407590401
1605535826087014401
1605535826204450816
1605535828272246784
1605535828469420034
1605535829664808961
1605535830075969541
1605535830130364416
1605535830377758722
1605535831212670978
1605535831472603138
1605535832005304320
1605535833473384449
1605535835491012608
1605535835817799680
1605535835880833025
1605535836115595264
1605535836321157121
1605535836346363904
1605535837218668545
1605535837877260289
1605535837285777408
1605535835524595712
1605535839194189825
1605535839458508800
1605535842163953664
1605535842499428352
1605535845817225218
1605535845837991936
1605535846253223937
1605535847746375680
1605535850997088256
1605535851194322944
1605535852456804361
1605535854524407808
1605535854792806400
1605535856160215040
1605535858899107841
1605535861294002178
1605535862682312704
1605535863198191616
1605535863848435713
1605535866654322690
1605535866918576128
1605535867807731712
1605535867539312642
1605535869951447040
1605535870227922944
1605535872115277824
1605535872220160001
1605535874388676608
1605535874413797376
1605535878964617216
1605535880621355008
1605535883654234113
1605535883477671938
1605535885067522048
1605535885260230659
1605535887344824321
1605535889056157696
1605535889744187401
1605535890763386881
1605535890981494786
1605535891828912128
1605535893585940480
1605535893917499393
1605535895180185600
1605535896383766531
1605535897629339648
1605535898283790336
1605535897536958464
1605535898237431808
1605535899172970498
1605535902222073857
1605535902884691968
1605535903698456577
1605535903488757760
1605535904755380227
1605535906643025922
1605535908358397952
1605535907825668096
1605535909314809861
1605535910044409856
1605535910463885317
1605535911097159681
1605535913232277504
1605535914729435137
1605535916767858688
1605535916948217856
1605535917191532546
1605535918042910721
1605535917879369728
1605535918861045768
1605535920538558464
1605535920639201280
1605535921868111872
1605535924238094336
1605535925156675586
1605535925278330880
1605535925689143298
1605535926720921602
1605535927664668673
1605535928587415552
1605535928465780736
1605535928071516161
1605535929971531776
1605535930189692929
1605535930688753664
1605535930705514496
1605535931838398464
1605535932215500800
1605535932915908608
1605535935961128960
1605535940134555648
1605535942466420737
1605535944915881985
1605535945725730816
1605535949362020355
1605535949605072896
1605535951089967104
1605535951023140864
1605535951958298624
1605535953401036800
1605535954344611840
1605535956538228737
1605535959038439424
1605535958866067457
1605535959088394240
1605535961198338048
1605535960254406656
1605535963463274497
1605535965522821120
1605535968512987137
1605535968634830848
1605535969096105984
1605535970446626816
1605535971574829056
1605535972036587521
1605535972396920833
1605535971390328833
1605535977555955712
1605535979825008642
1605535980047413248
1605535982031278080
1605535982832340992
1605535982886932480
1605535982714920960
1605535983528722432
1605535986464612352
1605535988918505472
1605535989467779072
1605535990428315648
1605535993284755456
1605535993574002688
1605535995239272449
1605535996128509953
1605535996342304774
1605535996694499328
1605535997927731200
1605535998082850817
1605535998305189888
1605535999412428800
1605536000674959360
1605536002293972992
1605536004370300929
1605536005208973312
1605536005972381701
1605536007939571712
1605536008577097729
1605536008832815104
1605536009822777345
1605536010254790656
1605536012058361857
1605536015027953664
1605536015401091072
1605536015418114051
1605536016546267136
1605536017829597184
1605536019671003136
1605536023546511362
1605536026662825985
1605536029623996417
1605536029938659328
1605536032039936002
1605536032354537473
1605536032576770048
1605536034451619840
1605536035500216321
1605536035428913152
1605536035773071361
1605536036293148673
1605536036305915904
1605536040113958912
1605536040999084032
1605536041019981825
1605536043687497730
1605536043675004928
1605536047001059328
1605536047282024449
1605536047601012737
1605536049551134729
1605536050167787521
1605536050880942081
1605536050822012928
1605536050973114371
1605536051153338368
1605536051614945282
1605536052667523072
1605536052935946240
1605536053481181184
1605536055758770176
1605536056211824641
1605536056169836544
1605536056409034753
1605536057717657603
1605536057805660160
1605536058329796609
1605536058363494400
1605536059382644739
1605536060703838209
1605536061295185920
1605536061601378304
1605536061534269440
1605536062448599041
1605536062784172032
1605536063585492995
1605536063883284488
1605536064277454850
1605536065812660224
1605536066680721410
1605536068601667584
1605536068652056576
1605536070296387584
1605536071470567425
1605536073387372544
1605536073743863809
1605536074167525381
1605536074754711553
1605536076050960389
1605536077229350913
1605536077531447296
1605536078294704133
1605536078496239617
1605536077569495041
1605536079045488640
1605536078571507712
1605536080052326402
1605536080370946048
1605536082790977538
1605536083508400129
1605536086498807808
1605536086586822657
1605536086813351937
1605536089061462016
1605536089803980800
1605536090332737537
1605536090923732993
1605536091632816128
1605536089984450561
1605536092018552832
1605536092303765504
1605536092589285376
1605536092001910784
1605536093843005441
1605536098003959811
1605536098398060544
1605536098633015299
1605536100818337793
1605536100012896256
1605536102005501952
1605536102273597441
1605536102516826113
1605536102835802112
1605536102487449600
1605536103439765504
1605536104257552384
1605536105486589954
1605536105935183872
1605536106266738690
1605536106467844097
1605536106572787712
1605536106958692354
1605536111224164352
1605536110444249089
1605536112985767936
1605536114600824833
1605536115988910080
1605536116676866049
1605536116878331905
1605536119063400448
1605536121466736640
1605536122032906240
1605536124406996994
1605536124125995011
1605536124931186688
1605536125589676032
1605536126529204224
1605536128999731200
1605536130832613376
1605536130526502912
1605536131780591616
1605536132074156032
1605536136171991040
1605536135043862529
1605536138055262209
1605536141276430336
1605536142954319872
1605536143285444608
1605536145453875200
1605536146712207366
1605536147421143046
1605536147345616897
1605536147656024065
1605536148989698048
1605536148993892354
1605536151644778496
1605536152450121731
1605536152559112192
1605536153179787265
1605536153775505409
1605536154857574400
1605536154681348096
1605536156447256583
1605536156673839104
1605536157076295680
1605536158481539074
1605536159697731585
1605536160113037312
1605536160423370752
1605536160775778305
1605536161576861696
1605536161849413634
1605536162986299393
1605536164928139265
1605536165741957120
1605536169172684801
1605536170057912321
1605536171181756416
1605536171420921856
1605536171785756673
1605536173362974721
1605536173417299974
1605536174038212608
1605536174755307522
1605536175149658112
1605536175414038528
1605536175422197760
1605536175686488064
1605536177234116608
1605536177993535489
1605536179826221056
1605536180371685377
1605536181361352706
1605536181546016770
1605536183009697793
1605536183202652160
1605536183538294788
1605536183487963137
1605536184125386753
1605536185119813632
1605536185606057987
1605536184809050114
1605536185949990912
1605536186331709441
1605536187707363328
1605536189863276544
1605536190916186112
1605536193990385666
1605536195114565634
1605536197693972482
1605536198214049792
1605536199090720768
1605536200680304641
1605536202420953089
1605536203968839682
1605536205398888449
1605536206460055552
1605536206816567296
1605536208481820675
1605536210369265664
1605536210885263361
1605536211132727297
1605536211132620801
1605536214345322496
1605536215217803265
1605536215691710464
1605536219722416128
1605536221005873152
1605536219986739200
1605536221161062400
1605536221576327168
1605536221421137920
1605536221542772737
1605536221521928192
1605536222935334913
1605536223174483974
1605536226920075264
1605536228178378752
1605536228245270528
1605536227821621248
1605536229201629184
1605536229340155907
1605536229780443136
1605536232695648257
1605536233916051457
1605536234033381377
1605536234327064576
1605536235157536769
1605536235593662465
1605536236004708352
1605536236801691648
1605536237254647809
1605536237812604930
1605536241067233281
1605536241151139840
1605536241042132992
1605536242308747264
1605536243378319360
1605536247426031616
1605536249300676608
1605536250491977729
1605536252219883522
1605536253331619841
1605536254220677120
1605536255533633536
1605536255323869186
1605536256233852928
1605536258100498435
1605536260528885760
1605536261212602369
1605536263179628545
1605536263817158656
1605536264194621441
1605536264811253760
1605536265776013313
1605536265822150659
1605536265843023872
1605536269500661761
1605536269953404929
1605536269949206530
1605536271018774528
1605536271207567362
1605536271979380736
1605536273078386689
1605536273682137089
1605536277167644672
1605536278946070528
1605536280762146822
1605536280892293122
1605536281240354823
1605536282045599745
1605536283899695108
1605536284528607232
1605536284910370816
1605536285099032578
1605536285782732803
1605536288752353280
1605536289503121408
1605536288651612161
1605536292493615104
1605536292883730432
1605536295081615364
1605536295350112263
1605536295681302528
1605536296838893569
1605536298181148672
1605536297744883713
1605536299355496448
1605536299829825536
1605536300462772224
1605536300744036358
1605536301750665217
1605536303457529856
1605536305873502209
1605536307156901889
1605536307454758912
1605536308327198720
1605536309375684609
1605536311758266368
1605536312492142594
1605536312655847428
1605536313586876416
1605536315763593217
1605536316925440001
1605536317081022464
1605536316699000832
1605536319412719616
1605536319563653120
1605536319723122691
1605536319752605699
1605536319861444608
1605536320398442501
1605536320469639170
1605536321480536064
1605536323581800450
1605536323590307840
1605536325418962944
1605536326454898688
1605536328258424832
1605536329906806787
1605536330175635456
1605536332054695942
1605536336173228032
1605536338861867008
1605536340484927489
1605536346302345217
1605536346784890880
1605536348525527041
1605536349569810432
1605536351226470401
1605536352228999168
1605536352845828101
1605536353101365248
1605536357924773890
1605536358121889793
1605536358411296768
1605536359053156352
1605536359174639617
1605536359627857921
1605536359925440513
1605536360147714048
1605536362383507458
1605536362819555328
1605536363935211521
1605536363960729600
1605536364849684482
1605536365889785857
1605536366284009472
1605536366376255489
1605536367831683072
1605536368037400577
1605536369371074568
1605536370793254912
1605536371606556672
1605536371514306564
1605536371774472194
1605536371786977280
1605536371866710016
1605536372231614464
1605536372315639808
1605536374890762242
1605536376581136384
1605536376514314240
1605536378627956737
1605536379055783937
1605536381341573121
1605536382239154176
1605536382101127168
1605536386823598081
1605536387373010945
1605536388266577921
1605536389658918912
1605536389939859456
1605536390443196417
1605536390652968968
1605536390824857600
1605536391496011776
1605536392888700929
1605536392762855424
1605536394490912768
1605536396818624517
1605536397229555712
1605536397212803073
1605536397670113280
1605536397649006593
1605536397657415682
1605536398135566337
1605536398874136577
1605536400538947584
1605536401185034240
1605536401260302336
1605536403441467392
1605536403739197440
1605536403986604033
1605536403508514818
1605536405173678086
1605536406926827522
1605536409229545472
1605536410030592001
1605536410131435523
1605536410659745792
1605536411494469632
1605536411435909122
1605536413633478657
1605536413658673152
1605536417118969856
1605536417362325505
1605536417916112902
1605536419824357376
1605536419966988290
1605536421527306242
1605536420667457537
1605536421598699520
1605536421720125440
1605536422429073408
1605536423565791232
1605536423766937600
1605536423896940545
1605536426686173184
1605536427600535552
1605536427680288769
1605536426749214722
1605536431291895808
1605536432621096960
1605536433845870593
1605536433997238274
1605536435297087488
1605536440267509761
1605536440540176385
1605536440858791936
1605536441701781505
1605536443228688384
1605536443283144704
1605536443681701889
1605536444017037313
1605536445606658048
1605536445669601281
1605536446009335813
1605536447464759296
1605536447800426505
1605536448723046401
1605536449314504704
1605536451717992450
1605536451646705664
1605536453454270465
1605536455325110272
1605536457111703554
1605536460391600129
1605536460769136642
1605536462824415234
1605536463936012289
1605536463948390400
1605536465412182017
1605536465751928832
1605536465391259648
1605536468163645441
1605536469703135232
1605536470097240064
1605536470420406272
1605536470600536066
1605536471162621954
1605536472131461122
1605536472362143744
1605536474052468736
1605536474379624449
1605536474987782144
1605536477319946241
1605536478682968067
1605536478670426113
1605536480805339137
1605536480931196928
1605536481249992706
1605536482583871490
1605536484403974144
1605536486962606080
1605536489072300033
1605536489328328708
1605536489407856640
1605536491228524544
1605536492742250496
1605536493497352192
1605536493828571136
1605536493686120449
1605536494264807425
1605536494763929601
1605536496580034561
1605536496798568448
1605536498249515008
1605536498832375810
1605536498786324481
1605536495120416768
1605536499427971073
1605536499759464449
1605536500287938562
1605536500061446146
1605536502380888066
1605536503714775040
1605536504964685824
1605536505719652354
1605536505589481472
1605536506222821376
1605536507103571968
1605536507367784448
1605536508269584384
1605536509028876289
1605536510920364033
1605536511847456768
1605536516725415936
1605536517417340929
1605536519007059969
1605536519107891205
1605536520533790720
1605536520957415426
1605536522018574338
1605536522660220929
1605536523268501506
1605536523713015808
1605536525495803904
1605536525373931523
1605536526959382530
1605536531426541568
1605536530860101633
1605536533544849408
1605536535402622977
1605536537017319429
1605536537407623171
1605536538372079616
1605536538401525760
1605536538678288384
1605536539219439618
1605536541304098819
1605536541618671618
1605536542159769600
1605536541903929346
1605536542415474695
1605536545108213761
1605536546488143872
1605536545938608128
1605536548157415426
1605536550258761730
1605536552364417025
1605536554264428546
1605536557661822976
1605536559528148992
1605536559830179840
1605536560115552258
1605536560161902592
1605536560698384385
1605536561113833473
1605536561369694210
1605536561654730752
1605536562153865216
1605536562384510978
1605536565001736192
1605536566352519169
1605536567690694658
1605536568533467138
1605536570068455424
1605536570496491520
1605536571284893696
1605536576431198211
1605536576620007425
1605536576787943431
1605536577882492928
1605536578423529473
1605536579233386497
1605536579430535168
1605536579430203393
1605536579883520000
1605536580524834816
1605536580432629761
1605536581644800000
1605536582471032833
1605536582546722816
1605536582747971585
1605536583033229314
1605536584627093506
1605536585365209089
1605536585524469761
1605536585218461696
1605536587541975041
1605536590436225024
1605536591149092864
1605536592336080896
1605536592914829312
1605536594739568640
1605536594928144384
1605536596601851906
1605536597956562946
1605536598916943872
1605536599395037184
1605536599806050304
1605536600707981314
1605536605195751424
1605536605233561600
1605536606026203136
1605536606286319616
1605536608333090817
1605536609650106368
1605536610593841152
1605536611126546432
1605536613228253184
1605536615002042371
1605536615807348736
1605536615975133186
1605536616075866114
1605536619368353793
1605536620853067777
1605536621142503424
1605536623218884609
1605536627098406912
1605536627689922560
1605536628318949376
1605536628281319424
1605536629367660545
1605536629476642816
1605536629766045697
1605536630940479489
1605536634597822464
1605536633969053697
1605536636170694656
1605536637290676224
1605536637756252160
1605536638318149635
1605536638406254592
1605536640469856256
1605536641006784512
1605536641002532865
1605536641200066560
1605536641287798786
1605536641631719425
1605536643032784898
1605536643451998208
1605536643909156864
1605536643837874176
1605536645167697921
1605536645284909056
1605536645100568576
1605536645972754435
1605536645482258433
1605536647306547200
1605536647843500032
1605536647847608321
1605536648049184768
1605536648183238657
1605536648216735744
1605536648334176256
1605536648833470465
1605536649445666817
1605536649605427201
1605536650464894977
1605536651425374208
1605536651911917568
1605536652746637313
1605536653594042368
1605536653648330752
1605536654093160452
1605536656798392322
1605536655917477888
1605536657704251393
1605536657662300160
1605536658845306880
1605536659482808320
1605536661302960128
1605536661118386177
1605536660623613954
1605536663023022080
1605536664155148288
1605536664188850176
1605536664419414016
1605536665094696962
1605536666202030080
1605536667137413121
1605536668483694592
1605536672879255555
1605536672992542720
1605536674137505792
1605536675559604225
1605536678843912192
1605536681842679810
1605536685139275777
1605536685223075840
1605536685399236613
1605536686682918912
1605536687882395648
1605536687823589378
1605536688750481408
1605536691615371264
1605536692080988160
1605536691774554113
1605536695784419328
1605536695113420807
1605536697059459072
1605536697856294914
1605536698321891328
1605536698888241153
1605536699253231616
1605536699706068994
1605536699907555328
1605536700062527489
1605536700750393345
1605536702604251136
1605536705242488833
1605536706387595264
1605536706920210439
1605536707893264384
1605536708325281793
1605536708392386560
1605536708518215681
1605536708455387141
1605536709252452352
1605536709843861505
1605536709998804992
1605536711701696512
1605536712502833152
1605536712611885056
1605536713241399296
1605536713568268288
1605536714159595520
1605536718484131840
1605536718597128192
1605536719591288832
1605536722061627394
1605536724456640514
1605536725001834497
1605536725366820870
1605536726415392774
1605536727170416642
1605536729473208321
1605536731658219521
1605536732396429312
1605536730412482560
1605536733323563011
1605536733910769664
1605536734540075008
1605536735349202944
1605536736825593857
1605536737014345728
1605536737605943296
1605536740860534784
1605536740923518977
1605536741925867520
1605536743461048320
1605536748070752256
1605536749333012480
1605536749597478912
1605536749815443458
1605536750528503808
1605536751073824768
1605536753854681088
1605536754307514369
1605536754395516930
1605536755117002752
1605536756471762944
1605536757075804160
1605536758791172096
1605536760192069633
1605536760511008772
1605536762146824200
1605536762662715392
1605536764671643648
1605536765254647808
1605536765481058304
1605536766802284545
1605536767964114944
1605536768777809920
1605536769310543872
1605536770221035521
1605536769717309440
1605536771676459008
1605536775610503168
1605536775987900416
1605536777166528512
1605536777829289985
1605536779666214912
1605536780211564546
1605536782170193921
1605536782505738243
1605536783487275008
1605536784032550913
1605536784707858434
1605536786746200066
1605536788222660609
1605536788428206081
1605536791771205633
1605536793549410305
1605536795889917954
1605536797974355969
1605536798351966209
1605536799056617472
1605536799316529152
1605536800860151808
1605536801069973504
1605536801367654401
1605536801761918976
1605536804018364416
1605536804169551878
1605536805436039169
1605536806551814145
1605536806526537729
1605536808884121606
1605536809630449665
1605536810007830529
1605536810049933312
1605536810297442310
1605536811849199616
1605536812348608512
1605536812234964992
1605536812746711041
1605536812973162496
1605536813489086469
1605536813665615872
1605536813086433280
1605536814521282560
1605536815057731585
1605536815040954368
1605536815460495360
1605536816974569472
1605536817884733440
1605536818304151552
1605536819184951297
1605536821026357248
1605536821185630209
1605536821777006593
1605536822422949888
1605536822242615296
1605536822590939139
1605536823949684736
1605536825551962112
1605536826021646336
1605536825912745986
1605536826600480769
1605536826789433348
1605536828454379520
1605536828575997952
1605536830975139841
1605536832870940672
1605536833542139905
1605536834871644160
1605536835186200577
1605536836385914886
1605536837032087552
1605536837094674432
1605536837170188288
1605536839196196864
1605536840504578048
1605536843000340481
1605536844090707968
1605536844287864838
1605536844468338688
1605536844501827585
1605536846578073602
1605536846754234374
1605536847492530180
1605536847559479296
1605536847945379841
1605536847974711300
1605536849551769601
1605536850164469760
1605536850176888833
1605536850336051200
1605536850193457152
1605536850357014528
1605536849463611392
1605536851041079297
1605536852819206145
1605536853213732864
1605536854127906816
1605536853679116288
1605536855918669824
1605536856245907457
1605536856900308996
1605536858779242498
1605536859882344448
1605536861375434752
1605536860226322432
1605536863564926976
1605536864147976192
1605536865536184320
1605536866069106688
1605536865838256130
1605536870435360772
1605536870472876033
1605536870447779842
1605536871718785026
1605536872087703553
1605536872180207617
1605536873891315719
1605536875866861569
1605536876034723840
1605536879239127041
1605536881034137600
1605536881323778049
1605536881659109377
1605536882141454336
1605536883320053761
1605536883634601984
1605536883655802882
1605536886147072001
1605536887774466048
1605536888185671680
1605536888432906240
1605536888697208833
1605536890060316673
1605536892119707648
1605536892686155776
1605536892614856704
1605536893348696065
1605536893701079041
1605536893931819010
1605536894342688768
1605536894455988224
1605536894527291393
1605536894128750593
1605536894527340544
1605536894896312320
1605536894946873344
1605536895169077249
1605536895584202752
1605536896343588864
1605536897945796610
1605536898365079552
1605536898562555905
1605536900672110592
1605536901582032897
1605536902496428032
1605536903230431232
1605536907001139200
1605536907118759940
1605536907294810112
1605536907982622724
1605536909434171392
1605536909601607680
1605536911199817729
1605536911505821696
1605536911648378880
1605536910906114048
1605536912512471040
1605536912583757825
1605536913145724929
1605536913850617856
1605536917466091525
1605536917830787072
1605536918636093441
1605536918846033920
1605536918846029824
1605536921140092928
1605536921903460353
1605536924202020867
1605536925472788480
1605536926122987521
1605536926119124992
1605536926445973504
1605536927029010433
1605536926991208449
1605536927163228160
1605536928132014080
1605536928971247616
1605536928937676800
1605536929235468288
1605536929226756097
1605536930254315521
1605536932016037889
1605536932695605248
1605536935044268032
1605536939607822337
1605536941201428480
1605536942044508160
1605536944586309632
1605536948029861889
1605536948487356416
1605536948600246274
1605536949653032960
1605536949741260802
1605536949531394048
1605536949988622337
1605536952123629568
1605536952782295040
1605536953843097600
1605536953860227072
1605536954111492097
1605536955575304192
1605536956376440832
1605536957097861120
1605536957454585858
1605536959065370624
1605536960314871808
1605536961875296257
1605536961829015553
1605536962110058496
1605536962739421185
1605536963360354304
1605536963154542592
1605536964391800832
1605536964651859971
1605536966992228352
1605536967445413888
1605536968670003200
1605536969005551616
1605536969160724480
1605536969848659970
1605536970242826241
1605536970100183041
1605536970645831680
1605536970817409024
1605536970985259008
1605536970909913089
1605536971450994689
1605536971597570049
1605536972310708224
1605536973069787136
1605536973216657409
1605536974504239104
1605536974835572736
1605536977058779136
1605536977280868352
1605536982557261825
1605536984289755136
1605536984977625088
1605536985703075840
1605536986323787776
1605536987015962624
1605536988534345731
1605536989008125952
1605536991680073729
1605536992539791360
1605536994976706561
1605536995324751873
1605536996616589313
1605536996675420168
1605536996755009538
1605536997258317824
1605536998374068225
1605536998688636928
1605536999376576513
1605536999510724609
1605536999582072832
1605537000915963904
1605537000961949698
1605537002329210881
1605537004959039490
1605537005500174336
1605537008486531072
1605537008465518593
1605537008784384000
1605537011414102016
1605537011493785601
1605537011669995520
1605537012391387136
1605537014530551809
1605537016216633344
1605537016959082496
1605537016971636736
1605537018523668480
1605537020536713216
1605537020742455296
1605537021862113280
1605537022768095232
1605537023430955013
1605537023951081472
1605537025238568962
1605537025418964993
1605537025007816704
1605537027516006400
1605537027960602625
1605537028015329286
1605537029378318337
1605537030816964609
1605537031735898113
1605537039033593856
1605537039570575361
1605537039608188928
1605537041671782401
1605537042229628930
1605537042590580737
1605537042473132032
1605537043236286464
1605537048386932736
1605537048420417537
1605537048496054272
1605537051058872320
1605537051251654656
1605537051729743873
1605537051826393089
1605537052744814592
1605537052249886721
1605537053206142978
1605537054254764032
1605537054347055104
1605537054313562112
1605537055249137664
1605537055412326400
1605537056402198528
1605537057803100161
1605537057786429441
1605537058327433216
1605537058709200902
1605537059032088576
1605537060869197824
1605537061624115200
1605537061355737088
1605537062802690049
1605537065273135104
1605537066321731584
1605537068041621505
1605537068808953857
1605537070918733825
1605537071099256837
1605537070348378114
1605537072399273984
1605537073837899778
1605537075746545666
1605537078166421504
1605537079101779968
1605537078816968704
1605537080435621888
1605537080460906498
1605537079517011968
1605537080964091905
1605537082826448896
1605537082943754240
1605537083946258432
1605537085590478848
1605537087066804224
1605537090984284163
1605537092125089792
1605537092200587264
1605537093727313941
1605537094780084224
1605537095128211461
1605537098085171201
1605537098777653253
1605537101616885760
1605537101981761538
1605537103747506177
1605537104896724992
1605537104913895424
1605537106658398208
1605537107690356736
1605537107870720003
1605537107966955521
1605537108990443520
1605537108856172544
1605537109737095168
1605537112253554688
1605537112740315136
1605537113595748354
1605537114749378563
1605537116494012419
1605537116720701442
1605537117672591361
1605537117639041024
1605537118159110144
1605537118276632576
1605537118444363777
1605537119627198466
1605537121632223232
1605537122105974784
1605537122869313536
1605537124601692161
1605537124727472129
1605537125193187328
1605537125742641153
1605537126811959296
1605537129513091072
1605537129274056705
1605537131027263488
1605537132633677825
1605537132809969665
1605537133153751040
1605537135028670467
1605537134768975872
1605537135628804097
1605537137071337472
1605537138589798400
1605537138849652736
1605537138044723200
1605537139692777476
1605537139860480000
1605537140061876224
1605537140103958534
1605537143010430978
1605537145296490497
1605537145363476481
1605537145451470849
1605537145375977476
1605537146726907904
1605537148056129536
1605537148219686912
1605537147368247296
1605537150920822784
1605537151634096132
1605537153760473089
1605537153911468032
1605537155878514689
1605537156709044225
1605537157262647296
1605537157493317638
1605537159053574144
1605537160299364353
1605537162790830081
1605537164292329474
1605537166955712517
1605537167186329601
1605537167677083649
1605537169719820288
1605537171229868032
1605537171380715520
1605537172932657152
1605537173918187522
1605537174337728517
1605537175155589123
1605537175252004864
1605537177173053440
1605537177672237056
1605537178582278144
1605537180901732352
1605537181056933888
1605537181207887873
1605537185469304832
1605537187889651712
1605537188027867136
1605537190502506496
1605537191106465792
1605537189701435394
1605537192264114177
1605537194021720067
1605537194369638400
1605537195778904069
1605537196462571521
1605537196361936898
1605537197003747329
1605537198408753154
1605537198610165761
1605537198714933255
1605537198836781057
1605537202976563200
1605537203182047232
1605537204343902209
1605537204603797504
1605537204876374017
1605537204951842817
1605537206503972864
1605537208084992001
1605537208995233795
1605537209683267586
1605537211465707521
1605537211427958784
1605537212002615296
1605537212514283521
1605537215723229185
1605537216226361348
1605537217052639232
1605537219661516800
1605537220886003712
1605537220026175494
1605537222039478272
1605537222962384900
1605537223230767105
1605537224262668291
1605537225650753536
1605537225604841472
1605537225692700672
1605537226460274688
1605537226506457089
1605537226972168192
1605537230436544512
1605537231032455168
1605537231636025344
1605537231849955328
1605537233720598539
1605537235121582082
1605537235570462721
1605537235407106048
1605537236136722432
1605537236489064449
1605537237793247234
1605537238233776129
1605537239391354881
1605537241006084096
1605537240959971329
1605537241303961600
1605537241501089793
1605537242029600770
1605537241584934913
1605537244487393280
1605537245737254912
1605537245129105408
1605537246550953986
1605537246899163138
1605537247758995456
1605537247985422336
1605537248090259457
1605537248199512064
1605537249008967681
1605537249411465217
1605537252699840512
1605537253064851456
1605537253576450049
1605537254474121224
1605537254587236353
1605537255262539776
1605537255338041344
1605537257150038018
1605537257036709888
1605537258945515520
1605537258567712769
1605537264083378176
1605537264909447169
1605537264733327360
1605537265098190849
1605537267312865281
1605537267442778113
1605537267610689537
1605537267941924864
1605537268046995457
1605537268307054593
1605537268889817088
1605537269250928640
1605537270106243073
1605537270693593088
1605537271574192129
1605537272421666819
1605537274631970816
1605537274682302465
1605537276439670784
1605537277291253761
1605537278989942784
1605537278973149185
1605537282559070208
1605537285180559362
1605537288313704448
1605537288431161344
1605537288615653376
1605537289282539520
1605537290293432322
1605537290788278272
1605537290964566018
1605537293166448640
1605537293342605312
1605537294441537536
1605537293401395200
1605537295322316800
1605537294647279616
1605537296538705921
1605537297801170946
1605537299025891328
1605537299919314945
1605537300640849920
1605537301022531584
1605537300921913344
1605537302171725824
1605537302352039937
1605537302847291394
1605537302997921792
1605537304793210889
1605537306412126209
1605537306693488640
1605537308169617410
1605537309704654850
1605537309931216897
1605537312233979912
1605537314503114752
1605537315073318913
1605537315480141824
1605537315945730049
1605537316335861761
1605537316444852224
1605537316583399424
1605537316918829057
1605537317958979584
1605537318433071104
1605537319263490050
1605537320404500480
1605537320505049089
1605537320752619520
1605537321327042561
1605537321608257537
1605537321989771264
1605537322950221825
1605537323298455553
1605537328306561026
1605537328902332417
1605537329770221569
1605537330055376896
1605537330646855680
1605537332559581185
1605537333868208134
1605537333486358528
1605537334224883712
1605537334413643776
1605537335059550208
1605537335059156992
1605537337491890179
1605537338007789568
1605537338611961856
1605537338817273856
1605537340503609344
1605537341124120577
1605537341187264516
1605537341237608448
1605537341396770816
1605537341250056193
1605537342646730757
1605537342718107648
1605537344622366720
1605537344827686912
1605537344546689027
1605537345725353984
1605537347008729088
1605537349261303808
1605537349827325952
1605537350876073984
1605537353203736577
1605537354822713344
1605537354822950913
1605537358396346369
1605537358325096455
1605537359121903617
1605537359910633475
1605537359528955904
1605537362263449600
1605537362578067456
1605537363257487362
1605537363802828800
1605537365690175488
1605537366361247745
1605537366491353088
1605537366453673984
1605537367028277248
1605537367544147971
1605537368265461760
1605537368341110786
1605537369691545600
1605537370324889602
1605537372799582210
1605537376289189889
1605537376666894336
1605537381745991680
1605537382148673536
1605537385563004930
1605537386078687232
1605537386036961282
1605537386129068035
1605537387651551232
1605537388259852289
1605537388666753027
1605537389534842881
1605537389396590593
1605537390520545283
1605537391329959937
1605537393418780672
1605537393519382528
1605537393892900865
