1604536975419006977
1604536976153026561
1604536990254383107
1604536998362054658
1604536982037725185
1604537040741154816
1604536982205566979
1604536986986913793
1604536980532068366
1604536991302852608
1604536975318749185
1604536982344011781
1604536974789984259
1604537013020987393
1604537055849353217
1604536977101099008
1604536981983301633
1604536983799431173
1604537026270793729
1604537076002672641
1604536974450102273
1604536985187536900
1604536974534217736
1604536983757459459
1604536998617923584
1604536980569698304
1604536979583946752
1604537015659274240
1604537022383022080
1604536983652827136
1604537037478334466
1604537046181322753
1604536977939996672
1604537011334807553
1604536978480893955
1604536981442252805
1604537100992655360
1604537014262661126
1604537015584067584
1604536984298455046
1604537082122473472
1604536977587666948
1604536978292236288
1604537047942942724
1604536990682054659
1604536981501120512
1604536977155493892
1604536976442474496
1604536997275922436
1604537021854322692
1604537002036428800
1604536974534012931
1604537002351001600
1604537006356402176
1604537045715910658
1604536974286757892
1604537007019008005
1604537014916784128
1604537054322368518
1604536997397159936
1604536981144621056
1604537004590370818
1604536978497839110
1604536979026214916
1604537046491693059
1604536984844001282
1604537007555973122
1604536974597038083
1604537003781263360
1604537014254043136
1604536987918430208
1604537078401753091
1604537017593131009
1604537137310961664
1604537026757656576
1604537070273589249
1604537014044733441
1604537045346500609
1604537031862149120
1604537035414454273
1604536996562890752
1604536999867826181
1604537019421843456
1604537080687771655
1604536998190256129
1604536997791510533
1604536993358090240
1604536998538407936
1604536991332417540
1604537004074491904
1604536981169573888
1604537091538444288
1604537027705176068
1604536980536053763
1604537061654011906
1604537028162437121
1604537124706885633
1604537095342919681
1604537012203032577
1604537045594296321
1604536986668306436
1604536990996709379
1604537128792252427
1604537170576171010
1604537071233703936
1604537080318672897
1604537115496173571
1604537015584067585
1604537029731422209
1604537033984090112
1604537014988279813
1604537179237220353
1604537050208043010
1604536986693410816
1604537053932392450
1604537024110804992
1604537097116868615
1604537091538329600
1604537042217472001
1604537054808788993
1604537005441814528
1604537093199314944
1604537120437182465
1604537056339771393
1604537058537545729
1604536998844211200
1604537021007278080
1604537037020864517
1604537116154908672
1604537109804630024
1604537180357292033
1604537130445074434
1604537094545743873
1604537061549015040
1604537086237102080
1604537026304704512
1604537164049838080
1604537050442903555
1604537082134904833
1604537082801639424
1604537040862937096
1604537085158793218
1604537057006587905
1604537068214013959
1604537033392693248
1604537099947978753
1604537067769192450
1604537076493549568
1604537090338717696
1604537023301156870
1604537057812045832
1604537003370229760
1604537059074576385
1604537072462598149
1604537045606887426
1604537214343553025
1604537078343434240
1604537107636158470
1604537066494255109
1604537072307404801
1604537062555897858
1604537044684115968
1604537130750906368
1604537169258745856
1604537102577942529
1604537000421634048
1604537072970526720
1604537224367935490
1604537118185119744
1604537053437431808
1604537132319588356
1604537110135971842
1604537177697882113
1604537163345010694
1604537120911155202
1604537214918135812
1604537128641142784
1604537074757111811
1604537119573442561
1604537113340518406
1604537137235652610
1604537139013644288
1604537204075769856
1604537128997756930
1604537113739137025
1604537100363497473
1604537098190610432
1604537015885877256
1604537235147194373
1604537050966933513
1604537236686520323
1604537073423327236
1604537082205990914
1604537084781375489
1604537063046778880
1604537179816038403
1604537097993719808
1604537245259935744
1604537248925499395
1604537062581219328
1604537129467404288
1604537186233221121
1604537101915197449
1604537167962726400
1604537072034906113
1604537253857992705
1604537075545829377
1604537125835542528
1604537083418316805
1604537065110110209
1604537111666884611
1604537243368132608
1604537110744412163
1604537110484373505
1604537084643053577
1604537200502345728
1604537189878009856
1604537180650704901
1604537154763640834
1604537145649152005
1604537156042735620
1604537145016094721
1604537111017029633
1604537139395407872
1604537263509368836
1604537212758286337
1604537115844530176
1604537150405595136
1604537149579223042
1604537118390636544
1604537157343141888
1604537166411235329
1604537194689236992
1604537087381864455
1604537164691378177
1604537100841488387
1604537119342727168
1604537238855028744
1604537266533240832
1604537143300263937
1604537083917467655
1604537138418155522
1604537082491305992
1604537132101427201
1604537119451381760
1604537151760236550
1604537115563393026
1604537175059468288
1604537282866077699
1604537198329860096
1604537186086293505
1604537129480118272
1604537128032927744
1604537123373076481
1604537286506733570
1604537250267729933
1604537127357665280
1604537187495981057
1604537070898122754
1604537043081900033
1604537222404792320
1604537212682526721
1604537202003902474
1604537122005946368
1604537270907703296
1604537096689139718
1604537248900325376
1604537126925631488
1604537215039590400
1604537215559909380
1604537108106039296
1604537191845494784
1604537188896473091
1604537098018738186
1604537306303680514
1604537246241234945
1604537046881771521
1604537276251635714
1604537220031041537
1604537301539115008
1604537177764900866
1604537149877010435
1604537151278157824
1604537174736658440
1604537229329813505
1604537190432006147
1604537056948097024
1604537225806581764
1604537168189591554
1604537177429671937
1604537111985561601
1604537187562913798
1604537156978053122
1604537194248536070
1604537144306855938
1604537154499006464
1604537175910948864
1604537159012257792
1604537274599112704
1604537217577369602
1604537195221565441
1604537204755369988
1604536975859412993
1604536980188151811
1604537261470646273
1604537184408961024
1604537192419889156
1604537242046824450
1604537234153406466
1604537292709830661
1604536992146280448
1604537108600758276
1604537122362269697
1604537145842372608
1604537298967597056
1604537193766453249
1604537213034717185
1604537159297273857
1604537330173353988
1604537226490044420
1604537190348095488
1604537209641500674
1604537256601341956
1604537202356064256
1604537350175854594
1604537199134851072
1604537352772517888
1604537239232544770
1604537218722562048
1604537255384825860
1604537361441890306
1604537362616295425
1604537241216643072
1604537196593414144
1604537223428411397
1604537189186125824
1604537254759862273
1604537289841025026
1604537345834946563
1604537256412598272
1604537177085542401
1604537230185623552
1604537168302587907
1604537268433297415
1604537361265631232
1604537236388806662
1604537260392972288
1604537270371233792
1604537148249542656
1604537339639787521
1604537374163304452
1604537385219342336
1604537263689383937
1604537242491310088
1604537238591004672
1604536989881028608
1604537312372985857
1604537222585360385
1604537236128677891
1604537278470070273
1604537276867936264
1604537345260531713
1604537258316599298
1604537159742066689
1604537269469192195
1604537376583581696
1604537393687789574
1604537213743775750
1604537332576784391
1604537300217643009
1604537319809515520
1604537197851561985
1604537355834077186
1604537302906126338
1604537298514837505
1604537354877812736
1604537260917284868
1604537354181521414
1604537321109749761
1604537293179858945
1604537312884314115
1604537172765577216
1604537351086100482
1604537300330987523
1604537275441987584
1604537277820067844
1604537281938956289
1604537203660668931
1604537270992003074
1604537206206795776
1604537304768356352
1604537301711093760
1604537302620852225
1604537271637925888
1604537262611595270
1604537240532975617
1604537232538292224
1604537271281061889
1604537372993257472
1604537252100640783
1604537345390395397
1604537285617152001
1604537277618835459
1604537294345474049
1604537286112468992
1604537310950948864
1604537372389277698
1604537336749969409
1604537302222503936
1604537306475544583
1604537306819416064
1604537298334253058
1604537357180338176
1604537427997204488
1604537320908107777
1604537247814266880
1604537309277622273
1604537441222012931
1604537299844333572
1604537331892908032
1604537324519317504
1604537420640563200
1604537279560785920
1604537329900818433
1604537329481236481
1604537283394387974
1604537308661035008
1604537065416232962
1604537332144693251
1604537290960867328
1604537269704347648
1604537306743963652
1604537393213833220
1604537315790966784
1604537295117467651
1604537260090658816
1604537355951489024
1604537272296144896
1604537320858091520
1604537347315564548
1604537386364710915
1604537333667180547
1604537274733133826
1604537337056108544
1604537321524670464
1604537461660688391
1604537353833283585
1604537263786176512
1604537305661902861
1604537294299480066
1604537308488896512
1604537340625817600
1604537353183367170
1604537329720315906
1604537354739675139
1604537340168327169
1604537369981771777
1604537439741042688
1604537376751206409
1604537358539493383
1604537358161809409
1604537386264047618
1604537342567796736
1604537469504221185
1604537404353822728
1604537480593932295
1604537392622452739
1604537306966200322
1604537397634818048
1604537299332636682
1604537429158944771
1604537351086444549
1604537389246025732
1604537352336334848
1604537454412693504
1604537378168745984
1604537359080558594
1604537352084504578
1604537490832080896
1604537380299587589
1604537345658740742
1604537375467659267
1604537394887528448
1604537378982371330
1604537353690763265
1604537362524295170
1604537395633786881
1604537486046265347
1604537459043438603
1604537468006633478
1604537363882864641
1604537289882963969
1604537399572369409
1604537433189515264
1604537447248953344
1604537369109352450
1604537473152913409
1604537498432114689
1604537205435027456
1604537311387156482
1604537418589298694
1604537354328461317
1604537452412051457
1604537468019249159
1604537341405589505
1604537380437884931
1604537469877338112
1604537440684822528
1604537295847264257
1604537394602168325
1604537399626719232
1604537369197424640
1604537362046128129
1604537428403843072
1604537480300048385
1604537394065285122
1604537384032509955
1604537503666638859
1604537491310411779
1604537415774806017
1604537381935251458
1604537460104450050
1604537440613564416
1604537426323509249
1604537520108232705
1604537421131038723
1604537347307339778
1604537479956434945
1604537399769448448
1604537350444355585
1604537375354675200
1604537312309702656
1604537409475338240
1604537391263678464
1604537523249741832
1604537402865127424
1604537381218312192
1604537375710904323
1604537429746229251
1604537501569277953
1604537534112997376
1604537224472805383
1604537421206536194
1604537421491621888
1604537322149621760
1604537387358396417
1604537386028802056
1604537443205935105
1604537451833344002
1604537498692100096
1604537531466665987
1604537532099731459
1604537454010445825
1604537392181846017
1604537426411524097
1604537459546914816
1604537417360367616
1604537404886581254
1604537384338587652
1604537461853417473
1604537368442064896
1604537419755200513
1604537428639113216
1604537165056073728
1604537543453728769
1604537549300633601
1604537549586051072
1604537345654530048
1604537348330590215
1604537450478456833
1604537551028891649
1604537514559418368
1604537472246894592
1604537553021194240
1604537391452196865
1604537437287755777
1604537422859075594
1604537419755393030
1604537483823157254
1604537558658080772
1604537404307537921
1604537443038167043
1604537343704059904
1604537492111179776
1604537526253125632
1604537552391790592
1604537358929473536
1604537446200659970
1604537355528212480
1604537426696814593
1604537567415861250
1604537509756932097
1604537454874206208
1604537425006854144
1604537474901938176
1604537439392911361
1604537492832600064
1604537427183669248
1604537476772659202
1604537478320365577
1604537186543497216
1604537569466777602
1604537508611629057
1604537433932324864
1604537402810281985
1604537439929991171
1604537481520898049
1604537452697370625
1604537473329033216
1604537550277861376
1604537457491705857
1604537458955280386
1604537432048664579
1604537510943944704
1604537430652387330
1604537398846791683
1604537580363841536
1604537511744720897
1604537514295193602
1604537494850088960
1604537469751656448
1604537469692682242
1604537572511866880
1604537431234994176
1604537492480618496
1604537582708064263
1604537478626656259
1604537475825008640
1604537480610742272
1604537595089678337
1604537561178812418
1604537529772003329
1604537432518832128
1604537521937223681
1604537514408267776
1604537591801401344
1604537599342673921
1604537406656495620
1604537473597480960
1604537441129582596
1604537488021852161
1604537467478380544
1604537481160200192
1604537464609247240
1604537480556208128
1604537474683998209
1604537473006198792
1604537596239134730
1604537464051609600
1604537493197561859
1604537493474668544
1604537480354856960
1604537505209929728
1604537541515833344
1604537571668680704
1604537488206348288
1604537612345171979
1604537612748062722
1604537620130058241
1604537441670529027
1604537547224666113
1604537426696978434
1604537479440338947
1604537547475939328
1604537479800971269
1604537613213650946
1604537480325500929
1604537616220553216
1604537617751621633
1604537479209652226
1604537535534960649
1604537578291892224
1604537609124208640
1604537499212185600
1604537502999908352
1604537551099899908
1604537479834374144
1604537565331066883
1604537624483479554
1604537503352229888
1604537477427269632
1604537622294155265
1604537493155627010
1604537509278584834
1604537506963283970
1604537618204889089
1604537445177266177
1604537534289149960
1604537622038077441
1604537465791860742
1604537458892341258
1604537443293990917
1604537564437831681
1604537456258617346
1604537562290192385
1604537631253172227
1604537479780081667
1604537445189836801
1604537479255785473
1604537631831953410
1604537531906736128
1604537640300285957
1604537566866198529
1604537556443561991
1604537649829531648
1604537508766928903
1604537644884664324
1604537588425314305
1604537535623045122
1604537525875650560
1604537642385051648
1604537519093096448
1604537595731398656
1604537522259836930
1604537648239894528
1604537650198847498
1604537576345702400
1604537564555534337
1604537564609880069
1604537530199642113
1604537478102261760
1604537559836774400
1604537614895292422
1604537615071744001
1604537552073273346
1604537479318892551
1604537545773268994
1604537529616797699
1604537650827886597
1604537657232605186
1604537589180014592
1604537605344952320
1604537542988242953
1604537530770079744
1604537667404058624
1604537504358535168
1604537534230437889
1604537598067838977
1604537526659719168
1604537619714519040
1604537661217193984
1604537599225380867
1604537569139720200
1604537540697939969
1604537592803778560
1604537633237094402
1604537516618563589
1604537663540719617
1604537527091634176
1604537529696456713
1604537600005513219
1604537479180296194
1604537478043533312
1604537546263990276
1604537601628966912
1604537566912737281
1604537568795643904
1604537566455275520
1604537497152806916
1604537471953301504
1604537605525188609
1604537647703146497
1604537559052619777
1604537539708309507
1604537639126052864
1604537553574559744
1604537568795668480
1604537632201281539
1604537381872435204
1604537606322016259
1604537570980814850
1604537688643620867
1604537688668786688
1604537556443762689
1604537691688689664
1604537566228729857
1604537545270104065
1604537593034596356
1604537579935653888
1604537513099423744
1604537562273546254
1604537409429012484
1604537698663792642
1604537569865105414
1604537493373997057
1604537620842807301
1604537503436115968
1604537669056356361
1604537571765547010
1604537601947336704
1604537573606670347
1604537445714132994
1604537681676902400
1604537636110348288
1604537436532789248
1604537679156154370
1604537696986308609
1604537603109183489
1604537706515779585
1604537699649458176
1604537596272553984
1604537595702038531
1604537606515183616
1604537584838909955
1604537719450783745
1604537623951085568
1604537694398578689
1604537723116732416
1604537694897311746
1604537625972465667
1604537612022194178
1604537602975051776
1604537726006460416
1604537615096619008
1604537602874433536
1604537535480614912
1604537621069561856
1604537613309853697
1604537582813069316
1604537676522192898
1604537722168901640
1604537662060527616
1604537665847558144
1604537695610421249
1604537731366912004
1604537716598865920
1604537709347110913
1604537660391002114
1604537607937196035
1604537740783079424
1604537612139696129
1604537702778445824
1604537625955532800
1604537628228993033
1604537738178531333
1604537737960226816
1604537562088869889
1604537628225081344
1604537670645841920
1604537631056035840
1604537688677154817
1604537676278902786
1604537525019844610
1604537610201960449
1604537750618640385
1604537642577698816
1604537645274578946
1604537645513728006
1604537573694660616
1604537680079065089
1604537730074939392
1604537749155057666
1604537753634381825
1604537742410633217
1604537655403991042
1604537764447387650
1604537637859053570
1604537673116368896
1604537702161989636
1604537576781594624
1604537581005574144
1604537699574370304
1604537737176309762
1604537729902997504
1604537761259823104
1604537765978423296
1604537726690279424
1604537671790915587
1604537733904756736
1604537695316877321
1604537685506289664
1604537737645658113
1604537768750751751
1604537749293666304
1604537721351032832
1604537669371170816
1604537743370883072
1604537760907304962
1604537631584292866
1604537724311965696
1604537634822709250
1604537681089896450
1604537776241889281
1604537720248102912
1604537707140620288
1604537696495763458
1604537719484399619
1604537683136892929
1604537735317839875
1604537654003273730
1604537782604554242
1604537704577892359
1604537793337778177
1604537654871457793
1604537787008499712
1604537687289073665
1604537740011352065
1604537773381541890
1604537731291688961
1604537789520805888
1604537796416647171
1604537714858131456
1604537739919122433
1604537679563354113
1604537488890109956
1604537700572332033
1604537710441426944
1604537737197101057
1604537775495290889
1604537795212500992
1604537704670060545
1604537796802199553
1604537696507944960
1604537742280605698
1604537743328956416
1604537758046986241
1604537772747923464
1604537746072256519
1604537709720125443
1604537808445923328
1604537804611911681
1604537712408637444
1604537747234263041
1604537803299250178
1604537815001440262
1604537627667230721
1604537705043759111
1604537813843656705
1604537728120475648
1604537779240722434
1604537725821911040
1604537762807431170
1604537819254267907
1604537732419592192
1604537653814497281
1604537818961051649
1604537823390228481
1604537721355399168
1604537824006459392
1604537800199733251
1604537710550880263
1604537747808858112
1604537733434712066
1604537756905897984
1604537734613303303
1604537778670555136
1604537750224617479
1604537673280294912
1604537709594542080
1604537713918676992
1604537729198354432
1604537727751688192
1604537747204554753
1604537751512023040
1604537791005728769
1604537703303114752
1604537788682375168
1604537831891664897
1604537726103076868
1604537689478688770
1604537779760898048
1604537769518575618
1604537749654179840
1604537595370815494
1604537746474733568
1604537840200609792
1604537846395592705
1604537764380278784
1604537736911691778
1604537798371033094
1604537775100928005
1604537770034089984
1604537854969143297
1604537847117410304
1604537847901716481
1604537775155560448
1604537844021612545
1604537856038428684
1604537619752402945
1604537704892731392
1604537676912369665
1604537859716816896
1604537824723619841
1604537780234846213
1604537861206061056
1604537761398136836
1604537762346139649
1604537764019675145
1604537784974336001
1604537868541915136
1604537869007142912
1604537787868397568
1604537688778051587
1604537779572346882
1604537800539672576
1604537786022912002
1604537815731015680
1604537863143579655
1604537735636582402
1604537864930398213
1604537638018744320
1604537875797778433
1604537694734143488
1604537868893896704
1604537878566010883
1604537843384143872
1604537873625059328
1604537767630761985
1604537876112609280
1604537871381463040
1604537811930976256
1604537879451017218
1604537796797943810
1604537806273249280
1604537788157739008
1604537824367333384
1604537810274615297
1604537877362262022
1604537828167368709
1604537736819625987
1604537736962396160
1604537803563585542
1604537890553626626
1604537815156547584
1604537776908939265
1604537779949559813
1604537743379685376
1604537746424725505
1604537883968536577
1604537881422204929
1604537793941671936
1604537898191032320
1604537852804534272
1604537694746443777
1604537891262459905
1604537890473902082
1604537838703443968
1604537825583824899
1604537817954238467
1604537896014323714
1604537852901089282
1604537812379848705
1604537904524468228
1604537822848946178
1604537765508653058
1604537880214659073
1604537833561235456
1604537901525504000
1604537841031077888
1604537904532901889
1604537856491413513
1604537912124936199
1604537915677220867
1604537887617613825
1604537888540065794
1604537772202655747
1604537886455513088
1604537897079607296
1604537845829570561
1604537873004371971
1604537869648875520
1604537908240601088
1604537741189844994
1604537840414724098
1604537879904063490
1604537923734421507
1604537924284198912
1604537881598779392
1604537913043128321
1604537920370745344
1604537881028354050
1604537807057321985
1604537759167045633
1604537925525553152
1604537763013230592
1604537924040634368
1604537932626268160
1604537852137820160
1604537890897264645
1604537866499117059
1604537861893951489
1604537882454155266
1604537850250264578
1604537925697703939
1604537819220701184
1604537919112450057
1604537901714481152
1604537939081429000
1604537859007868929
1604537904163946500
1604537930843754496
1604537905846046721
1604537930114125825
1604537933041528833
1604537934958714881
1604537946643697664
1604537799721582592
1604537875239866368
1604537940092264455
1604537876707913728
1604537892662935552
1604537939744026624
1604537941447016450
1604537951157116929
1604537945943609345
1604537868470218753
1604537926846623744
1604537883624448002
1604537939752517633
1604537830314635264
1604537893707747330
1604537917401088003
1604537920811139072
1604537875709972481
1604537951777705986
1604537951228428288
1604537958341672963
1604537822639054849
1604537960338059265
1604537953937752066
1604537955359784961
1604537954684264450
1604537965597827080
1604537960375934977
1604537879132266496
1604537966461714432
1604537910501335055
1604537967367815169
1604537908492439558
1604537905506123779
1604537942625484801
1604537802724495360
1604537881573625856
1604537956810854405
1604537963739811846
1604537971654512640
1604537969473638400
1604537936250273795
1604537904558002177
1604537896995782660
1604537885197115393
1604537925701578752
1604537979812421637
1604537969011990530
1604537870575886340
1604537977392209920
1604537979003080708
1604537870387392512
1604537916713160706
1604537982446407683
1604537911587880960
1604537896735805440
1604537961495904257
1604537979292495872
1604537988674879488
1604537995121643521
1604537994219868167
1604537993603080193
1604537862560546819
1604537986095280129
1604537822790111232
1604537929845686273
1604537990403002370
1604537989602086912
1604537960170508288
1604537998758285313
1604537998355349511
1604537995637706752
1604537988997943302
1604537971398565891
1604537993536077825
1604537999529631744
1604537993078796289
1604537997990703105
1604537992449691648
1604537985151946752
1604537923579219968
1604537999450054656
1604537875416350722
1604537996950347777
1604538003883495432
1604538003212230656
1604537997080559617
1604538006660161541
1604538008899883010
1604537951941263361
1604537987185795072
1604538007318568960
1604538012037152768
1604537965828603906
1604537971138404352
1604538005167177728
1604537990403039237
1604537850040823813
1604538016630206464
1604537910690193409
1604537966285553665
1604538018471505921
1604537956789649409
1604537893464178698
1604537967791730688
1604537912812400640
1604537975672635392
1604537947684016131
1604538018425360390
1604537914679037954
1604537983880683520
1604538006450348032
1604538026314502146
1604538009310961667
1604538027325284355
1604538033461932033
1604538031431720962
1604538036351557639
1604538028977954817
1604537962447769600
1604538035105841159
1604538029145612292
1604537981632925696
1604538007453065216
1604537920748064770
1604538042210873345
1604538000745959424
1604538041397399553
1604537896072986628
1604538026100609024
1604538034451410944
1604538044983390209
1604538046392803337
1604538042336874501
1604537900645089280
1604538045105000448
1604538034845777925
1604538057583169538
1604538051392421888
1604538055288930304
1604537983587127297
1604538052986150916
1604538015765843968
1604537910371692546
1604538056094404610
1604537918965420032
1604538056257609728
1604538030592851969
1604538051832717315
1604537996320968705
1604538059227267074
1604537977685872640
1604538021411430404
1604538070552002562
1604538011840000001
1604538045620969474
1604538059088748544
1604537957582622723
1604538064180764674
1604538009244033025
1604538009994481664
1604538068153040897
1604537963341156353
1604538024561299456
1604538016847929344
1604538070833197056
1604538075782164481
1604538072280059904
1604538072795729920
1604538070984187904
1604538073953406977
1604538055276331009
1604538076629458949
1604538083432701952
1604538019091951618
1604538038213783554
1604538043238535169
1604538055393742850
1604538080731402241
1604538090797690880
1604538049802956806
1604538064902070272
1604538081419329537
1604538094308724736
1604538089799667718
1604538059537920000
1604538096942399488
1604538092718735360
1604538094329688065
1604538095633833988
1604538094572539904
1604538077442998276
1604538092219768837
1604537964280786945
1604538031548948482
1604538043636932609
1604538057969082372
1604538071029911552
1604538089589702656
1604538097311662082
1604538092584673282
1604538094208053249
1604538096304984066
1604538095596032000
1604538095793233924
1604538102885715968
1604538071495479297
1604538102764097536
1604538096917237762
1604538045700546561
1604538067926163456
1604538075551612928
1604538090139295745
1604538108737105923
1604538104630870018
1604538087857848320
1604538110041559042
1604538110158815233
1604538104165322752
1604538106119880704
1604538115661496321
1604537981016186880
1604538092022644741
1604538113480888321
1604538062817607681
1604538084355616769
1604537988486238208
1604538127262965760
1604538090487414786
1604538112855654404
1604538116014051335
1604538118434078733
1604538095319203840
1604538066357481473
1604537997717753856
1604538126034038784
1604538131872567296
1604538121571696640
1604538070640267265
1604538101250007045
1604538120384413698
1604538075681636354
1604538122749980675
1604538117490343940
1604538114655260672
1604538128462643201
1604538128953483273
1604538143809470464
1604538132380229632
1604538122926424064
1604538133705474048
1604538129385406466
1604538131537006594
1604538136813617154
1604538151183486978
1604538137107365888
1604538155482632192
1604538155821998082
1604538133743390730
1604538048653701120
1604538150700781569
1604538020727660545
1604538148062580736
1604538141624324097
1604538140571717633
1604538136469520384
1604538147760508928
1604538148591382528
1604538144258301953
1604538148855218176
1604538147156672516
1604538150520557573
1604538148762943489
1604538153070891008
1604538147135635457
1604538141875900416
1604538081356529669
1604538151195873280
1604538151825207296
1604538158443483136
1604538147932610563
1604538176894341121
1604538174742593538
1604538162394828803
1604538160603709446
1604538073076875274
1604538150508179456
1604538156656693248
1604538163543810050
1604538162201907202
1604538172448309250
1604538161518227456
1604538156589555712
1604538181818400770
1604538166249000960
1604538099765501955
1604538160599687168
1604538164735250432
1604538169458036736
1604538167658283009
1604538159609434112
1604538184716763136
1604538170342883329
1604538166958063619
1604538168354959360
1604538167834841088
1604538166223835136
1604538168057147392
1604538172385660928
1604538169256513536
1604538178802962432
1604538165779390474
1604538189737336836
1604538179163258880
1604538180530683904
1604538166148730882
1604538178098016257
1604538046447177728
1604538062825869314
1604538182976131072
1604538184976588803
1604538181151428609
1604538178131542019
1604538203100262400
1604538190358282240
1604538191196848134
1604538187212357643
1604538194212491265
1604538180123795456
1604538194816819200
1604538207466672136
1604538195823267841
1604538205269032965
1604538194883743745
1604538188667699201
1604538190999990272
1604538198935228419
1604538212105322496
1604538202060382208
1604538192841031684
1604538202475225089
1604538193075834880
1604538196318093313
1604538204992212992
1604538205432602625
1604538215616192515
1604538183672365060
1604538206199980032
1604538195470737408
1604538203217661952
1604538193864724480
1604538193403006976
1604538204752777217
1604538103015694337
1604538209563660288
1604538224352927744
1604538205159686145
1604538219097456640
1604538214060113921
1604538198964649984
1604538209203003392
1604538211484606465
1604538214160764940
1604538228119285760
1604538228652277761
1604538211363016705
1604538231114141706
1604538203222208512
1604538225720270851
1604538233068703752
1604538229335916544
1604538233173315588
1604538208599289856
1604538227318132736
1604538232560943104
1604538210385891328
1604538234561765376
1604538206711681029
1604538235106996224
1604538211086127104
1604538224671477761
1604538235803279364
1604538235975245826
1604538233299161091
1604538223937458176
1604538234301599744
1604538216530550788
1604538225288437764
1604538240278859777
1604538240442171392
1604538228522246146
1604538239473303562
1604538229104836608
1604538237212565506
1604538231780831233
1604538235446874121
1604538238320119809
1604538236029878272
1604538241646211073
1604538238219456512
1604538243885977600
1604538232334696452
1604538241536839681
1604538236688293892
1604538243734589440
1604538241046048769
1604538241473994754
1604538245773041664
1604538221941035009
1604538245588582407
1604538248730116100
1604538240295485441
1604538251054026753
1604538252098248705
1604538251053760512
1604538242954846209
1604538250118455300
1604538248495304706
1604538248453361664
1604538251280191488
1604538254048444416
1604538253448597506
1604538257978466308
1604538258318393347
1604538231583752192
1604538247387807745
1604538259199397889
1604538260067213312
1604538253893591040
1604538138851889153
1604538256938471424
1604538264215359490
1604538264282484736
1604538264936861697
1604538191708504065
1604538262881800192
1604538235236978689
1604538270708277269
1604538271333130241
1604538270976593921
1604538272490799105
1604538248684244993
1604538269353615360
1604538268305031175
1604538269026308096
1604538276853223425
1604538277918302211
1604538275087396864
1604538274294398978
1604538276429189120
1604538277314564097
1604538282318385152
1604538280875155456
1604538286651117570
1604538289330868227
1604538285723885568
1604538290086023169
1604538188109910020
1604538297308647424
1604538296574558208
1604538251267784706
1604538299678445572
1604538287577767943
1604538300097773574
1604538275560968192
1604538300244672515
1604538300534251520
1604538260939673601
1604538304778698756
1604538306326196226
1604538281185935361
1604538303419940865
1604538307441876992
1604538310331838466
1604538311883767808
1604538314245042177
1604538288378974215
1604538309065293825
1604538315667132416
1604538318187659265
1604538318020313088
1604538318632386560
1604538233953562624
1604538320599621637
1604538323577745409
1604538324403863552
1604538318460538891
1604538324789493760
1604538325565673473
1604538325578428421
1604538325867511810
1604538327712993280
1604538328166338561
1604538329009197057
1604538329399181313
1604538330191994881
1604538331005870080
1604538333136158721
1604538333253849093
1604538333530673152
1604538334155608066
1604538335678136322
1604538335741022213
1604538336177160192
1604538338241048576
1604538337611591680
1604538339943907330
1604538340220768258
1604538342090997762
1604538341260636160
1604538326731476993
1604538346406977536
1604538345253588993
1604538345706643464
1604538347887943680
1604538347547987969
1604538348156116998
1604538347963092992
1604538336357634055
1604538349729058818
1604538350584619009
1604538351016869888
1604538352711086088
1604538352547483649
1604538353889644544
1604538354330062848
1604538354317819905
1604538354980175872
1604538355240390657
1604538355584114690
1604538356750483456
1604538358599798784
1604538359795286018
1604538360747409415
1604538360735072257
1604538361385033734
1604538362228281345
1604538362043326465
1604538363243020293
1604538363411038209
1604538358436605958
1604538367622119429
1604538368750133252
1604538366946873350
1604538341294329862
1604538341600501760
1604538372231680000
1604538372281798661
1604538374013865986
1604538377096896512
1604538377432227848
1604538377340350465
1604538377470345216
1604538377382293505
1604538378216669187
1604538374437703680
1604538378887712769
1604538379563339776
1604538381957943296
1604538357794611201
1604538382712901632
1604538362047746049
1604538379798024192
1604538387490230272
1604538383673327617
1604538388648001540
1604538390380130305
1604538390665433088
1604538391114448898
1604538393270034437
1604538393299337217
1604538394922868736
1604538394884902914
1604538392158474242
1604538396680294401
1604538399800430594
1604538398441721859
1604538400727408641
1604538399196532736
1604538401608310785
1604538399666614272
1604538404108124160
1604538403390861313
1604538407304183812
1604538408155713539
1604538409246146563
1604538409430794241
1604538410127036417
1604538409971851264
1604538396818386945
1604538414279233537
1604538415839449089
1604538416640806920
1604538417093672963
1604538418196893698
1604538419778293760
1604538420801454080
1604538407153065987
1604538422990966785
1604538420440727556
1604538423200694273
1604538424546861056
1604538424467156992
1604538424962306052
1604538421149671424
1604538426795360257
1604538426757455873
1604538426493124608
1604538427080380420
1604538428087226370
1604538415877349380
1604538428565110786
1604538430288846848
1604538430477803531
1604538431144857600
1604538431610056706
1604538431253745664
1604538423892914176
1604538434634518530
1604538436072849410
1604538436135813123
1604538437020913664
1604538437612216320
1604538439654785025
1604538439831113729
1604538441307676673
1604538442221703168
1604538443388059651
1604538444998266880
1604538445569077248
1604538446256537601
1604538446223003648
1604538447145885698
1604538449142616065
1604538449435975681
1604538451377983498
1604538451654631424
1604538452208295940
1604538454939176961
1604538455748403200
1604538455740272640
1604538455907786753
1604538456117575682
1604538456402796547
1604538457526779906
1604538454620008449
1604538459040976901
1604538459980529666
1604538459992993795
1604538462082039809
1604538462417596418
1604538464850124802
1604538465839853568
1604538466171179011
1604538466188288000
1604538467283009536
1604538468016586752
1604538469337993216
1604538470994628608
1604538471741276161
1604538471640666113
1604538473415053313
1604538474463301632
1604538475260170241
1604538476111839234
1604538476191285248
1604538477730832384
1604538478112407553
1604538478158835712
1604538478846365697
1604538479257571330
1604538480289349636
1604538480276537344
1604538481220661249
1604538482336079872
1604538482848059392
1604538483078414337
1604538483539836935
1604538484709916672
1604538484810661889
1604538485754535938
1604538485804777472
1604538485901230083
1604538488640180231
1604538489667723267
1604538490095443969
1604538490359844865
1604538492654075909
1604538493329461249
1604538496324362242
1604538496680882179
1604538496726597632
1604538496915423235
1604538496357748737
1604538497112559616
1604538497477533697
1604538497565687813
1604538498622623751
1604538495757950982
1604538502196199426
1604538503257198592
1604538507040538625
1604538507342626819
1604538509720973312
1604538509775310848
1604538509854916609
1604538511561871360
1604538512237133825
1604538504574279683
1604538512036237312
1604538514242428928
1604538515387461633
1604538515118866433
1604538516246908932
1604538517597454336
1604538518071414795
1604538517937324033
1604538519619358729
1604538519749160960
1604538522827837441
1604538521913548800
1604538520470700033
1604538523482292230
1604538520667705344
1604538521729077251
1604538522735882240
1604538524451360768
1604538525210546177
1604538514334531594
1604538525319581696
1604538514615373824
1604538527487852545
1604538530310537222
1604538530834907140
1604538531023654917
1604538532965634055
1604538533938880512
1604538539252731904
1604538539903008769
1604538527907459072
1604538542625280001
1604538542985687041
1604538543556083713
1604538543812009984
1604538544902377473
1604538544831320068
1604538547179991041
1604538549868666880
1604538551684763655
1604538552267657216
1604538552263516161
1604538552968413185
1604538553093873664
1604538553622568963
1604538554310217728
1604538554213838848
1604538554868195333
1604538543765917700
1604538558412464130
1604538559641387009
1604538559565807625
1604538559976857600
1604538559959994370
1604538560027054080
1604538560681373700
1604538561138565121
1604538561017294849
1604538563282243584
1604538563760209920
1604538563970101248
1604538566469718021
1604538567002390529
1604538569262972929
1604538569632075777
1604538569917435907
1604538570433212416
1604538570580013057
1604538570592595968
1604538572375068673
1604538575869075465
1604538576103829505
1604538576427159553
1604538577697656832
1604538579639640064
1604538582043066370
1604538583053893633
1604538586090860545
1604538586736758784
1604538586837225472
1604538586996826113
1604538587298422785
1604538591157358597
1604538591899787267
1604538591840985090
1604538592524922880
1604538595280269312
1604538596907634688
1604538596970463237
1604538596341731328
1604538597386125312
1604538597977509888
1604538598014926848
1604538597973102597
1604538598719635459
1604538599390822403
1604538599856164864
1604538600640872449
1604538601920147456
1604538603308167169
1604538604298162177
1604538604990083072
1604538605321740295
1604538605384237056
1604538606420316160
1604538607150186496
1604538608379375616
1604538608886730758
1604538608697823234
1604538609872564225
1604538608832102400
1604538611134668800
1604538612565123073
1604538590251433985
1604538611109879808
1604538612363988992
1604538611679916032
1604538615975280642
1604538615027023873
1604538615018684425
1604538616692330497
1604538615274426368
1604538619288502274
1604538620672675841
1604538620794130432
1604538620957835265
1604538622342205440
1604538623306919936
1604538624329936896
1604538625588432897
1604538625714167810
1604538626263613440
1604538625839996928
1604538627350237184
1604538628109045760
1604538628742320129
1604538629606588417
1604538629669486592
1604538631087177728
1604538631494008838
1604538632320286724
1604538611373744129
1604538637211045888
1604538637722390529
1604538638938902528
1604538639534460928
1604538640037715971
1604538641346433024
1604538641354612738
1604538642688397312
1604538646362832901
1604538644861263873
1604538643535626241
1604538645003653120
1604538643623936002
1604538649198354434
1604538649097277440
1604538650632622082
1604538651643645952
1604538653904351234
1604538629077946368
1604538656298975233
1604538657074995201
1604538657334927360
1604538657393852416
1604538657586675716
1604538660556361730
1604538660808200193
1604538661022109696
1604538662083088386
1604538662993084416
1604538662754066433
1604538663517540366
1604538663903416321
1604538663991660544
1604538664536662016
1604538666600132610
1604538667435020288
1604538668152152067
1604538668944744448
1604538669808828417
1604538670392152067
1604538670228582403
1604538670983548928
1604538672795160576
1604538672799703043
1604538672807673857
1604538673042804747
1604538673474707458
1604538671872577538
1604538674032803841
1604538674255126528
1604538674430894082
1604538674753855488
1604538676289179650
1604538677203333120
1604538677811625984
1604538681313869824
1604538683226435585
1604538683243302912
1604538684438724608
1604538684606664705
1604538684719747072
1604538685848178688
1604538685826875392
1604538687630344193
1604538687949111297
1604538688708308997
1604538688922275842
1604538689966702599
1604538690440921088
1604538693385076742
1604538694316204032
1604538697113735169
1604538697709506572
1604538698405552131
1604538698913107968
1604538699219206145
1604538699139747845
1604538700905455616
1604538700939300864
1604538701597376512
1604538701979127810
1604538702633762822
1604538703476506626
1604538704483078146
1604538704894345219
1604538705884372992
1604538707876405248
1604538708304314368
1604538708929269761
1604538711777062916
1604538681393418240
1604538709319495680
1604538711936335873
1604538713278742528
1604538715535073280
1604538716478967811
1604538716789346308
1604538716818739201
1604538717686755328
1604538717816905729
1604538718525673472
1604538721205768192
1604538721424265216
1604538723873746944
1604538723630080000
1604538724653469697
1604538723815022592
1604538724909715457
1604538726272700417
1604538727321063424
1604538699328258050
1604538729598779392
1604538729640898561
1604538729770717184
1604538731993735171
1604538733046308864
1604538732618448897
1604538732861919232
1604538733855924225
1604538733436583937
1604538733902143490
1604538734585724929
1604538705720401921
1604538705926098946
1604538735118499840
1604538735168716800
1604538741015683073
1604538742521221123
1604538743301734401
1604538743959867394
1604538744907870208
1604538745201786882
1604538746883702788
1604538747801960449
1604538747844022272
1604538747730759682
1604538748913725441
1604538749211508736
1604538749647327232
1604538750369157123
1604538750867865603
1604538752336072706
1604538753984479233
1604538754391326720
1604538754651156481
1604538755192606720
1604538757881135104
1604538758463897601
1604538758694674446
1604538759344787456
1604538760557133825
1604538763190976516
1604538765623496704
1604538765900255232
1604538766504386560
1604538767360286721
1604538769126064128
1604538770677960704
1604538771415900168
1604538771529207816
1604538771936092161
1604538742177693697
1604538774788227077
1604538774758871040
1604538775262138371
1604538774452584448
1604538775572545542
1604538776184766468
1604538777795702784
1604538779251134464
1604538779540148224
1604538784175083524
1604538785471074313
1604538786234662913
1604538786712621057
1604538787773546498
1604538786502676481
1604538787673296898
1604538789002588165
1604538790910955521
1604538793041825797
1604538793524068360
1604538794367418368
1604538794535014403
1604538795386454018
1604538795369680896
1604538797357600768
1604538769649987584
1604538805033218049
1604538805557415936
1604538806702862337
1604538807642112005
1604538808057630721
1604538810381000706
1604538809420746752
1604538814671622147
1604538817393860610
1604538817511407617
1604538818039775236
1604538819226673153
1604538785831997441
1604538821085138945
1604538824201494531
1604538825140731904
1604538826168598530
1604538826306867206
1604538827753676800
1604538828265504768
1604538828747833354
1604538829091635203
1604538827611176961
1604538829784117248
1604538831511949320
1604538832933658624
1604538832883441664
1604538835102322694
1604538835412652034
1604538838948499457
1604538841464901633
1604538841490247682
1604538842555498497
1604538842983251968
1604538842937053184
1604538844723953667
1604538845210476544
1604538844812017675
1604538846016065536
1604538847068827649
1604538847869575169
1604538847710572546
1604538848473931777
1604538848599580672
1604538850331721730
1604538851493416960
1604538851443122176
1604538851673849856
1604538852265320448
1604538852508827648
1604538853909487616
1604538855595446272
1604538857395048450
1604538857202278403
1604538858359508992
1604538823568166913
1604538861975216128
1604538865565720576
1604538863636172803
1604538866634891264
1604538868606304260
1604538868673437696
1604538869642190848
1604538869814550529
1604538869973626880
1604538871336706049
1604538871399780354
1604538871618088964
1604538872318369792
1604538873144549376
1604538874868518912
1604538874990059521
1604538878332768256
1604538879776026625
1604538879977164800
1604538883059748864
1604538882971684866
1604538884494618625
1604538884691746820
1604538886130122756
1604538886923124736
1604538887270936579
1604538886503415808
1604538889301008387
1604538890114797571
1604538890756538369
1604538891125628930
1604538891213889536
1604538892237119488
1604538892149198848
1604538893218766848
1604538896565444610
1604538898394189824
1604538899237203970
1604538900571381760
1604538901657522177
1604538902185918464
1604538902387515397
1604538903263846403
1604538903188320260
1604538904933060608
1604538906564874240
1604538906183335936
1604538909232435201
1604538910910078976
1604538913812619264
1604538911203610625
1604538911904174088
1604538911648542720
1604538913514999808
1604538911618760704
1604538916954333184
1604538918258589706
1604538918237765633
1604538918442962946
1604538918573162496
1604538919739133952
1604538920695304194
1604538921568063488
1604538921324519426
1604538922918449159
1604538922759249920
1604538924805853184
1604538925053542401
1604538928823816192
1604538929146957826
1604538929809702912
1604538932120924160
1604538932720734210
1604538935212138499
1604538935052357633
1604538936080142339
1604538939728990214
1604538940261773312
1604538941130121222
1604538941914243072
1604538942841409538
1604538943227064320
1604538944695447553
1604538905105252356
1604538944649035776
1604538947400761345
1604538948038033408
1604538947970904064
1604538948285796354
1604538947350040576
1604538949938069512
1604538950399688704
1604538951326375936
1604538951334649856
1604538952513642496
1604538953339752448
1604538952765022208
1604538954375495681
1604538955575480320
1604538955755462656
1604538957148323842
1604538957563572225
1604538957756338180
1604538958330834944
1604538959018827844
1604538959702495233
1604538959882645504
1604538960453271554
1604538961979969536
1604538962026037252
1604538921420988416
1604538963745808387
1604538964601229313
1604538964966363143
1604538968162283520
1604538967978037248
1604538926366089225
1604538969558904832
1604538971211587586
1604538971706384385
1604538971312295936
1604538973082230784
1604538975414153216
1604538975749689344
1604538977738194945
1604538978421686277
1604538978761310209
1604538978665132033
1604538978505555977
1604538979004862464
1604538981374316544
1604538982058315776
1604538983551213570
1604538985178890243
1604538986138963969
1604538986264793088
1604538987082878985
1604538988056178688
1604538988332691456
1604538989049962496
1604538989058445319
1604538990190743552
1604538991629389824
1604538992463970305
1604538994452226048
1604538994682896386
1604538995786264577
1604539000919691264
1604539001213710336
1604539001506893824
1604538959144845312
1604539002719293441
1604539005197897728
1604539005420597249
1604539006087475202
1604539005982298112
1604539006825504770
1604539006997626880
1604539008117542912
1604539008633249793
1604539011795763201
1604539013733306368
1604539011254607879
1604539010927726592
1604539013657935873
1604539011376336899
1604539014500974593
1604538972050530307
1604539015746682881
1604539020943532032
1604539023912882177
1604539025087266816
1604539025238691840
1604539025825546240
1604539026907992064
1604539028295913472
1604539028929273857
1604539029575192577
1604539030044934145
1604539030237913088
1604539032355999745
1604539032066981889
1604539033065259011
1604539033274548225
1604539033589121024
1604539033702408192
1604539034004512772
1604539034742788098
1604539034658918400
1604539035036401664
1604539035237900289
1604539038492508168
1604539038702125061
1604539039314485250
1604539039633539072
1604539040438505473
1604539041873072132
1604539044355981316
1604539045312626689
1604539045920378880
1604539047447531520
1604539049489866752
1604539050194571265
1604539050756407297
1604539054002798593
1604539054208344064
1604539055186006018
1604539015725817856
1604539058763563008
1604539060839751682
1604539061527580678
1604539062286696449
1604539062630612994
1604539064241225735
1604539065105276929
1604539065633751043
1604539024613543937
1604539067609124865
1604539025146011649
1604539067932168192
1604539068465172480
1604539068968214535
1604539071606292480
1604539071774093313
1604539072340496388
1604539073602801666
1604539073397370882
1604539075435716608
1604539075540795392
1604539075788427265
1604539075931013120
1604539076266168322
1604539078946406401
1604539079282274304
1604539080762597382
1604539081328836611
1604539081819656196
1604539083346386944
1604539083887235073
1604539085384830979
1604539085485674496
1604539086596984832
1604539088975327233
1604539089058930691
1604539090010918912
1604539091185717248
1604539092016189440
1604539092007456768
1604539092628566016
1604539092993470464
1604539093970345984
1604539095639793665
1604539096558292992
1604539097892388865
1604539098496131073
1604539098550657026
1604539101105254401
1604539100895350788
1604539101545345024
1604539101792702466
1604539102686482433
1604539103487590401
1604539107069366279
1604539107283042306
1604539107610619904
1604539107794976780
1604539110168748033
1604539109720166407
1604539111821529088
1604539111762976769
1604539112429481984
1604539113343950848
1604539113713065987
1604539114321321984
1604539117249114114
1604539117454376960
1604539118616076288
1604539119350304769
1604539121669529601
1604539121900220417
1604539123498246144
1604539123645448192
1604539125960699905
1604539085477056512
1604539130675068934
1604539130670485504
1604539132201431040
1604539133820407808
1604539135636619264
1604539137209487360
1604539142058147843
1604539142070730755
1604539143635206144
1604539143907786754
1604539144088457216
1604539144457179136
1604539144792842241
1604539146022051840
1604539146395348994
1604539147351248896
1604539148995420161
1604539108558241794
1604539149511294976
1604539150606434304
1604539151159889921
1604539152179003400
1604539152393175041
1604539155114889217
1604539155928977409
1604539153269813248
1604539153844256770
1604539153626062848
1604539155220135936
1604539157161844738
1604539157346254848
1604539157937807360
1604539157552173056
1604539158260768768
1604539158055120896
1604539158189330432
1604539159284273155
1604539159766568966
1604539159674499073
1604539160420765696
1604539162648084481
1604539165311258626
1604539165752033280
1604539168935198720
1604539169308557314
1604539169711202304
1604539170000703488
1604539170235371520
1604539170168647681
1604539171749564416
1604539171737157632
1604539172102053891
1604539172529864713
1604539172642963456
1604539175012864001
1604539176116158465
1604539175918788610
1604539177835663365
1604539177600573443
1604539177831657472
1604539177827069952
1604539178963697664
1604539179253108738
1604539179106459648
1604539140673916928
1604539180226322437
1604539183200374785
1604539182793244673
1604539183938297859
1604539183606992896
1604539186131910660
1604539186073153537
1604539186715197440
1604539186715017217
1604539186966577152
1604539186941292545
1604539189348925443
1604539192071028737
1604539192733847557
1604539192553488385
1604539194461782023
1604539194852139008
1604539196861198336
1604539197171175424
1604539198094168066
1604539198878658560
1604539199746891776
1604539199985750018
1604539201172787202
1604539204679213057
1604539204356169730
1604539205358850048
1604539205962862593
1604539206138839042
1604539206877204480
1604539209750122497
1604539211360522241
1604539212073664512
1604539212161753088
1604539214078832640
1604539215206834176
1604539215840251904
1604539218109140993
1604539219170725891
1604539220256870408
1604539220898746368
1604539220281917446
1604539221439545344
1604539221317849088
1604539221632491520
1604539222396141568
1604539222521962496
1604539223213674496
1604539223234813952
1604539224551817218
1604539225122213890
1604539226413887492
1604539228448325632
1604539238678073344
1604539204083466240
1604539239210721282
1604539221632491520
1604539211360522241
1604539215206834176
1604539212073664512
1604539214078832640
1604539218109140993
1604539221317849088
1604539215840251904
1604539223234813952
1604539212161753088
1604539209750122497
1604539220898746368
1604539234353913856
1604539235637280768
1604539228448325632
1604539212073664512
1604539223234813952
1604539209750122497
1604539218109140993
1604539220898746368
1604539220256870408
1604539215206834176
1604539221439545344
1604539214078832640
1604539219170725891
1604539215840251904
1604539221317849088
